,user_id,group_id,period
0,107,71,1996-05
1,536,71,1996-05
2,40,732,1996-05
3,99,732,1996-05
4,107,732,1996-05
5,107,68,1996-05
6,130,68,1996-05
7,40,734,1996-05
8,99,734,1996-05
9,353,734,1996-05
10,35,621,1996-05
11,107,621,1996-05
12,429,621,1996-05
13,468,621,1996-05
14,107,69,1996-05
15,134,69,1996-05
16,35,622,1996-05
17,40,622,1996-05
18,107,622,1996-05
19,107,70,1996-05
20,136,70,1996-05
21,40,724,1996-05
22,107,724,1996-05
23,35,620,1996-05
24,107,620,1996-05
25,136,133,1996-05
26,284,133,1996-05
27,40,727,1996-05
28,191,727,1996-05
29,353,727,1996-05
30,40,733,1996-05
31,99,733,1996-05
32,191,733,1996-05
33,353,633,1996-05
34,444,633,1996-05
35,604,633,1996-05
36,191,287,1996-05
37,284,287,1996-05
38,353,287,1996-05
39,40,729,1996-05
40,353,729,1996-05
41,40,728,1996-05
42,191,728,1996-05
43,444,728,1996-05
44,35,624,1996-05
45,429,624,1996-05
46,536,624,1996-05
47,40,730,1996-05
48,536,730,1996-05
49,99,1238,1996-05
50,191,1238,1996-05
51,353,1238,1996-05
52,99,1236,1996-05
53,136,1236,1996-05
54,353,1236,1996-05
55,35,625,1996-05
56,99,625,1996-05
57,429,625,1996-05
58,99,1240,1996-05
59,284,1240,1996-05
60,353,1240,1996-05
61,284,507,1996-05
62,353,507,1996-05
63,99,1241,1996-05
64,353,1241,1996-05
65,99,1243,1996-05
66,536,1243,1996-05
67,136,137,1996-05
68,536,137,1996-05
69,99,1235,1996-05
70,136,1235,1996-05
71,353,632,1996-05
72,444,632,1996-05
73,353,631,1996-05
74,436,631,1996-05
75,99,1239,1996-05
76,284,1239,1996-05
77,134,131,1996-05
78,429,131,1996-05
79,468,131,1996-05
80,429,780,1996-05
81,468,780,1996-05
82,99,1237,1996-05
83,191,1237,1996-05
84,35,623,1996-05
85,429,623,1996-05
86,136,135,1996-05
87,429,135,1996-05
88,99,1234,1996-05
89,130,1234,1996-05
90,191,289,1996-05
91,444,289,1996-05
92,191,288,1996-05
93,353,288,1996-05
94,136,134,1996-05
95,353,134,1996-05
96,40,731,1996-05
97,99,731,1996-05
98,40,726,1996-05
99,191,726,1996-05
100,284,509,1996-05
101,536,509,1996-05
102,99,1242,1996-05
103,429,1242,1996-05
104,136,136,1996-05
105,468,136,1996-05
106,40,725,1996-05
107,136,725,1996-05
108,284,508,1996-05
109,429,508,1996-05
110,109,75,1996-08
111,162,75,1996-08
112,179,75,1996-08
113,455,75,1996-08
114,476,75,1996-08
115,486,75,1996-08
116,498,75,1996-08
117,512,75,1996-08
118,38,651,1996-08
119,109,651,1996-08
120,176,651,1996-08
121,179,651,1996-08
122,229,651,1996-08
123,447,651,1996-08
124,486,651,1996-08
125,498,651,1996-08
126,512,651,1996-08
127,574,651,1996-08
128,588,651,1996-08
129,602,651,1996-08
130,109,81,1996-08
131,179,81,1996-08
132,486,81,1996-08
133,498,81,1996-08
134,512,81,1996-08
135,541,81,1996-08
136,584,81,1996-08
137,592,81,1996-08
138,109,80,1996-08
139,179,80,1996-08
140,486,80,1996-08
141,498,80,1996-08
142,512,80,1996-08
143,176,231,1996-08
144,455,231,1996-08
145,512,231,1996-08
146,574,231,1996-08
147,588,231,1996-08
148,602,231,1996-08
149,56,1009,1996-08
150,235,1009,1996-08
151,349,1009,1996-08
152,411,1009,1996-08
153,455,1009,1996-08
154,485,1009,1996-08
155,512,1009,1996-08
156,592,1009,1996-08
157,46,864,1996-08
158,176,864,1996-08
159,512,864,1996-08
160,574,864,1996-08
161,588,864,1996-08
162,592,864,1996-08
163,602,864,1996-08
164,176,234,1996-08
165,512,234,1996-08
166,574,234,1996-08
167,588,234,1996-08
168,602,234,1996-08
169,38,652,1996-08
170,176,652,1996-08
171,229,652,1996-08
172,476,652,1996-08
173,486,652,1996-08
174,498,652,1996-08
175,512,652,1996-08
176,588,652,1996-08
177,602,652,1996-08
178,476,919,1996-08
179,486,919,1996-08
180,498,919,1996-08
181,512,919,1996-08
182,541,919,1996-08
183,592,919,1996-08
184,476,918,1996-08
185,486,918,1996-08
186,498,918,1996-08
187,512,918,1996-08
188,38,658,1996-08
189,46,658,1996-08
190,176,658,1996-08
191,229,658,1996-08
192,486,658,1996-08
193,498,658,1996-08
194,512,658,1996-08
195,541,658,1996-08
196,588,658,1996-08
197,592,658,1996-08
198,602,658,1996-08
199,38,653,1996-08
200,176,653,1996-08
201,229,653,1996-08
202,486,653,1996-08
203,498,653,1996-08
204,512,653,1996-08
205,588,653,1996-08
206,602,653,1996-08
207,486,940,1996-08
208,498,940,1996-08
209,512,940,1996-08
210,541,940,1996-08
211,592,940,1996-08
212,486,939,1996-08
213,498,939,1996-08
214,512,939,1996-08
215,46,862,1996-08
216,176,862,1996-08
217,242,862,1996-08
218,512,862,1996-08
219,588,862,1996-08
220,592,862,1996-08
221,602,862,1996-08
222,46,865,1996-08
223,176,865,1996-08
224,512,865,1996-08
225,588,865,1996-08
226,592,865,1996-08
227,602,865,1996-08
228,176,236,1996-08
229,512,236,1996-08
230,588,236,1996-08
231,602,236,1996-08
232,512,985,1996-08
233,592,985,1996-08
234,229,371,1996-08
235,385,371,1996-08
236,486,371,1996-08
237,498,371,1996-08
238,192,290,1996-08
239,235,290,1996-08
240,411,290,1996-08
241,485,290,1996-08
242,486,290,1996-08
243,498,290,1996-08
244,584,290,1996-08
245,592,290,1996-08
246,229,377,1996-08
247,486,377,1996-08
248,498,377,1996-08
249,584,377,1996-08
250,592,377,1996-08
251,486,943,1996-08
252,498,943,1996-08
253,584,943,1996-08
254,592,943,1996-08
255,142,150,1996-08
256,235,150,1996-08
257,411,150,1996-08
258,485,150,1996-08
259,592,150,1996-08
260,235,396,1996-08
261,411,396,1996-08
262,485,396,1996-08
263,592,396,1996-08
264,229,378,1996-08
265,486,378,1996-08
266,498,378,1996-08
267,592,378,1996-08
268,229,376,1996-08
269,486,376,1996-08
270,498,376,1996-08
271,486,944,1996-08
272,498,944,1996-08
273,592,944,1996-08
274,102,48,1996-08
275,109,48,1996-08
276,411,48,1996-08
277,486,48,1996-08
278,512,48,1996-08
279,109,82,1996-08
280,229,82,1996-08
281,447,82,1996-08
282,486,82,1996-08
283,512,82,1996-08
284,588,82,1996-08
285,602,82,1996-08
286,109,87,1996-08
287,486,87,1996-08
288,512,87,1996-08
289,142,151,1996-08
290,242,151,1996-08
291,411,151,1996-08
292,512,151,1996-08
293,588,151,1996-08
294,602,151,1996-08
295,229,368,1996-08
296,242,368,1996-08
297,486,368,1996-08
298,512,368,1996-08
299,588,368,1996-08
300,602,368,1996-08
301,229,379,1996-08
302,486,379,1996-08
303,512,379,1996-08
304,588,379,1996-08
305,602,379,1996-08
306,242,424,1996-08
307,512,424,1996-08
308,588,424,1996-08
309,602,424,1996-08
310,142,147,1996-08
311,229,147,1996-08
312,411,147,1996-08
313,486,147,1996-08
314,8,1187,1996-08
315,38,1187,1996-08
316,162,1187,1996-08
317,314,1187,1996-08
318,455,1187,1996-08
319,512,1187,1996-08
320,602,1187,1996-08
321,162,192,1996-08
322,235,192,1996-08
323,411,192,1996-08
324,444,192,1996-08
325,455,192,1996-08
326,512,192,1996-08
327,162,196,1996-08
328,455,196,1996-08
329,512,196,1996-08
330,142,149,1996-08
331,235,149,1996-08
332,411,149,1996-08
333,455,149,1996-08
334,512,149,1996-08
335,602,149,1996-08
336,455,852,1996-08
337,512,852,1996-08
338,602,852,1996-08
339,235,395,1996-08
340,411,395,1996-08
341,455,395,1996-08
342,512,395,1996-08
343,455,851,1996-08
344,512,851,1996-08
345,142,148,1996-08
346,235,148,1996-08
347,411,148,1996-08
348,142,153,1996-08
349,411,153,1996-08
350,512,153,1996-08
351,602,153,1996-08
352,411,759,1996-08
353,512,759,1996-08
354,142,152,1996-08
355,411,152,1996-08
356,176,218,1996-08
357,179,218,1996-08
358,229,218,1996-08
359,314,218,1996-08
360,385,218,1996-08
361,476,218,1996-08
362,486,218,1996-08
363,602,218,1996-08
364,179,253,1996-08
365,476,253,1996-08
366,486,253,1996-08
367,584,253,1996-08
368,592,253,1996-08
369,179,252,1996-08
370,476,252,1996-08
371,486,252,1996-08
372,176,219,1996-08
373,179,219,1996-08
374,229,219,1996-08
375,486,219,1996-08
376,584,219,1996-08
377,592,219,1996-08
378,602,219,1996-08
379,176,220,1996-08
380,179,220,1996-08
381,229,220,1996-08
382,486,220,1996-08
383,602,220,1996-08
384,179,259,1996-08
385,486,259,1996-08
386,584,259,1996-08
387,592,259,1996-08
388,176,229,1996-08
389,273,229,1996-08
390,592,229,1996-08
391,602,229,1996-08
392,176,222,1996-08
393,229,222,1996-08
394,476,222,1996-08
395,486,222,1996-08
396,592,222,1996-08
397,602,222,1996-08
398,176,223,1996-08
399,229,223,1996-08
400,476,223,1996-08
401,486,223,1996-08
402,602,223,1996-08
403,476,920,1996-08
404,486,920,1996-08
405,592,920,1996-08
406,476,917,1996-08
407,486,917,1996-08
408,176,224,1996-08
409,229,224,1996-08
410,486,224,1996-08
411,592,224,1996-08
412,602,224,1996-08
413,176,225,1996-08
414,229,225,1996-08
415,486,225,1996-08
416,602,225,1996-08
417,176,242,1996-08
418,592,242,1996-08
419,602,242,1996-08
420,229,372,1996-08
421,385,372,1996-08
422,486,372,1996-08
423,584,372,1996-08
424,592,372,1996-08
425,229,370,1996-08
426,385,370,1996-08
427,486,370,1996-08
428,229,380,1996-08
429,486,380,1996-08
430,584,380,1996-08
431,592,380,1996-08
432,229,381,1996-08
433,486,381,1996-08
434,592,381,1996-08
435,229,382,1996-08
436,486,382,1996-08
437,602,382,1996-08
438,229,375,1996-08
439,486,375,1996-08
440,314,555,1996-08
441,602,555,1996-08
442,56,1006,1996-08
443,102,1006,1996-08
444,512,1006,1996-08
445,584,1006,1996-08
446,14,138,1996-08
447,176,138,1996-08
448,512,138,1996-08
449,574,138,1996-08
450,584,138,1996-08
451,602,138,1996-08
452,56,1007,1996-08
453,176,1007,1996-08
454,242,1007,1996-08
455,512,1007,1996-08
456,574,1007,1996-08
457,602,1007,1996-08
458,56,1014,1996-08
459,512,1014,1996-08
460,176,235,1996-08
461,512,235,1996-08
462,574,235,1996-08
463,602,235,1996-08
464,176,226,1996-08
465,242,226,1996-08
466,512,226,1996-08
467,602,226,1996-08
468,176,237,1996-08
469,512,237,1996-08
470,602,237,1996-08
471,102,49,1996-08
472,242,49,1996-08
473,512,49,1996-08
474,602,49,1996-08
475,102,50,1996-08
476,512,50,1996-08
477,242,425,1996-08
478,512,425,1996-08
479,602,425,1996-08
480,176,240,1996-08
481,584,240,1996-08
482,602,240,1996-08
483,176,243,1996-08
484,602,243,1996-08
485,8,1188,1996-08
486,38,1188,1996-08
487,512,1188,1996-08
488,588,1188,1996-08
489,602,1188,1996-08
490,38,659,1996-08
491,46,659,1996-08
492,394,659,1996-08
493,512,659,1996-08
494,541,659,1996-08
495,588,659,1996-08
496,602,659,1996-08
497,46,860,1996-08
498,142,860,1996-08
499,512,860,1996-08
500,588,860,1996-08
501,602,860,1996-08
502,38,660,1996-08
503,46,660,1996-08
504,512,660,1996-08
505,541,660,1996-08
506,588,660,1996-08
507,602,660,1996-08
508,38,662,1996-08
509,512,662,1996-08
510,588,662,1996-08
511,602,662,1996-08
512,512,981,1996-08
513,541,981,1996-08
514,46,896,1996-08
515,512,896,1996-08
516,588,896,1996-08
517,602,896,1996-08
518,142,160,1996-08
519,512,160,1996-08
520,588,160,1996-08
521,602,160,1996-08
522,512,984,1996-08
523,588,984,1996-08
524,602,984,1996-08
525,8,1186,1996-08
526,38,1186,1996-08
527,142,1186,1996-08
528,512,1186,1996-08
529,602,1186,1996-08
530,8,1189,1996-08
531,38,1189,1996-08
532,512,1189,1996-08
533,602,1189,1996-08
534,38,663,1996-08
535,512,663,1996-08
536,602,663,1996-08
537,142,161,1996-08
538,512,161,1996-08
539,602,161,1996-08
540,447,819,1996-08
541,476,819,1996-08
542,498,819,1996-08
543,574,819,1996-08
544,588,819,1996-08
545,46,882,1996-08
546,447,882,1996-08
547,498,882,1996-08
548,574,882,1996-08
549,588,882,1996-08
550,592,882,1996-08
551,447,823,1996-08
552,498,823,1996-08
553,574,823,1996-08
554,588,823,1996-08
555,46,859,1996-08
556,142,859,1996-08
557,273,859,1996-08
558,574,859,1996-08
559,588,859,1996-08
560,592,859,1996-08
561,46,900,1996-08
562,574,900,1996-08
563,588,900,1996-08
564,592,900,1996-08
565,574,1050,1996-08
566,588,1050,1996-08
567,46,884,1996-08
568,476,884,1996-08
569,498,884,1996-08
570,588,884,1996-08
571,592,884,1996-08
572,476,922,1996-08
573,498,922,1996-08
574,588,922,1996-08
575,476,923,1996-08
576,498,923,1996-08
577,592,923,1996-08
578,476,921,1996-08
579,498,921,1996-08
580,46,894,1996-08
581,498,894,1996-08
582,588,894,1996-08
583,592,894,1996-08
584,498,964,1996-08
585,588,964,1996-08
586,46,904,1996-08
587,588,904,1996-08
588,592,904,1996-08
589,142,159,1996-08
590,498,159,1996-08
591,592,159,1996-08
592,142,164,1996-08
593,592,164,1996-08
594,142,154,1996-08
595,447,154,1996-08
596,588,154,1996-08
597,447,826,1996-08
598,588,826,1996-08
599,46,861,1996-08
600,142,861,1996-08
601,588,861,1996-08
602,46,903,1996-08
603,588,903,1996-08
604,142,163,1996-08
605,588,163,1996-08
606,179,254,1996-08
607,485,254,1996-08
608,486,254,1996-08
609,498,254,1996-08
610,541,254,1996-08
611,584,254,1996-08
612,179,257,1996-08
613,486,257,1996-08
614,498,257,1996-08
615,541,257,1996-08
616,584,257,1996-08
617,179,256,1996-08
618,486,256,1996-08
619,498,256,1996-08
620,142,156,1996-08
621,485,156,1996-08
622,486,156,1996-08
623,498,156,1996-08
624,584,156,1996-08
625,485,929,1996-08
626,486,929,1996-08
627,498,929,1996-08
628,584,929,1996-08
629,486,942,1996-08
630,498,942,1996-08
631,584,942,1996-08
632,142,155,1996-08
633,485,155,1996-08
634,142,157,1996-08
635,486,157,1996-08
636,179,258,1996-08
637,486,258,1996-08
638,584,258,1996-08
639,179,255,1996-08
640,486,255,1996-08
641,142,162,1996-08
642,541,162,1996-08
643,142,158,1996-08
644,498,158,1996-08
645,8,1198,1996-08
646,498,1198,1996-08
647,56,1010,1996-08
648,235,1010,1996-08
649,498,1010,1996-08
650,584,1010,1996-08
651,592,1010,1996-08
652,46,893,1996-08
653,498,893,1996-08
654,584,893,1996-08
655,592,893,1996-08
656,46,899,1996-08
657,56,899,1996-08
658,235,899,1996-08
659,273,899,1996-08
660,592,899,1996-08
661,56,1011,1996-08
662,235,1011,1996-08
663,592,1011,1996-08
664,235,401,1996-08
665,498,401,1996-08
666,584,401,1996-08
667,592,401,1996-08
668,498,963,1996-08
669,584,963,1996-08
670,592,963,1996-08
671,8,1183,1996-08
672,235,1183,1996-08
673,46,875,1996-08
674,273,875,1996-08
675,498,875,1996-08
676,592,875,1996-08
677,192,291,1996-08
678,349,291,1996-08
679,485,291,1996-08
680,498,291,1996-08
681,541,291,1996-08
682,584,291,1996-08
683,349,618,1996-08
684,485,618,1996-08
685,192,293,1996-08
686,485,293,1996-08
687,498,293,1996-08
688,584,293,1996-08
689,485,930,1996-08
690,498,930,1996-08
691,541,930,1996-08
692,584,930,1996-08
693,498,960,1996-08
694,541,960,1996-08
695,584,960,1996-08
696,485,931,1996-08
697,498,931,1996-08
698,584,931,1996-08
699,8,1181,1996-08
700,176,1181,1996-08
701,46,866,1996-08
702,176,866,1996-08
703,584,866,1996-08
704,592,866,1996-08
705,46,863,1996-08
706,176,863,1996-08
707,485,863,1996-08
708,592,863,1996-08
709,46,867,1996-08
710,176,867,1996-08
711,592,867,1996-08
712,192,295,1996-08
713,485,295,1996-08
714,584,295,1996-08
715,592,295,1996-08
716,485,937,1996-08
717,592,937,1996-08
718,176,239,1996-08
719,584,239,1996-08
720,592,239,1996-08
721,8,1195,1996-08
722,46,1195,1996-08
723,584,1195,1996-08
724,592,1195,1996-08
725,56,1008,1996-08
726,192,1008,1996-08
727,411,1008,1996-08
728,486,1008,1996-08
729,541,1008,1996-08
730,584,1008,1996-08
731,592,1008,1996-08
732,486,948,1996-08
733,541,948,1996-08
734,584,948,1996-08
735,592,948,1996-08
736,56,1012,1996-08
737,411,1012,1996-08
738,592,1012,1996-08
739,486,949,1996-08
740,541,949,1996-08
741,592,949,1996-08
742,192,292,1996-08
743,411,292,1996-08
744,486,292,1996-08
745,584,292,1996-08
746,592,292,1996-08
747,486,951,1996-08
748,584,951,1996-08
749,592,951,1996-08
750,486,947,1996-08
751,541,947,1996-08
752,584,947,1996-08
753,56,1017,1996-08
754,584,1017,1996-08
755,592,1017,1996-08
756,56,1018,1996-08
757,592,1018,1996-08
758,56,1016,1996-08
759,584,1016,1996-08
760,192,296,1996-08
761,541,296,1996-08
762,584,296,1996-08
763,192,298,1996-08
764,584,298,1996-08
765,592,298,1996-08
766,8,1196,1996-08
767,476,1196,1996-08
768,411,751,1996-08
769,476,751,1996-08
770,485,751,1996-08
771,541,751,1996-08
772,584,751,1996-08
773,46,898,1996-08
774,541,898,1996-08
775,584,898,1996-08
776,46,879,1996-08
777,411,879,1996-08
778,485,879,1996-08
779,46,885,1996-08
780,476,885,1996-08
781,541,885,1996-08
782,411,753,1996-08
783,485,753,1996-08
784,584,753,1996-08
785,411,752,1996-08
786,485,752,1996-08
787,8,1190,1996-08
788,411,1190,1996-08
789,8,1193,1996-08
790,46,1193,1996-08
791,541,1193,1996-08
792,46,897,1996-08
793,541,897,1996-08
794,485,935,1996-08
795,541,935,1996-08
796,584,935,1996-08
797,8,1192,1996-08
798,46,1192,1996-08
799,485,1192,1996-08
800,584,1192,1996-08
801,8,1194,1996-08
802,46,1194,1996-08
803,584,1194,1996-08
804,8,1191,1996-08
805,46,1191,1996-08
806,8,1180,1996-08
807,170,1180,1996-08
808,179,1180,1996-08
809,229,1180,1996-08
810,179,247,1996-08
811,229,247,1996-08
812,109,76,1996-08
813,162,76,1996-08
814,235,76,1996-08
815,411,76,1996-08
816,498,76,1996-08
817,109,77,1996-08
818,162,77,1996-08
819,498,77,1996-08
820,109,88,1996-08
821,498,88,1996-08
822,235,397,1996-08
823,411,397,1996-08
824,498,397,1996-08
825,162,191,1996-08
826,235,191,1996-08
827,411,191,1996-08
828,235,394,1996-08
829,411,394,1996-08
830,235,400,1996-08
831,498,400,1996-08
832,179,248,1996-08
833,235,248,1996-08
834,349,248,1996-08
835,584,248,1996-08
836,235,393,1996-08
837,349,393,1996-08
838,179,249,1996-08
839,243,249,1996-08
840,584,249,1996-08
841,349,619,1996-08
842,584,619,1996-08
843,179,251,1996-08
844,349,251,1996-08
845,507,251,1996-08
846,179,250,1996-08
847,349,250,1996-08
848,235,391,1996-08
849,243,391,1996-08
850,235,398,1996-08
851,476,398,1996-08
852,584,398,1996-08
853,592,398,1996-08
854,273,488,1996-08
855,476,488,1996-08
856,584,488,1996-08
857,592,488,1996-08
858,476,926,1996-08
859,584,926,1996-08
860,592,926,1996-08
861,46,874,1996-08
862,273,874,1996-08
863,476,874,1996-08
864,592,874,1996-08
865,46,887,1996-08
866,476,887,1996-08
867,592,887,1996-08
868,273,489,1996-08
869,476,489,1996-08
870,592,489,1996-08
871,476,927,1996-08
872,592,927,1996-08
873,46,870,1996-08
874,235,870,1996-08
875,273,870,1996-08
876,584,870,1996-08
877,592,870,1996-08
878,46,871,1996-08
879,235,871,1996-08
880,273,871,1996-08
881,592,871,1996-08
882,235,403,1996-08
883,584,403,1996-08
884,592,403,1996-08
885,273,492,1996-08
886,584,492,1996-08
887,592,492,1996-08
888,46,877,1996-08
889,273,877,1996-08
890,592,877,1996-08
891,273,494,1996-08
892,592,494,1996-08
893,46,902,1996-08
894,584,902,1996-08
895,592,902,1996-08
896,46,886,1996-08
897,476,886,1996-08
898,584,886,1996-08
899,46,883,1996-08
900,476,883,1996-08
901,235,402,1996-08
902,584,402,1996-08
903,411,756,1996-08
904,486,756,1996-08
905,498,756,1996-08
906,541,756,1996-08
907,411,755,1996-08
908,486,755,1996-08
909,498,755,1996-08
910,243,430,1996-08
911,486,430,1996-08
912,498,430,1996-08
913,541,430,1996-08
914,486,941,1996-08
915,498,941,1996-08
916,541,941,1996-08
917,486,938,1996-08
918,498,938,1996-08
919,498,959,1996-08
920,541,959,1996-08
921,411,757,1996-08
922,486,757,1996-08
923,541,757,1996-08
924,411,754,1996-08
925,486,754,1996-08
926,486,946,1996-08
927,541,946,1996-08
928,243,427,1996-08
929,411,427,1996-08
930,498,427,1996-08
931,411,758,1996-08
932,498,758,1996-08
933,243,432,1996-08
934,498,432,1996-08
935,46,869,1996-08
936,229,869,1996-08
937,584,869,1996-08
938,46,873,1996-08
939,273,873,1996-08
940,411,873,1996-08
941,46,868,1996-08
942,229,868,1996-08
943,229,374,1996-08
944,411,374,1996-08
945,584,374,1996-08
946,229,373,1996-08
947,411,373,1996-08
948,229,369,1996-08
949,273,369,1996-08
950,584,369,1996-08
951,229,383,1996-08
952,584,383,1996-08
953,46,880,1996-08
954,411,880,1996-08
955,584,880,1996-08
956,46,878,1996-08
957,411,878,1996-08
958,46,876,1996-08
959,273,876,1996-08
960,584,876,1996-08
961,273,491,1996-08
962,584,491,1996-08
963,46,872,1996-08
964,273,872,1996-08
965,485,933,1996-08
966,512,933,1996-08
967,584,933,1996-08
968,485,934,1996-08
969,512,934,1996-08
970,602,934,1996-08
971,485,932,1996-08
972,512,932,1996-08
973,512,983,1996-08
974,584,983,1996-08
975,602,983,1996-08
976,512,982,1996-08
977,584,982,1996-08
978,512,986,1996-08
979,602,986,1996-08
980,243,428,1996-08
981,485,428,1996-08
982,584,428,1996-08
983,176,221,1996-08
984,192,221,1996-08
985,584,221,1996-08
986,176,238,1996-08
987,584,238,1996-08
988,242,421,1996-08
989,273,421,1996-08
990,512,421,1996-08
991,242,422,1996-08
992,486,422,1996-08
993,512,422,1996-08
994,486,945,1996-08
995,512,945,1996-08
996,8,1182,1996-08
997,192,1182,1996-08
998,485,1182,1996-08
999,584,1182,1996-08
1000,192,294,1996-08
1001,485,294,1996-08
1002,584,294,1996-08
1003,8,1197,1996-08
1004,485,1197,1996-08
1005,584,1197,1996-08
1006,8,1200,1996-08
1007,584,1200,1996-08
1008,192,297,1996-08
1009,584,297,1996-08
1010,102,51,1996-08
1011,588,51,1996-08
1012,38,664,1996-08
1013,588,664,1996-08
1014,273,493,1996-08
1015,588,493,1996-08
1016,14,139,1996-08
1017,46,139,1996-08
1018,447,139,1996-08
1019,486,139,1996-08
1020,46,890,1996-08
1021,486,890,1996-08
1022,46,881,1996-08
1023,447,881,1996-08
1024,447,821,1996-08
1025,486,821,1996-08
1026,584,821,1996-08
1027,602,821,1996-08
1028,447,822,1996-08
1029,486,822,1996-08
1030,602,822,1996-08
1031,486,952,1996-08
1032,584,952,1996-08
1033,602,952,1996-08
1034,486,955,1996-08
1035,602,955,1996-08
1036,584,1077,1996-08
1037,602,1077,1996-08
1038,162,195,1996-08
1039,411,195,1996-08
1040,541,195,1996-08
1041,584,195,1996-08
1042,411,761,1996-08
1043,541,761,1996-08
1044,584,761,1996-08
1045,162,194,1996-08
1046,411,194,1996-08
1047,411,760,1996-08
1048,541,760,1996-08
1049,411,762,1996-08
1050,584,762,1996-08
1051,109,85,1996-08
1052,411,85,1996-08
1053,592,85,1996-08
1054,109,79,1996-08
1055,176,79,1996-08
1056,592,79,1996-08
1057,109,78,1996-08
1058,176,78,1996-08
1059,109,90,1996-08
1060,592,90,1996-08
1061,176,230,1996-08
1062,411,230,1996-08
1063,592,230,1996-08
1064,411,763,1996-08
1065,592,763,1996-08
1066,109,84,1996-08
1067,411,84,1996-08
1068,109,74,1996-08
1069,162,74,1996-08
1070,498,961,1996-08
1071,574,961,1996-08
1072,56,1013,1996-08
1073,498,1013,1996-08
1074,38,656,1996-08
1075,385,656,1996-08
1076,385,673,1996-08
1077,411,673,1996-08
1078,38,657,1996-08
1079,411,657,1996-08
1080,8,1199,1996-08
1081,512,1199,1996-08
1082,242,423,1996-08
1083,512,423,1996-08
1084,162,198,1996-08
1085,476,198,1996-08
1086,584,198,1996-08
1087,162,197,1996-08
1088,476,197,1996-08
1089,476,925,1996-08
1090,584,925,1996-08
1091,162,199,1996-08
1092,584,199,1996-08
1093,109,86,1996-08
1094,447,86,1996-08
1095,512,86,1996-08
1096,109,89,1996-08
1097,512,89,1996-08
1098,46,889,1996-08
1099,485,889,1996-08
1100,584,889,1996-08
1101,46,888,1996-08
1102,485,888,1996-08
1103,485,936,1996-08
1104,584,936,1996-08
1105,235,390,1996-08
1106,242,390,1996-08
1107,602,390,1996-08
1108,235,405,1996-08
1109,602,405,1996-08
1110,242,426,1996-08
1111,602,426,1996-08
1112,176,228,1996-08
1113,273,228,1996-08
1114,486,228,1996-08
1115,273,490,1996-08
1116,486,490,1996-08
1117,385,675,1996-08
1118,602,675,1996-08
1119,46,895,1996-08
1120,498,895,1996-08
1121,592,895,1996-08
1122,498,965,1996-08
1123,592,965,1996-08
1124,46,905,1996-08
1125,592,905,1996-08
1126,8,1185,1996-08
1127,38,1185,1996-08
1128,8,1184,1996-08
1129,273,1184,1996-08
1130,447,824,1996-08
1131,541,824,1996-08
1132,447,818,1996-08
1133,476,818,1996-08
1134,476,924,1996-08
1135,541,924,1996-08
1136,46,892,1996-08
1137,498,892,1996-08
1138,584,892,1996-08
1139,498,962,1996-08
1140,584,962,1996-08
1141,46,901,1996-08
1142,584,901,1996-08
1143,46,891,1996-08
1144,498,891,1996-08
1145,273,486,1996-08
1146,314,486,1996-08
1147,38,654,1996-08
1148,273,654,1996-08
1149,541,1000,1996-08
1150,584,1000,1996-08
1151,592,1000,1996-08
1152,541,1001,1996-08
1153,592,1001,1996-08
1154,541,999,1996-08
1155,584,999,1996-08
1156,447,817,1996-08
1157,455,817,1996-08
1158,455,853,1996-08
1159,584,853,1996-08
1160,447,825,1996-08
1161,584,825,1996-08
1162,162,200,1996-08
1163,602,200,1996-08
1164,176,233,1996-08
1165,486,233,1996-08
1166,592,233,1996-08
1167,176,241,1996-08
1168,592,241,1996-08
1169,176,232,1996-08
1170,486,232,1996-08
1171,243,431,1996-08
1172,486,431,1996-08
1173,584,431,1996-08
1174,486,950,1996-08
1175,584,950,1996-08
1176,235,399,1996-08
1177,486,399,1996-08
1178,592,399,1996-08
1179,235,404,1996-08
1180,592,404,1996-08
1181,486,954,1996-08
1182,592,954,1996-08
1183,486,953,1996-08
1184,588,953,1996-08
1185,38,655,1996-08
1186,314,655,1996-08
1187,14,141,1996-08
1188,602,141,1996-08
1189,273,487,1996-08
1190,385,487,1996-08
1191,109,83,1996-08
1192,235,83,1996-08
1193,243,429,1996-08
1194,486,429,1996-08
1195,38,661,1996-08
1196,512,661,1996-08
1197,179,261,1996-08
1198,584,261,1996-08
1199,235,392,1996-08
1200,273,392,1996-08
1201,14,140,1996-08
1202,584,140,1996-08
1203,447,820,1996-08
1204,486,820,1996-08
1205,56,1015,1996-08
1206,574,1015,1996-08
1207,243,433,1996-08
1208,584,433,1996-08
1209,176,227,1996-08
1210,273,227,1996-08
1211,584,1076,1996-08
1212,592,1076,1996-08
1213,162,193,1996-08
1214,262,193,1996-08
1215,6,1097,1996-11
1216,240,1097,1996-11
1217,379,1097,1996-11
1218,458,1097,1996-11
1219,470,1097,1996-11
1220,566,1097,1996-11
1221,6,1136,1996-11
1222,58,1136,1996-11
1223,94,1136,1996-11
1224,117,1136,1996-11
1225,340,1136,1996-11
1226,566,1136,1996-11
1227,6,1124,1996-11
1228,566,1124,1996-11
1229,6,1133,1996-11
1230,58,1133,1996-11
1231,340,1133,1996-11
1232,379,1133,1996-11
1233,458,1133,1996-11
1234,6,1115,1996-11
1235,43,1115,1996-11
1236,379,1115,1996-11
1237,458,1115,1996-11
1238,530,1115,1996-11
1239,6,1108,1996-11
1240,379,1108,1996-11
1241,458,1108,1996-11
1242,6,1127,1996-11
1243,58,1127,1996-11
1244,126,1127,1996-11
1245,340,1127,1996-11
1246,58,1053,1996-11
1247,117,1053,1996-11
1248,470,1053,1996-11
1249,566,1053,1996-11
1250,173,207,1996-11
1251,470,207,1996-11
1252,566,207,1996-11
1253,470,913,1996-11
1254,566,913,1996-11
1255,58,1052,1996-11
1256,117,1052,1996-11
1257,373,1052,1996-11
1258,566,1052,1996-11
1259,58,1054,1996-11
1260,117,1054,1996-11
1261,566,1054,1996-11
1262,58,1066,1996-11
1263,374,1066,1996-11
1264,5,973,1996-11
1265,58,973,1996-11
1266,373,973,1996-11
1267,565,973,1996-11
1268,6,1104,1996-11
1269,340,1104,1996-11
1270,458,1104,1996-11
1271,470,1104,1996-11
1272,6,1105,1996-11
1273,340,1105,1996-11
1274,559,1105,1996-11
1275,6,1093,1996-11
1276,174,1093,1996-11
1277,340,1093,1996-11
1278,458,1093,1996-11
1279,6,1103,1996-11
1280,340,1103,1996-11
1281,458,1103,1996-11
1282,6,1113,1996-11
1283,43,1113,1996-11
1284,181,1113,1996-11
1285,458,1113,1996-11
1286,470,1113,1996-11
1287,530,1113,1996-11
1288,6,1112,1996-11
1289,43,1112,1996-11
1290,174,1112,1996-11
1291,458,1112,1996-11
1292,530,1112,1996-11
1293,6,1117,1996-11
1294,43,1117,1996-11
1295,458,1117,1996-11
1296,530,1117,1996-11
1297,6,1091,1996-11
1298,174,1091,1996-11
1299,181,1091,1996-11
1300,458,1091,1996-11
1301,470,1091,1996-11
1302,6,1095,1996-11
1303,181,1095,1996-11
1304,458,1095,1996-11
1305,470,1095,1996-11
1306,6,1121,1996-11
1307,458,1121,1996-11
1308,470,1121,1996-11
1309,6,1094,1996-11
1310,174,1094,1996-11
1311,458,1094,1996-11
1312,43,787,1996-11
1313,181,787,1996-11
1314,240,787,1996-11
1315,379,787,1996-11
1316,240,416,1996-11
1317,379,416,1996-11
1318,181,265,1996-11
1319,559,265,1996-11
1320,43,786,1996-11
1321,181,786,1996-11
1322,43,784,1996-11
1323,174,784,1996-11
1324,340,784,1996-11
1325,379,784,1996-11
1326,458,784,1996-11
1327,340,613,1996-11
1328,379,613,1996-11
1329,458,613,1996-11
1330,43,795,1996-11
1331,379,795,1996-11
1332,458,795,1996-11
1333,379,650,1996-11
1334,458,650,1996-11
1335,174,214,1996-11
1336,340,214,1996-11
1337,458,214,1996-11
1338,340,614,1996-11
1339,458,614,1996-11
1340,43,785,1996-11
1341,174,785,1996-11
1342,458,785,1996-11
1343,43,794,1996-11
1344,379,794,1996-11
1345,6,1131,1996-11
1346,58,1131,1996-11
1347,240,1131,1996-11
1348,458,1131,1996-11
1349,6,1098,1996-11
1350,240,1098,1996-11
1351,458,1098,1996-11
1352,6,1128,1996-11
1353,58,1128,1996-11
1354,126,1128,1996-11
1355,458,1128,1996-11
1356,6,1126,1996-11
1357,58,1126,1996-11
1358,126,1126,1996-11
1359,58,1071,1996-11
1360,569,1071,1996-11
1361,181,264,1996-11
1362,458,264,1996-11
1363,530,264,1996-11
1364,566,264,1996-11
1365,458,857,1996-11
1366,566,857,1996-11
1367,126,130,1996-11
1368,566,130,1996-11
1369,126,127,1996-11
1370,174,127,1996-11
1371,458,127,1996-11
1372,530,127,1996-11
1373,174,210,1996-11
1374,181,210,1996-11
1375,458,210,1996-11
1376,530,210,1996-11
1377,181,263,1996-11
1378,458,263,1996-11
1379,530,263,1996-11
1380,174,216,1996-11
1381,458,216,1996-11
1382,530,216,1996-11
1383,458,856,1996-11
1384,530,856,1996-11
1385,174,209,1996-11
1386,181,209,1996-11
1387,458,209,1996-11
1388,181,262,1996-11
1389,458,262,1996-11
1390,6,1102,1996-11
1391,340,1102,1996-11
1392,379,1102,1996-11
1393,530,1102,1996-11
1394,6,1101,1996-11
1395,340,1101,1996-11
1396,379,1101,1996-11
1397,6,1109,1996-11
1398,379,1109,1996-11
1399,530,1109,1996-11
1400,6,1107,1996-11
1401,379,1107,1996-11
1402,5,970,1996-11
1403,565,970,1996-11
1404,6,1123,1996-11
1405,530,1123,1996-11
1406,340,612,1996-11
1407,379,612,1996-11
1408,6,1130,1996-11
1409,58,1130,1996-11
1410,240,1130,1996-11
1411,340,1130,1996-11
1412,6,1132,1996-11
1413,58,1132,1996-11
1414,340,1132,1996-11
1415,6,1100,1996-11
1416,340,1100,1996-11
1417,6,1088,1996-11
1418,126,1088,1996-11
1419,373,1088,1996-11
1420,6,1111,1996-11
1421,43,1111,1996-11
1422,126,1111,1996-11
1423,458,1111,1996-11
1424,6,1089,1996-11
1425,126,1089,1996-11
1426,458,1089,1996-11
1427,6,1087,1996-11
1428,126,1087,1996-11
1429,126,129,1996-11
1430,458,129,1996-11
1431,6,1119,1996-11
1432,43,1119,1996-11
1433,58,1119,1996-11
1434,458,1119,1996-11
1435,6,1135,1996-11
1436,58,1135,1996-11
1437,458,1135,1996-11
1438,6,1116,1996-11
1439,43,1116,1996-11
1440,458,1116,1996-11
1441,58,1072,1996-11
1442,94,1072,1996-11
1443,58,1064,1996-11
1444,373,1064,1996-11
1445,565,1064,1996-11
1446,566,1064,1996-11
1447,58,1065,1996-11
1448,373,1065,1996-11
1449,566,1065,1996-11
1450,58,1070,1996-11
1451,566,1070,1996-11
1452,58,1063,1996-11
1453,373,1063,1996-11
1454,565,1063,1996-11
1455,58,1069,1996-11
1456,565,1069,1996-11
1457,43,790,1996-11
1458,321,790,1996-11
1459,458,790,1996-11
1460,458,858,1996-11
1461,569,858,1996-11
1462,37,643,1996-11
1463,569,643,1996-11
1464,37,642,1996-11
1465,43,642,1996-11
1466,240,420,1996-11
1467,569,420,1996-11
1468,240,419,1996-11
1469,566,419,1996-11
1470,43,789,1996-11
1471,240,789,1996-11
1472,458,789,1996-11
1473,470,789,1996-11
1474,240,418,1996-11
1475,458,418,1996-11
1476,470,418,1996-11
1477,43,798,1996-11
1478,458,798,1996-11
1479,470,798,1996-11
1480,458,855,1996-11
1481,470,855,1996-11
1482,43,797,1996-11
1483,458,797,1996-11
1484,6,1134,1996-11
1485,58,1134,1996-11
1486,373,1134,1996-11
1487,374,649,1996-11
1488,470,649,1996-11
1489,321,571,1996-11
1490,470,571,1996-11
1491,58,1062,1996-11
1492,373,1062,1996-11
1493,559,1062,1996-11
1494,446,815,1996-11
1495,470,815,1996-11
1496,43,796,1996-11
1497,446,796,1996-11
1498,43,799,1996-11
1499,470,799,1996-11
1500,117,105,1996-11
1501,373,105,1996-11
1502,446,105,1996-11
1503,117,104,1996-11
1504,373,104,1996-11
1505,37,641,1996-11
1506,373,641,1996-11
1507,5,969,1996-11
1508,43,969,1996-11
1509,58,969,1996-11
1510,5,972,1996-11
1511,58,972,1996-11
1512,373,972,1996-11
1513,6,1099,1996-11
1514,240,1099,1996-11
1515,501,1099,1996-11
1516,240,414,1996-11
1517,340,414,1996-11
1518,374,414,1996-11
1519,240,413,1996-11
1520,340,413,1996-11
1521,240,415,1996-11
1522,347,415,1996-11
1523,6,1122,1996-11
1524,501,1122,1996-11
1525,5,975,1996-11
1526,6,975,1996-11
1527,43,975,1996-11
1528,5,974,1996-11
1529,6,974,1996-11
1530,6,1086,1996-11
1531,121,1086,1996-11
1532,373,1086,1996-11
1533,6,1106,1996-11
1534,373,1106,1996-11
1535,174,211,1996-11
1536,181,211,1996-11
1537,566,211,1996-11
1538,181,266,1996-11
1539,566,266,1996-11
1540,174,208,1996-11
1541,181,208,1996-11
1542,174,217,1996-11
1543,566,217,1996-11
1544,58,1056,1996-11
1545,126,1056,1996-11
1546,373,1056,1996-11
1547,58,1055,1996-11
1548,126,1055,1996-11
1549,126,128,1996-11
1550,373,128,1996-11
1551,373,647,1996-11
1552,559,647,1996-11
1553,566,647,1996-11
1554,373,648,1996-11
1555,566,648,1996-11
1556,373,646,1996-11
1557,559,646,1996-11
1558,43,802,1996-11
1559,569,802,1996-11
1560,6,1129,1996-11
1561,58,1129,1996-11
1562,240,1129,1996-11
1563,37,640,1996-11
1564,240,640,1996-11
1565,37,639,1996-11
1566,174,639,1996-11
1567,6,1114,1996-11
1568,43,1114,1996-11
1569,240,1114,1996-11
1570,58,1061,1996-11
1571,373,1061,1996-11
1572,446,1061,1996-11
1573,373,645,1996-11
1574,446,645,1996-11
1575,58,1058,1996-11
1576,174,1058,1996-11
1577,458,1058,1996-11
1578,6,1092,1996-11
1579,174,1092,1996-11
1580,240,1092,1996-11
1581,6,1090,1996-11
1582,174,1090,1996-11
1583,174,212,1996-11
1584,240,212,1996-11
1585,6,1118,1996-11
1586,43,1118,1996-11
1587,58,1118,1996-11
1588,6,1125,1996-11
1589,58,1125,1996-11
1590,43,783,1996-11
1591,174,783,1996-11
1592,340,783,1996-11
1593,174,213,1996-11
1594,340,213,1996-11
1595,43,791,1996-11
1596,340,791,1996-11
1597,5,968,1996-11
1598,43,968,1996-11
1599,373,968,1996-11
1600,43,792,1996-11
1601,373,792,1996-11
1602,5,966,1996-11
1603,373,966,1996-11
1604,5,967,1996-11
1605,43,967,1996-11
1606,43,804,1996-11
1607,58,804,1996-11
1608,174,804,1996-11
1609,58,1057,1996-11
1610,174,1057,1996-11
1611,43,805,1996-11
1612,58,805,1996-11
1613,240,805,1996-11
1614,446,816,1996-11
1615,566,816,1996-11
1616,58,1059,1996-11
1617,240,1059,1996-11
1618,5,971,1996-11
1619,58,971,1996-11
1620,240,417,1996-11
1621,458,417,1996-11
1622,174,215,1996-11
1623,458,215,1996-11
1624,37,644,1996-11
1625,58,644,1996-11
1626,43,801,1996-11
1627,566,801,1996-11
1628,240,412,1996-11
1629,321,412,1996-11
1630,6,1120,1996-11
1631,458,1120,1996-11
1632,43,781,1996-11
1633,126,781,1996-11
1634,43,793,1996-11
1635,374,793,1996-11
1636,6,1096,1996-11
1637,240,1096,1996-11
1638,58,1067,1996-11
1639,458,1067,1996-11
1640,43,782,1996-11
1641,174,782,1996-11
1642,58,1068,1996-11
1643,559,1068,1996-11
1644,58,1060,1996-11
1645,373,1060,1996-11
1646,43,803,1996-11
1647,58,803,1996-11
1648,43,800,1996-11
1649,559,800,1996-11
1650,6,1110,1996-11
1651,43,1110,1996-11
1652,43,788,1996-11
1653,240,788,1996-11
1654,206,345,1997-02
1655,269,345,1997-02
1656,451,345,1997-02
1657,90,1210,1997-02
1658,206,1210,1997-02
1659,302,1210,1997-02
1660,451,1210,1997-02
1661,521,1210,1997-02
1662,90,1209,1997-02
1663,206,1209,1997-02
1664,302,1209,1997-02
1665,451,1209,1997-02
1666,206,347,1997-02
1667,451,347,1997-02
1668,32,567,1997-02
1669,529,567,1997-02
1670,32,569,1997-02
1671,90,569,1997-02
1672,206,569,1997-02
1673,302,569,1997-02
1674,32,570,1997-02
1675,90,570,1997-02
1676,302,570,1997-02
1677,90,1208,1997-02
1678,206,1208,1997-02
1679,302,1208,1997-02
1680,90,1211,1997-02
1681,302,1211,1997-02
1682,302,536,1997-02
1683,589,536,1997-02
1684,451,847,1997-02
1685,589,847,1997-02
1686,32,565,1997-02
1687,451,565,1997-02
1688,32,564,1997-02
1689,402,564,1997-02
1690,589,564,1997-02
1691,206,348,1997-02
1692,589,348,1997-02
1693,402,738,1997-02
1694,524,738,1997-02
1695,31,549,1997-02
1696,456,549,1997-02
1697,456,854,1997-02
1698,529,854,1997-02
1699,179,260,1997-02
1700,544,260,1997-02
1701,589,260,1997-02
1702,32,563,1997-02
1703,402,563,1997-02
1704,31,548,1997-02
1705,402,548,1997-02
1706,32,562,1997-02
1707,302,562,1997-02
1708,524,562,1997-02
1709,32,561,1997-02
1710,302,561,1997-02
1711,32,566,1997-02
1712,524,566,1997-02
1713,302,535,1997-02
1714,524,535,1997-02
1715,32,568,1997-02
1716,589,568,1997-02
1717,402,739,1997-02
1718,589,739,1997-02
1719,206,346,1997-02
1720,270,346,1997-02
1721,31,550,1997-02
1722,524,550,1997-02
1723,31,547,1997-02
1724,32,547,1997-02
1725,276,500,1997-05
1726,337,500,1997-05
1727,389,500,1997-05
1728,559,500,1997-05
1729,337,602,1997-05
1730,389,602,1997-05
1731,437,602,1997-05
1732,559,602,1997-05
1733,337,604,1997-05
1734,389,604,1997-05
1735,559,604,1997-05
1736,71,1155,1997-05
1737,337,1155,1997-05
1738,389,1155,1997-05
1739,337,601,1997-05
1740,389,601,1997-05
1741,437,601,1997-05
1742,120,110,1997-05
1743,276,110,1997-05
1744,337,110,1997-05
1745,437,110,1997-05
1746,71,1157,1997-05
1747,389,1157,1997-05
1748,559,1157,1997-05
1749,389,677,1997-05
1750,559,677,1997-05
1751,71,1156,1997-05
1752,389,1156,1997-05
1753,337,605,1997-05
1754,437,605,1997-05
1755,120,111,1997-05
1756,437,111,1997-05
1757,337,603,1997-05
1758,389,603,1997-05
1759,492,603,1997-05
1760,276,501,1997-05
1761,389,501,1997-05
1762,84,1203,1997-05
1763,276,1203,1997-05
1764,337,600,1997-05
1765,389,600,1997-05
1766,276,499,1997-05
1767,337,499,1997-05
1768,337,606,1997-05
1769,492,606,1997-05
1770,71,1154,1997-05
1771,337,1154,1997-05
1772,389,676,1997-05
1773,492,676,1997-05
1774,276,502,1997-05
1775,492,502,1997-05
1776,385,674,1997-05
1777,437,674,1997-05
1778,84,1204,1997-05
1779,437,1204,1997-05
1780,171,206,1997-08
1781,364,206,1997-08
1782,85,1205,1998-05
1783,304,1205,1998-05
1784,11,92,1998-08
1785,283,92,1998-08
1786,11,91,1998-08
1787,128,91,1998-08
1788,199,321,1999-11
1789,412,321,1999-11
1790,597,321,1999-11
1791,33,580,1999-11
1792,199,580,1999-11
1793,263,580,1999-11
1794,33,593,1999-11
1795,93,593,1999-11
1796,140,593,1999-11
1797,199,317,1999-11
1798,201,317,1999-11
1799,597,317,1999-11
1800,33,594,1999-11
1801,93,594,1999-11
1802,199,594,1999-11
1803,33,596,1999-11
1804,93,596,1999-11
1805,201,596,1999-11
1806,597,596,1999-11
1807,33,595,1999-11
1808,93,595,1999-11
1809,201,595,1999-11
1810,201,329,1999-11
1811,268,329,1999-11
1812,412,329,1999-11
1813,597,329,1999-11
1814,236,407,1999-11
1815,412,407,1999-11
1816,597,407,1999-11
1817,412,764,1999-11
1818,595,764,1999-11
1819,597,764,1999-11
1820,33,586,1999-11
1821,263,586,1999-11
1822,597,586,1999-11
1823,33,597,1999-11
1824,93,597,1999-11
1825,263,597,1999-11
1826,33,585,1999-11
1827,263,585,1999-11
1828,201,335,1999-11
1829,535,335,1999-11
1830,597,335,1999-11
1831,201,332,1999-11
1832,383,332,1999-11
1833,597,332,1999-11
1834,33,598,1999-11
1835,93,598,1999-11
1836,597,598,1999-11
1837,33,592,1999-11
1838,93,592,1999-11
1839,33,578,1999-11
1840,156,578,1999-11
1841,156,174,1999-11
1842,412,174,1999-11
1843,597,174,1999-11
1844,33,581,1999-11
1845,199,581,1999-11
1846,597,581,1999-11
1847,33,579,1999-11
1848,199,579,1999-11
1849,93,1217,1999-11
1850,201,1217,1999-11
1851,597,1217,1999-11
1852,156,170,1999-11
1853,199,170,1999-11
1854,412,170,1999-11
1855,199,320,1999-11
1856,412,320,1999-11
1857,201,330,1999-11
1858,268,330,1999-11
1859,597,330,1999-11
1860,199,319,1999-11
1861,268,319,1999-11
1862,597,319,1999-11
1863,33,583,1999-11
1864,201,583,1999-11
1865,597,583,1999-11
1866,268,472,1999-11
1867,412,472,1999-11
1868,597,472,1999-11
1869,268,471,1999-11
1870,412,471,1999-11
1871,140,143,1999-11
1872,412,143,1999-11
1873,597,143,1999-11
1874,201,334,1999-11
1875,412,334,1999-11
1876,597,334,1999-11
1877,201,333,1999-11
1878,412,333,1999-11
1879,199,318,1999-11
1880,236,318,1999-11
1881,597,318,1999-11
1882,268,474,1999-11
1883,547,474,1999-11
1884,597,474,1999-11
1885,33,588,1999-11
1886,268,588,1999-11
1887,597,588,1999-11
1888,268,475,1999-11
1889,595,475,1999-11
1890,597,475,1999-11
1891,595,1085,1999-11
1892,597,1085,1999-11
1893,156,171,1999-11
1894,199,171,1999-11
1895,597,171,1999-11
1896,156,178,1999-11
1897,597,178,1999-11
1898,33,584,1999-11
1899,208,584,1999-11
1900,33,587,1999-11
1901,268,587,1999-11
1902,201,328,1999-11
1903,236,328,1999-11
1904,597,328,1999-11
1905,263,462,1999-11
1906,412,462,1999-11
1907,199,316,1999-11
1908,201,316,1999-11
1909,33,590,1999-11
1910,595,590,1999-11
1911,199,322,1999-11
1912,547,322,1999-11
1913,93,1215,1999-11
1914,140,1215,1999-11
1915,156,169,1999-11
1916,199,169,1999-11
1917,156,173,1999-11
1918,412,173,1999-11
1919,263,463,1999-11
1920,597,463,1999-11
1921,383,672,1999-11
1922,597,672,1999-11
1923,315,556,1999-11
1924,597,556,1999-11
1925,140,142,1999-11
1926,199,142,1999-11
1927,199,323,1999-11
1928,597,323,1999-11
1929,268,473,1999-11
1930,547,473,1999-11
1931,268,476,1999-11
1932,597,476,1999-11
1933,140,144,1999-11
1934,597,144,1999-11
1935,412,765,1999-11
1936,597,765,1999-11
1937,33,589,1999-11
1938,412,589,1999-11
1939,33,591,1999-11
1940,597,591,1999-11
1941,93,1216,1999-11
1942,201,1216,1999-11
1943,156,172,1999-11
1944,268,172,1999-11
1945,156,175,1999-11
1946,547,175,1999-11
1947,201,331,1999-11
1948,383,331,1999-11
1949,33,582,1999-11
1950,201,582,1999-11
1951,236,408,1999-11
1952,597,408,1999-11
1953,535,998,1999-11
1954,597,998,1999-11
1955,236,406,1999-11
1956,412,406,1999-11
1957,93,1218,1999-11
1958,597,1218,1999-11
1959,201,336,1999-11
1960,597,336,1999-11
1961,156,176,2000-02
1962,554,176,2000-02
1963,572,176,2000-02
1964,577,176,2000-02
1965,45,840,2000-02
1966,554,840,2000-02
1967,572,840,2000-02
1968,577,840,2000-02
1969,45,829,2000-02
1970,115,829,2000-02
1971,554,829,2000-02
1972,572,829,2000-02
1973,45,842,2000-02
1974,572,842,2000-02
1975,577,842,2000-02
1976,4,717,2000-02
1977,554,717,2000-02
1978,572,717,2000-02
1979,577,717,2000-02
1980,45,830,2000-02
1981,118,830,2000-02
1982,554,830,2000-02
1983,45,836,2000-02
1984,266,836,2000-02
1985,554,836,2000-02
1986,554,1004,2000-02
1987,572,1004,2000-02
1988,577,1004,2000-02
1989,45,839,2000-02
1990,554,839,2000-02
1991,572,839,2000-02
1992,4,720,2000-02
1993,572,720,2000-02
1994,577,720,2000-02
1995,45,828,2000-02
1996,115,828,2000-02
1997,45,843,2000-02
1998,577,843,2000-02
1999,115,103,2000-02
2000,577,103,2000-02
2001,45,834,2000-02
2002,197,834,2000-02
2003,4,721,2000-02
2004,577,721,2000-02
2005,4,719,2000-02
2006,572,719,2000-02
2007,197,311,2000-02
2008,266,311,2000-02
2009,156,177,2000-02
2010,572,177,2000-02
2011,115,99,2000-02
2012,266,99,2000-02
2013,572,1048,2000-02
2014,577,1048,2000-02
2015,266,467,2000-02
2016,572,467,2000-02
2017,45,841,2000-02
2018,572,841,2000-02
2019,45,835,2000-02
2020,266,835,2000-02
2021,4,716,2000-02
2022,554,716,2000-02
2023,118,106,2000-02
2024,572,106,2000-02
2025,4,713,2000-02
2026,45,713,2000-02
2027,45,838,2000-02
2028,554,838,2000-02
2029,4,710,2000-02
2030,156,710,2000-02
2031,554,1003,2000-02
2032,572,1003,2000-02
2033,267,470,2000-05
2034,587,470,2000-05
2035,587,1079,2000-05
2036,603,1079,2000-05
2037,579,1051,2000-05
2038,587,1051,2000-05
2039,59,1081,2000-05
2040,267,1081,2000-05
2041,59,1080,2000-05
2042,217,1080,2000-05
2043,217,359,2000-05
2044,267,359,2000-05
2045,115,100,2000-05
2046,267,100,2000-05
2047,59,1082,2000-05
2048,579,1082,2000-05
2049,115,98,2000-05
2050,217,98,2000-05
2051,59,1084,2000-05
2052,603,1084,2000-05
2053,59,1083,2000-05
2054,587,1083,2000-05
2055,267,469,2000-05
2056,579,469,2000-05
2057,45,844,2000-05
2058,603,844,2000-05
2059,156,179,2000-05
2060,603,179,2000-05
2061,1,3,2000-08
2062,19,3,2000-08
2063,27,3,2000-08
2064,57,3,2000-08
2065,414,3,2000-08
2066,1,14,2000-08
2067,4,14,2000-08
2068,57,14,2000-08
2069,414,14,2000-08
2070,469,14,2000-08
2071,1,33,2000-08
2072,57,33,2000-08
2073,96,33,2000-08
2074,265,33,2000-08
2075,414,33,2000-08
2076,4,715,2000-08
2077,465,715,2000-08
2078,603,715,2000-08
2079,1,35,2000-08
2080,57,35,2000-08
2081,96,35,2000-08
2082,414,35,2000-08
2083,469,35,2000-08
2084,57,1024,2000-08
2085,265,1024,2000-08
2086,603,1024,2000-08
2087,607,1024,2000-08
2088,1,24,2000-08
2089,57,24,2000-08
2090,265,24,2000-08
2091,414,24,2000-08
2092,1,18,2000-08
2093,414,18,2000-08
2094,603,18,2000-08
2095,1,36,2000-08
2096,57,36,2000-08
2097,96,36,2000-08
2098,465,36,2000-08
2099,19,285,2000-08
2100,57,285,2000-08
2101,469,285,2000-08
2102,1,27,2000-08
2103,57,27,2000-08
2104,414,27,2000-08
2105,430,27,2000-08
2106,469,27,2000-08
2107,1,42,2000-08
2108,96,42,2000-08
2109,414,42,2000-08
2110,465,42,2000-08
2111,469,42,2000-08
2112,1,43,2000-08
2113,96,43,2000-08
2114,414,43,2000-08
2115,469,43,2000-08
2116,1,16,2000-08
2117,414,16,2000-08
2118,465,16,2000-08
2119,469,16,2000-08
2120,1,44,2000-08
2121,96,44,2000-08
2122,465,44,2000-08
2123,1,13,2000-08
2124,4,13,2000-08
2125,414,13,2000-08
2126,469,13,2000-08
2127,57,1040,2000-08
2128,465,1040,2000-08
2129,603,1040,2000-08
2130,607,1040,2000-08
2131,414,770,2000-08
2132,465,770,2000-08
2133,603,770,2000-08
2134,465,908,2000-08
2135,603,908,2000-08
2136,57,1034,2000-08
2137,414,1034,2000-08
2138,603,1034,2000-08
2139,607,1034,2000-08
2140,57,1044,2000-08
2141,603,1044,2000-08
2142,607,1044,2000-08
2143,57,1037,2000-08
2144,430,1037,2000-08
2145,469,1037,2000-08
2146,57,1041,2000-08
2147,465,1041,2000-08
2148,607,1041,2000-08
2149,414,767,2000-08
2150,430,767,2000-08
2151,469,767,2000-08
2152,430,807,2000-08
2153,469,807,2000-08
2154,607,807,2000-08
2155,1,29,2000-08
2156,57,29,2000-08
2157,414,29,2000-08
2158,607,29,2000-08
2159,1,31,2000-08
2160,57,31,2000-08
2161,607,31,2000-08
2162,57,1035,2000-08
2163,414,1035,2000-08
2164,607,1035,2000-08
2165,1,38,2000-08
2166,603,38,2000-08
2167,607,38,2000-08
2168,1,2,2000-08
2169,19,2,2000-08
2170,27,2,2000-08
2171,1,28,2000-08
2172,57,28,2000-08
2173,414,28,2000-08
2174,469,28,2000-08
2175,414,772,2000-08
2176,469,772,2000-08
2177,603,772,2000-08
2178,57,1033,2000-08
2179,414,1033,2000-08
2180,603,1033,2000-08
2181,57,1043,2000-08
2182,603,1043,2000-08
2183,115,102,2000-08
2184,465,102,2000-08
2185,96,1226,2000-08
2186,414,1226,2000-08
2187,465,1226,2000-08
2188,469,1226,2000-08
2189,1,7,2000-08
2190,265,7,2000-08
2191,414,7,2000-08
2192,607,7,2000-08
2193,265,466,2000-08
2194,607,466,2000-08
2195,1,19,2000-08
2196,414,19,2000-08
2197,607,19,2000-08
2198,57,1031,2000-08
2199,414,1031,2000-08
2200,465,1031,2000-08
2201,469,1031,2000-08
2202,57,1030,2000-08
2203,414,1030,2000-08
2204,465,1030,2000-08
2205,1,9,2000-08
2206,27,9,2000-08
2207,265,9,2000-08
2208,414,9,2000-08
2209,1,10,2000-08
2210,27,10,2000-08
2211,414,10,2000-08
2212,1,8,2000-08
2213,27,8,2000-08
2214,1,6,2000-08
2215,265,6,2000-08
2216,414,6,2000-08
2217,1,25,2000-08
2218,57,25,2000-08
2219,294,25,2000-08
2220,1,30,2000-08
2221,57,30,2000-08
2222,469,30,2000-08
2223,1,22,2000-08
2224,469,22,2000-08
2225,603,22,2000-08
2226,1,12,2000-08
2227,294,12,2000-08
2228,469,12,2000-08
2229,1,34,2000-08
2230,57,34,2000-08
2231,96,34,2000-08
2232,414,34,2000-08
2233,1,26,2000-08
2234,57,26,2000-08
2235,414,26,2000-08
2236,19,284,2000-08
2237,57,284,2000-08
2238,414,284,2000-08
2239,1,32,2000-08
2240,57,32,2000-08
2241,96,32,2000-08
2242,27,485,2000-08
2243,96,485,2000-08
2244,414,485,2000-08
2245,414,769,2000-08
2246,465,769,2000-08
2247,469,769,2000-08
2248,603,1137,2000-08
2249,607,1137,2000-08
2250,96,1230,2000-08
2251,607,1230,2000-08
2252,294,519,2000-08
2253,469,519,2000-08
2254,603,519,2000-08
2255,469,910,2000-08
2256,603,910,2000-08
2257,19,286,2000-08
2258,96,286,2000-08
2259,414,286,2000-08
2260,57,1021,2000-08
2261,188,1021,2000-08
2262,414,1021,2000-08
2263,57,1039,2000-08
2264,465,1039,2000-08
2265,469,1039,2000-08
2266,19,282,2000-08
2267,57,282,2000-08
2268,188,282,2000-08
2269,27,478,2000-08
2270,188,478,2000-08
2271,414,478,2000-08
2272,96,1227,2000-08
2273,414,1227,2000-08
2274,469,1227,2000-08
2275,27,483,2000-08
2276,57,483,2000-08
2277,414,483,2000-08
2278,96,1225,2000-08
2279,414,1225,2000-08
2280,465,1225,2000-08
2281,96,1228,2000-08
2282,465,1228,2000-08
2283,414,768,2000-08
2284,465,768,2000-08
2285,57,1026,2000-08
2286,294,1026,2000-08
2287,414,1026,2000-08
2288,1,41,2000-08
2289,96,41,2000-08
2290,414,41,2000-08
2291,96,1224,2000-08
2292,414,1224,2000-08
2293,57,1022,2000-08
2294,188,1022,2000-08
2295,469,1022,2000-08
2296,57,1020,2000-08
2297,188,1020,2000-08
2298,57,1032,2000-08
2299,414,1032,2000-08
2300,469,1032,2000-08
2301,27,480,2000-08
2302,414,480,2000-08
2303,469,480,2000-08
2304,27,484,2000-08
2305,57,484,2000-08
2306,469,484,2000-08
2307,27,482,2000-08
2308,57,482,2000-08
2309,27,481,2000-08
2310,469,481,2000-08
2311,19,283,2000-08
2312,57,283,2000-08
2313,265,283,2000-08
2314,57,1023,2000-08
2315,265,1023,2000-08
2316,19,281,2000-08
2317,57,281,2000-08
2318,19,279,2000-08
2319,414,279,2000-08
2320,469,279,2000-08
2321,414,773,2000-08
2322,469,773,2000-08
2323,607,773,2000-08
2324,57,1029,2000-08
2325,414,1029,2000-08
2326,430,1029,2000-08
2327,57,1036,2000-08
2328,430,1036,2000-08
2329,414,766,2000-08
2330,430,766,2000-08
2331,1,17,2000-08
2332,414,17,2000-08
2333,469,17,2000-08
2334,1,4,2000-08
2335,19,4,2000-08
2336,414,4,2000-08
2337,57,1027,2000-08
2338,294,1027,2000-08
2339,469,1027,2000-08
2340,57,1025,2000-08
2341,294,1025,2000-08
2342,188,276,2000-08
2343,465,276,2000-08
2344,188,277,2000-08
2345,607,277,2000-08
2346,4,722,2000-08
2347,603,722,2000-08
2348,4,711,2000-08
2349,265,711,2000-08
2350,294,517,2000-08
2351,414,517,2000-08
2352,57,1046,2000-08
2353,96,1046,2000-08
2354,430,806,2000-08
2355,469,806,2000-08
2356,27,479,2000-08
2357,414,479,2000-08
2358,4,714,2000-08
2359,465,714,2000-08
2360,265,465,2000-08
2361,465,465,2000-08
2362,4,723,2000-08
2363,96,723,2000-08
2364,414,774,2000-08
2365,603,774,2000-08
2366,1,23,2000-08
2367,57,23,2000-08
2368,465,907,2000-08
2369,469,907,2000-08
2370,1,0,2000-08
2371,188,0,2000-08
2372,19,278,2000-08
2373,414,278,2000-08
2374,265,464,2000-08
2375,294,464,2000-08
2376,469,909,2000-08
2377,571,909,2000-08
2378,571,1047,2000-08
2379,607,1047,2000-08
2380,57,1045,2000-08
2381,607,1045,2000-08
2382,1,21,2000-08
2383,469,21,2000-08
2384,96,1229,2000-08
2385,603,1229,2000-08
2386,188,275,2000-08
2387,414,275,2000-08
2388,1,40,2000-08
2389,96,40,2000-08
2390,27,477,2000-08
2391,188,477,2000-08
2392,4,718,2000-08
2393,57,718,2000-08
2394,1,1,2000-08
2395,19,1,2000-08
2396,469,911,2000-08
2397,607,911,2000-08
2398,57,1042,2000-08
2399,469,1042,2000-08
2400,1,11,2000-08
2401,294,11,2000-08
2402,1,39,2000-08
2403,607,39,2000-08
2404,57,1038,2000-08
2405,465,1038,2000-08
2406,19,280,2000-08
2407,469,280,2000-08
2408,414,775,2000-08
2409,607,775,2000-08
2410,414,771,2000-08
2411,469,771,2000-08
2412,4,712,2000-08
2413,414,712,2000-08
2414,294,518,2000-08
2415,469,518,2000-08
2416,1,15,2000-08
2417,414,15,2000-08
2418,1,20,2000-08
2419,465,20,2000-08
2420,1,37,2000-08
2421,603,37,2000-08
2422,1,5,2000-08
2423,265,5,2000-08
2424,57,1028,2000-08
2425,414,1028,2000-08
2426,39,681,2000-11
2427,160,681,2000-11
2428,195,681,2000-11
2429,290,681,2000-11
2430,409,681,2000-11
2431,39,683,2000-11
2432,160,683,2000-11
2433,290,683,2000-11
2434,79,1170,2000-11
2435,160,1170,2000-11
2436,450,1170,2000-11
2437,39,685,2000-11
2438,160,685,2000-11
2439,409,685,2000-11
2440,453,685,2000-11
2441,39,684,2000-11
2442,160,684,2000-11
2443,409,684,2000-11
2444,160,185,2000-11
2445,244,185,2000-11
2446,368,185,2000-11
2447,224,365,2000-11
2448,244,365,2000-11
2449,368,365,2000-11
2450,39,704,2000-11
2451,79,704,2000-11
2452,290,704,2000-11
2453,450,704,2000-11
2454,79,1178,2000-11
2455,368,1178,2000-11
2456,450,1178,2000-11
2457,39,686,2000-11
2458,160,686,2000-11
2459,453,686,2000-11
2460,160,184,2000-11
2461,224,184,2000-11
2462,368,184,2000-11
2463,160,188,2000-11
2464,368,188,2000-11
2465,224,366,2000-11
2466,368,366,2000-11
2467,79,1179,2000-11
2468,450,1179,2000-11
2469,39,691,2000-11
2470,202,691,2000-11
2471,453,691,2000-11
2472,368,637,2000-11
2473,409,637,2000-11
2474,290,513,2000-11
2475,368,513,2000-11
2476,450,513,2000-11
2477,290,515,2000-11
2478,450,515,2000-11
2479,368,638,2000-11
2480,450,638,2000-11
2481,202,340,2000-11
2482,244,340,2000-11
2483,368,340,2000-11
2484,39,694,2000-11
2485,244,694,2000-11
2486,368,694,2000-11
2487,39,697,2000-11
2488,368,697,2000-11
2489,39,702,2000-11
2490,79,702,2000-11
2491,160,702,2000-11
2492,591,702,2000-11
2493,79,1169,2000-11
2494,160,1169,2000-11
2495,39,696,2000-11
2496,290,696,2000-11
2497,409,696,2000-11
2498,39,703,2000-11
2499,79,703,2000-11
2500,290,703,2000-11
2501,39,680,2000-11
2502,160,680,2000-11
2503,195,680,2000-11
2504,160,181,2000-11
2505,195,181,2000-11
2506,202,181,2000-11
2507,160,180,2000-11
2508,195,180,2000-11
2509,39,682,2000-11
2510,160,682,2000-11
2511,202,682,2000-11
2512,39,688,2000-11
2513,195,688,2000-11
2514,202,688,2000-11
2515,244,437,2000-11
2516,450,437,2000-11
2517,160,187,2000-11
2518,290,187,2000-11
2519,409,187,2000-11
2520,160,189,2000-11
2521,409,189,2000-11
2522,79,1172,2000-11
2523,202,1172,2000-11
2524,290,1172,2000-11
2525,195,304,2000-11
2526,290,304,2000-11
2527,453,304,2000-11
2528,244,440,2000-11
2529,591,440,2000-11
2530,244,438,2000-11
2531,453,438,2000-11
2532,79,1176,2000-11
2533,290,1176,2000-11
2534,409,1176,2000-11
2535,160,186,2000-11
2536,290,186,2000-11
2537,195,303,2000-11
2538,290,303,2000-11
2539,409,303,2000-11
2540,244,436,2000-11
2541,409,436,2000-11
2542,244,434,2000-11
2543,290,434,2000-11
2544,195,301,2000-11
2545,244,301,2000-11
2546,79,1174,2000-11
2547,244,1174,2000-11
2548,368,1174,2000-11
2549,79,1177,2000-11
2550,368,1177,2000-11
2551,79,1173,2000-11
2552,244,1173,2000-11
2553,244,435,2000-11
2554,368,435,2000-11
2555,39,700,2000-11
2556,591,700,2000-11
2557,453,850,2000-11
2558,591,850,2000-11
2559,39,689,2000-11
2560,195,689,2000-11
2561,453,689,2000-11
2562,39,687,2000-11
2563,195,687,2000-11
2564,39,678,2000-11
2565,101,678,2000-11
2566,224,364,2000-11
2567,244,364,2000-11
2568,101,46,2000-11
2569,202,46,2000-11
2570,453,46,2000-11
2571,202,343,2000-11
2572,453,343,2000-11
2573,39,692,2000-11
2574,216,692,2000-11
2575,202,339,2000-11
2576,244,339,2000-11
2577,160,183,2000-11
2578,216,183,2000-11
2579,39,693,2000-11
2580,224,693,2000-11
2581,195,305,2000-11
2582,409,305,2000-11
2583,160,182,2000-11
2584,202,182,2000-11
2585,195,302,2000-11
2586,290,302,2000-11
2587,216,356,2000-11
2588,355,356,2000-11
2589,195,306,2000-11
2590,453,306,2000-11
2591,79,1171,2000-11
2592,202,1171,2000-11
2593,453,849,2000-11
2594,546,849,2000-11
2595,290,512,2000-11
2596,368,512,2000-11
2597,202,341,2000-11
2598,290,341,2000-11
2599,202,337,2000-11
2600,216,337,2000-11
2601,216,354,2000-11
2602,244,354,2000-11
2603,195,299,2000-11
2604,202,299,2000-11
2605,244,439,2000-11
2606,474,439,2000-11
2607,39,690,2000-11
2608,202,690,2000-11
2609,450,846,2000-11
2610,546,846,2000-11
2611,290,514,2000-11
2612,409,514,2000-11
2613,202,338,2000-11
2614,224,338,2000-11
2615,101,47,2000-11
2616,409,47,2000-11
2617,39,695,2000-11
2618,290,695,2000-11
2619,39,701,2000-11
2620,79,701,2000-11
2621,39,699,2000-11
2622,453,699,2000-11
2623,224,367,2000-11
2624,409,367,2000-11
2625,216,353,2000-11
2626,224,353,2000-11
2627,216,358,2000-11
2628,450,358,2000-11
2629,79,1175,2000-11
2630,290,1175,2000-11
2631,39,679,2000-11
2632,160,679,2000-11
2633,39,698,2000-11
2634,409,698,2000-11
2635,216,357,2000-11
2636,409,357,2000-11
2637,216,355,2000-11
2638,290,355,2000-11
2639,115,101,2000-11
2640,409,101,2000-11
2641,160,190,2000-11
2642,453,190,2000-11
2643,202,342,2000-11
2644,409,342,2000-11
2645,195,300,2000-11
2646,216,300,2000-11
2647,288,510,2001-02
2648,474,510,2001-02
2649,113,96,2001-02
2650,474,96,2001-02
2651,474,915,2001-02
2652,555,915,2001-02
2653,288,511,2001-02
2654,555,511,2001-02
2655,113,97,2001-02
2656,555,97,2001-02
2657,410,750,2001-05
2658,422,750,2001-05
2659,183,267,2001-08
2660,457,267,2001-08
2661,42,778,2001-08
2662,367,778,2001-08
2663,367,635,2001-08
2664,457,635,2001-08
2665,42,779,2001-08
2666,457,779,2001-08
2667,267,468,2001-08
2668,384,468,2001-08
2669,367,636,2001-08
2670,516,636,2001-08
2671,234,387,2001-11
2672,493,387,2001-11
2673,494,387,2001-11
2674,234,386,2001-11
2675,453,386,2001-11
2676,500,386,2001-11
2677,234,385,2001-11
2678,453,385,2001-11
2679,164,201,2001-11
2680,234,201,2001-11
2681,234,388,2001-11
2682,494,388,2001-11
2683,493,957,2001-11
2684,494,957,2001-11
2685,234,389,2001-11
2686,500,389,2001-11
2687,164,202,2001-11
2688,494,202,2001-11
2689,453,848,2001-11
2690,493,848,2001-11
2691,135,132,2002-02
2692,452,132,2002-02
2693,45,837,2002-02
2694,452,837,2002-02
2695,45,831,2002-02
2696,135,831,2002-02
2697,69,1152,2002-05
2698,452,1152,2002-05
2699,448,827,2002-05
2700,452,827,2002-05
2701,69,1151,2002-05
2702,448,1151,2002-05
2703,45,837,2002-05
2704,452,837,2002-05
2705,391,707,2002-08
2706,532,707,2002-08
2707,391,705,2002-08
2708,392,705,2002-08
2709,313,554,2002-08
2710,532,554,2002-08
2711,313,552,2002-08
2712,391,552,2002-08
2713,313,553,2002-08
2714,414,553,2002-08
2715,198,313,2002-11
2716,391,313,2002-11
2717,527,313,2002-11
2718,45,833,2002-11
2719,186,833,2002-11
2720,186,272,2002-11
2721,527,272,2002-11
2722,531,272,2002-11
2723,186,273,2002-11
2724,531,273,2002-11
2725,186,269,2002-11
2726,198,269,2002-11
2727,527,269,2002-11
2728,198,315,2002-11
2729,527,315,2002-11
2730,531,315,2002-11
2731,527,996,2002-11
2732,531,996,2002-11
2733,186,270,2002-11
2734,391,270,2002-11
2735,391,706,2002-11
2736,527,706,2002-11
2737,527,997,2002-11
2738,558,997,2002-11
2739,198,312,2002-11
2740,391,312,2002-11
2741,186,271,2002-11
2742,527,271,2002-11
2743,198,314,2002-11
2744,527,314,2002-11
2745,186,274,2002-11
2746,558,274,2002-11
2747,95,1222,2003-02
2748,312,1222,2003-02
2749,325,1222,2003-02
2750,9,1207,2003-02
2751,95,1207,2003-02
2752,9,1206,2003-02
2753,414,1206,2003-02
2754,97,1231,2003-02
2755,325,1231,2003-02
2756,108,72,2003-02
2757,312,72,2003-02
2758,95,1223,2003-02
2759,325,1223,2003-02
2760,312,551,2003-02
2761,325,551,2003-02
2762,95,1221,2003-02
2763,312,1221,2003-02
2764,108,73,2003-02
2765,479,73,2003-02
2766,95,1219,2003-02
2767,108,1219,2003-02
2768,20,324,2003-05
2769,104,324,2003-05
2770,104,55,2003-05
2771,275,55,2003-05
2772,275,497,2003-05
2773,303,497,2003-05
2774,275,498,2003-05
2775,427,498,2003-05
2776,95,1220,2003-05
2777,275,1220,2003-05
2778,20,325,2003-05
2779,275,325,2003-05
2780,165,203,2003-05
2781,275,203,2003-05
2782,45,832,2003-08
2783,169,832,2003-08
2784,45,845,2004-08
2785,66,845,2004-08
2786,7,1153,2005-02
2787,594,1153,2005-02
2788,438,810,2005-02
2789,594,810,2005-02
2790,438,809,2005-02
2791,482,809,2005-02
2792,91,1213,2005-05
2793,552,1213,2005-05
2794,66,1149,2005-05
2795,91,1149,2005-05
2796,91,1214,2005-05
2797,608,1214,2005-05
2798,91,1212,2005-05
2799,488,1212,2005-05
2800,488,956,2005-05
2801,552,956,2005-05
2802,221,362,2005-08
2803,286,362,2005-08
2804,336,362,2005-08
2805,221,363,2005-08
2806,336,363,2005-08
2807,64,1148,2006-11
2808,542,1148,2006-11
2809,68,1150,2006-11
2810,513,1150,2006-11
2811,64,1147,2006-11
2812,187,1147,2006-11
2813,381,669,2006-11
2814,542,669,2006-11
2815,64,1146,2006-11
2816,178,1146,2006-11
2817,34,611,2006-11
2818,68,611,2006-11
2819,399,709,2007-02
2820,580,709,2007-02
2821,606,709,2007-02
2822,274,496,2007-02
2823,580,496,2007-02
2824,606,496,2007-02
2825,580,1073,2007-02
2826,606,1073,2007-02
2827,274,495,2007-02
2828,580,495,2007-02
2829,480,928,2007-05
2830,540,928,2007-05
2831,254,456,2007-05
2832,480,456,2007-05
2833,254,457,2007-05
2834,540,457,2007-05
2835,573,1049,2007-08
2836,593,1049,2007-08
2837,219,360,2007-11
2838,278,360,2007-11
2839,166,204,2007-11
2840,219,204,2007-11
2841,74,1167,2008-05
2842,137,1167,2008-05
2843,239,411,2008-11
2844,403,411,2008-11
2845,239,410,2008-11
2846,375,410,2008-11
2847,239,409,2008-11
2848,356,409,2008-11
2849,51,977,2009-02
2850,200,977,2009-02
2851,220,977,2009-02
2852,51,979,2009-02
2853,327,979,2009-02
2854,200,326,2009-02
2855,220,326,2009-02
2856,220,361,2009-02
2857,356,361,2009-02
2858,51,978,2009-02
2859,220,978,2009-02
2860,200,327,2009-02
2861,356,327,2009-02
2862,51,980,2009-02
2863,356,980,2009-02
2864,51,976,2009-02
2865,200,976,2009-02
2866,215,352,2010-02
2867,335,352,2010-02
2868,464,906,2010-08
2869,605,906,2010-08
2870,330,599,2010-11
2871,464,599,2010-11
2872,17,205,2011-05
2873,168,205,2011-05
2874,55,1002,2011-08
2875,585,1002,2011-08
2876,398,708,2011-08
2877,538,708,2011-08
2878,295,520,2011-11
2879,419,520,2011-11
2880,83,1202,2012-05
2881,88,1202,2012-05
2882,345,616,2012-08
2883,377,616,2012-08
2884,472,914,2012-08
2885,484,914,2012-08
2886,246,442,2012-11
2887,332,442,2012-11
2888,246,443,2012-11
2889,357,443,2012-11
2890,280,503,2012-11
2891,357,503,2012-11
2892,211,350,2012-11
2893,246,350,2012-11
2894,246,441,2012-11
2895,249,441,2012-11
2896,211,351,2012-11
2897,249,351,2012-11
2898,249,445,2012-11
2899,280,445,2012-11
2900,435,808,2013-05
2901,562,808,2013-05
2902,80,1201,2013-08
2903,543,1201,2013-08
2904,282,505,2013-11
2905,348,505,2013-11
2906,415,505,2013-11
2907,282,504,2013-11
2908,348,504,2013-11
2909,282,506,2013-11
2910,415,506,2013-11
2911,348,617,2013-11
2912,415,617,2013-11
2913,203,344,2014-02
2914,528,344,2014-02
2915,407,740,2015-02
2916,533,740,2015-02
2917,344,615,2015-02
2918,533,615,2015-02
2919,300,534,2015-05
2920,497,534,2015-05
2921,317,558,2015-05
2922,497,558,2015-05
2923,231,384,2015-05
2924,393,384,2015-05
2925,300,533,2015-05
2926,317,533,2015-05
2927,103,53,2015-05
2928,317,53,2015-05
2929,103,52,2015-05
2930,300,52,2015-05
2931,317,557,2015-05
2932,393,557,2015-05
2933,103,54,2015-05
2934,393,54,2015-05
2935,177,245,2015-08
2936,439,245,2015-08
2937,119,108,2015-08
2938,439,108,2015-08
2939,509,108,2015-08
2940,177,246,2015-08
2941,466,246,2015-08
2942,119,109,2015-08
2943,466,109,2015-08
2944,177,244,2015-08
2945,341,244,2015-08
2946,119,107,2015-08
2947,177,107,2015-08
2948,63,1142,2015-11
2949,105,1142,2015-11
2950,233,1142,2015-11
2951,256,1142,2015-11
2952,581,1142,2015-11
2953,63,1143,2015-11
2954,105,1143,2015-11
2955,601,1143,2015-11
2956,105,61,2015-11
2957,298,61,2015-11
2958,601,61,2015-11
2959,105,57,2015-11
2960,112,57,2015-11
2961,601,57,2015-11
2962,105,65,2015-11
2963,601,65,2015-11
2964,582,1075,2015-11
2965,601,1075,2015-11
2966,105,63,2015-11
2967,581,63,2015-11
2968,105,56,2015-11
2969,112,56,2015-11
2970,105,64,2015-11
2971,582,64,2015-11
2972,105,60,2015-11
2973,256,60,2015-11
2974,581,1074,2015-11
2975,601,1074,2015-11
2976,105,58,2015-11
2977,227,58,2015-11
2978,63,1145,2015-11
2979,256,1145,2015-11
2980,112,95,2015-11
2981,601,95,2015-11
2982,105,62,2015-11
2983,378,62,2015-11
2984,63,1144,2015-11
2985,112,1144,2015-11
2986,63,1141,2015-11
2987,105,1141,2015-11
2988,105,59,2015-11
2989,241,59,2015-11
2990,441,812,2016-02
2991,445,812,2016-02
2992,511,812,2016-02
2993,445,814,2016-02
2994,511,814,2016-02
2995,10,45,2016-02
2996,511,45,2016-02
2997,441,811,2016-02
2998,445,811,2016-02
2999,152,167,2016-02
3000,445,167,2016-02
3001,152,166,2016-02
3002,285,166,2016-02
3003,441,813,2016-02
3004,511,813,2016-02
3005,291,516,2016-02
3006,426,516,2016-02
3007,305,540,2016-05
3008,319,540,2016-05
3009,495,540,2016-05
3010,549,540,2016-05
3011,73,1165,2016-05
3012,339,1165,2016-05
3013,495,1165,2016-05
3014,122,121,2016-05
3015,418,121,2016-05
3016,495,121,2016-05
3017,41,749,2016-05
3018,73,749,2016-05
3019,305,749,2016-05
3020,41,746,2016-05
3021,305,746,2016-05
3022,495,746,2016-05
3023,196,307,2016-05
3024,305,307,2016-05
3025,319,307,2016-05
3026,495,307,2016-05
3027,305,539,2016-05
3028,319,539,2016-05
3029,495,539,2016-05
3030,196,308,2016-05
3031,305,308,2016-05
3032,495,308,2016-05
3033,73,1163,2016-05
3034,305,1163,2016-05
3035,495,1163,2016-05
3036,41,742,2016-05
3037,122,742,2016-05
3038,305,742,2016-05
3039,305,538,2016-05
3040,319,538,2016-05
3041,339,538,2016-05
3042,122,115,2016-05
3043,305,115,2016-05
3044,418,115,2016-05
3045,41,745,2016-05
3046,305,745,2016-05
3047,339,745,2016-05
3048,41,744,2016-05
3049,305,744,2016-05
3050,339,610,2016-05
3051,549,610,2016-05
3052,305,546,2016-05
3053,534,546,2016-05
3054,73,1162,2016-05
3055,305,1162,2016-05
3056,339,1162,2016-05
3057,73,1159,2016-05
3058,122,1159,2016-05
3059,339,1159,2016-05
3060,73,1164,2016-05
3061,339,1164,2016-05
3062,122,124,2016-05
3063,495,124,2016-05
3064,549,124,2016-05
3065,495,958,2016-05
3066,549,958,2016-05
3067,122,114,2016-05
3068,305,114,2016-05
3069,339,114,2016-05
3070,41,743,2016-05
3071,122,743,2016-05
3072,339,743,2016-05
3073,41,741,2016-05
3074,122,741,2016-05
3075,122,113,2016-05
3076,305,113,2016-05
3077,319,113,2016-05
3078,305,542,2016-05
3079,339,542,2016-05
3080,495,542,2016-05
3081,122,122,2016-05
3082,424,122,2016-05
3083,122,116,2016-05
3084,305,116,2016-05
3085,495,116,2016-05
3086,73,1160,2016-05
3087,122,1160,2016-05
3088,495,1160,2016-05
3089,122,119,2016-05
3090,339,119,2016-05
3091,495,119,2016-05
3092,122,117,2016-05
3093,319,117,2016-05
3094,319,560,2016-05
3095,549,560,2016-05
3096,319,559,2016-05
3097,339,559,2016-05
3098,196,309,2016-05
3099,319,309,2016-05
3100,418,777,2016-05
3101,495,777,2016-05
3102,339,608,2016-05
3103,424,608,2016-05
3104,41,748,2016-05
3105,495,748,2016-05
3106,41,747,2016-05
3107,339,747,2016-05
3108,122,120,2016-05
3109,418,120,2016-05
3110,305,544,2016-05
3111,418,544,2016-05
3112,305,541,2016-05
3113,339,541,2016-05
3114,122,118,2016-05
3115,339,118,2016-05
3116,305,545,2016-05
3117,495,545,2016-05
3118,73,1158,2016-05
3119,122,1158,2016-05
3120,122,123,2016-05
3121,495,123,2016-05
3122,339,609,2016-05
3123,495,609,2016-05
3124,122,112,2016-05
3125,305,112,2016-05
3126,73,1161,2016-05
3127,305,1161,2016-05
3128,305,537,2016-05
3129,319,537,2016-05
3130,73,1166,2016-05
3131,495,1166,2016-05
3132,122,125,2016-05
3133,534,125,2016-05
3134,196,310,2016-05
3135,495,310,2016-05
3136,52,991,2016-08
3137,106,991,2016-08
3138,408,991,2016-08
3139,52,990,2016-08
3140,106,990,2016-08
3141,52,993,2016-08
3142,251,993,2016-08
3143,247,444,2016-08
3144,251,444,2016-08
3145,106,67,2016-08
3146,408,67,2016-08
3147,52,992,2016-08
3148,247,992,2016-08
3149,106,66,2016-08
3150,247,66,2016-08
3151,52,994,2016-08
3152,408,994,2016-08
3153,210,349,2016-11
3154,610,349,2016-11
3155,125,126,2016-11
3156,610,126,2016-11
3157,154,168,2017-02
3158,517,168,2017-02
3159,328,573,2017-05
3160,352,573,2017-05
3161,380,573,2017-05
3162,328,575,2017-05
3163,380,575,2017-05
3164,561,575,2017-05
3165,352,627,2017-05
3166,380,627,2017-05
3167,561,627,2017-05
3168,352,629,2017-05
3169,561,629,2017-05
3170,328,576,2017-05
3171,561,576,2017-05
3172,328,572,2017-05
3173,352,572,2017-05
3174,47,912,2017-05
3175,352,912,2017-05
3176,380,665,2017-05
3177,548,665,2017-05
3178,561,1019,2017-05
3179,610,1019,2017-05
3180,328,577,2017-05
3181,610,577,2017-05
3182,328,574,2017-05
3183,380,574,2017-05
3184,380,667,2017-05
3185,561,667,2017-05
3186,305,543,2017-05
3187,380,543,2017-05
3188,352,630,2017-05
3189,610,630,2017-05
3190,352,626,2017-05
3191,380,626,2017-05
3192,352,628,2017-05
3193,550,628,2017-05
3194,380,666,2017-05
3195,550,666,2017-05
3196,380,668,2017-05
3197,610,668,2017-05
3198,400,736,2017-08
3199,523,736,2017-08
3200,30,527,2017-08
3201,400,527,2017-08
3202,475,527,2017-08
3203,599,527,2017-08
3204,30,528,2017-08
3205,443,528,2017-08
3206,475,528,2017-08
3207,523,528,2017-08
3208,30,529,2017-08
3209,443,529,2017-08
3210,523,529,2017-08
3211,30,526,2017-08
3212,400,526,2017-08
3213,475,526,2017-08
3214,30,531,2017-08
3215,475,531,2017-08
3216,523,531,2017-08
3217,30,532,2017-08
3218,523,532,2017-08
3219,400,735,2017-08
3220,443,735,2017-08
3221,30,530,2017-08
3222,475,530,2017-08
3223,400,737,2017-08
3224,599,737,2017-08
3225,523,995,2017-08
3226,599,995,2017-08
3227,475,916,2017-08
3228,523,916,2017-08
3229,30,525,2017-08
3230,400,525,2017-08
3231,15,165,2017-11
3232,279,165,2017-11
3233,515,988,2018-02
3234,519,988,2018-02
3235,111,94,2018-02
3236,515,94,2018-02
3237,141,145,2018-02
3238,382,145,2018-02
3239,515,145,2018-02
3240,382,671,2018-02
3241,599,671,2018-02
3242,515,989,2018-02
3243,601,989,2018-02
3244,141,146,2018-02
3245,601,146,2018-02
3246,382,670,2018-02
3247,515,670,2018-02
3248,111,93,2018-02
3249,141,93,2018-02
3250,62,1140,2018-05
3251,601,1140,2018-05
3252,62,1138,2018-05
3253,209,1138,2018-05
3254,62,1139,2018-05
3255,459,1139,2018-05
3256,258,460,2018-08
3257,417,460,2018-08
3258,586,460,2018-08
3259,25,451,2018-08
3260,77,451,2018-08
3261,362,451,2018-08
3262,417,451,2018-08
3263,586,451,2018-08
3264,25,452,2018-08
3265,77,452,2018-08
3266,417,452,2018-08
3267,586,452,2018-08
3268,25,454,2018-08
3269,77,454,2018-08
3270,586,454,2018-08
3271,25,453,2018-08
3272,77,453,2018-08
3273,514,453,2018-08
3274,338,607,2018-08
3275,417,607,2018-08
3276,296,523,2018-08
3277,417,523,2018-08
3278,586,523,2018-08
3279,417,776,2018-08
3280,586,776,2018-08
3281,258,458,2018-08
3282,296,458,2018-08
3283,417,458,2018-08
3284,296,522,2018-08
3285,417,522,2018-08
3286,25,446,2018-08
3287,258,446,2018-08
3288,586,446,2018-08
3289,258,461,2018-08
3290,586,461,2018-08
3291,25,449,2018-08
3292,586,449,2018-08
3293,296,524,2018-08
3294,586,524,2018-08
3295,77,1168,2018-08
3296,514,1168,2018-08
3297,514,987,2018-08
3298,586,987,2018-08
3299,296,521,2018-08
3300,362,521,2018-08
3301,362,634,2018-08
3302,417,634,2018-08
3303,258,459,2018-08
3304,417,459,2018-08
3305,25,450,2018-08
3306,77,450,2018-08
3307,25,448,2018-08
3308,417,448,2018-08
3309,98,1232,2018-08
3310,417,1232,2018-08
3311,556,1005,2018-08
3312,586,1005,2018-08
3313,25,455,2018-08
3314,98,455,2018-08
3315,98,1233,2018-08
3316,586,1233,2018-08
3317,586,1078,2018-08
3318,596,1078,2018-08
3319,25,447,2018-08
3320,338,447,2018-08
3321,184,268,2018-11
3322,331,268,2018-11
