,0,period
0,"[5, 6, 273, 284, 541, 38, 40, 43, 559, 54, 56, 314, 574, 321, 584, 602, 604, 94, 107, 109, 117, 373, 126, 385, 386, 130, 136, 394, 395, 170, 173, 174, 179, 436, 444, 447, 468, 470, 229, 235, 240, 242]",1996
1,"[512, 6, 8, 524, 26, 284, 43, 46, 559, 56, 569, 58, 314, 574, 584, 588, 592, 340, 602, 347, 604, 94, 353, 609, 107, 117, 373, 379, 126, 386, 130, 133, 136, 394, 404, 411, 170, 174, 179, 181, 444, 192, 458, 468, 470, 476, 229, 485, 240, 498, 242]",1996
2,"[321, 130, 6, 136, 584, 394, 468, 470, 602, 94, 229, 43, 174, 240, 242, 179, 117, 373, 56, 574, 447]",1996
3,"[512, 385, 6, 134, 136, 394, 524, 14, 592, 404, 602, 411, 604, 541, 353, 102, 40, 170, 43, 109, 429, 174, 240, 176, 117, 566, 181, 314, 447]",1996
4,"[386, 6, 8, 136, 584, 142, 404, 470, 602, 411, 347, 26, 94, 353, 43, 109, 498, 179, 117, 373, 507, 565, 181, 126, 379, 446, 191]",1996
5,"[512, 5, 6, 8, 524, 14, 530, 536, 26, 541, 37, 38, 40, 43, 46, 559, 565, 54, 566, 56, 569, 58, 574, 584, 588, 592, 81, 602, 604, 94, 609, 99, 102, 107, 109, 117, 121, 126, 130, 133, 134, 136, 142, 145, 170, 173, 174, 176, 179, 181, 191, 229, 235, 240, 242, 243, 273, 284, 314, 321, 340, 347, 349, 353, 373, 374, 379, 385, 386, 394, 395, 402, 404, 411, 429, 436, 444, 446, 447, 455, 458, 468, 470, 476, 485, 486, 498, 507]",1996
6,"[385, 5, 6, 455, 136, 458, 14, 468, 404, 470, 602, 347, 411, 349, 94, 353, 35, 99, 38, 102, 486, 40, 170, 107, 109, 46, 242, 117, 566, 373, 121, 58, 507, 444, 446, 447]",1996
7,"[512, 6, 262, 8, 273, 530, 43, 559, 566, 58, 314, 321, 584, 592, 602, 347, 349, 94, 109, 117, 373, 379, 385, 402, 404, 411, 162, 170, 173, 174, 436, 181, 446, 447, 455, 458, 470, 476, 229]",1996
8,"[512, 5, 262, 530, 536, 26, 35, 38, 40, 43, 46, 566, 58, 574, 584, 588, 602, 604, 109, 117, 373, 121, 126, 130, 386, 133, 136, 145, 411, 429, 174, 179, 444, 446, 191, 455, 458, 468, 470, 476, 485, 229, 235, 498, 242]",1996
9,"[386, 446, 5, 6, 455, 136, 584, 394, 395, 273, 470, 602, 26, 604, 411, 94, 476, 353, 229, 40, 170, 43, 235, 109, 174, 559, 240, 498, 179, 117, 373, 565, 126, 191]",1996
10,"[512, 130, 386, 6, 134, 136, 142, 14, 145, 402, 404, 536, 26, 411, 284, 541, 38, 40, 43, 429, 46, 559, 176, 179, 436, 566, 56, 569, 314, 446, 447, 574, 455, 584, 588, 592, 468, 470, 602, 347, 476, 604, 94, 349, 353, 609, 99, 229, 102, 485, 486, 235, 107, 240, 498, 242, 117, 373, 374, 121, 379, 126]",1996
11,"[512, 385, 5, 6, 133, 8, 262, 394, 395, 14, 142, 273, 402, 530, 404, 536, 411, 284, 541, 38, 170, 43, 173, 174, 559, 179, 436, 181, 566, 565, 54, 569, 314, 58, 444, 446, 447, 321, 455, 584, 458, 592, 340, 470, 602, 347, 476, 349, 94, 229, 102, 235, 109, 240, 498, 243, 117, 373, 507, 374, 121, 379, 126]",1996
12,"[512, 5, 6, 8, 524, 14, 530, 536, 26, 541, 37, 38, 40, 43, 46, 559, 54, 566, 56, 569, 58, 574, 584, 588, 592, 81, 602, 604, 94, 609, 99, 102, 107, 109, 117, 121, 126, 130, 133, 134, 136, 142, 145, 162, 170, 174, 176, 179, 181, 191, 192, 229, 235, 240, 242, 243, 284, 314, 321, 340, 347, 349, 353, 373, 374, 379, 385, 386, 394, 395, 402, 404, 411, 429, 436, 446, 447, 455, 458, 468, 470, 476, 485, 486, 498, 507]",1996
13,"[512, 5, 6, 8, 524, 14, 530, 536, 26, 541, 37, 38, 40, 43, 46, 559, 54, 566, 56, 569, 58, 574, 584, 588, 592, 81, 602, 604, 94, 609, 99, 102, 107, 109, 117, 121, 126, 130, 133, 134, 136, 142, 145, 162, 170, 173, 174, 176, 179, 181, 191, 192, 229, 235, 240, 242, 243, 284, 314, 321, 340, 347, 349, 353, 373, 374, 379, 385, 386, 394, 395, 402, 404, 411, 429, 436, 444, 446, 447, 455, 458, 468, 470, 476, 485, 486, 498, 507]",1996
14,"[6, 8, 530, 284, 35, 38, 40, 43, 46, 559, 54, 58, 574, 321, 584, 592, 602, 347, 604, 609, 99, 117, 379, 126, 385, 130, 136, 394, 395, 404, 411, 170, 429, 174, 179, 436, 181, 446, 191, 447, 455, 458, 470, 476, 485, 240, 498, 507]",1996
15,"[512, 385, 386, 5, 6, 134, 8, 136, 133, 395, 524, 142, 273, 402, 530, 404, 536, 411, 284, 541, 38, 40, 170, 43, 173, 46, 559, 174, 179, 436, 181, 54, 566, 56, 314, 58, 444, 446, 447, 321, 455, 584, 458, 588, 592, 81, 340, 470, 602, 347, 476, 349, 94, 604, 353, 609, 229, 102, 235, 109, 240, 498, 117, 373, 379, 126]",1996
16,"[512, 6, 8, 524, 14, 530, 536, 26, 541, 37, 38, 40, 43, 46, 559, 54, 566, 56, 569, 58, 574, 584, 588, 592, 81, 602, 604, 94, 609, 99, 102, 107, 109, 117, 121, 126, 130, 133, 134, 136, 142, 145, 162, 170, 174, 176, 179, 181, 191, 192, 229, 235, 240, 242, 243, 284, 314, 321, 340, 347, 349, 353, 373, 374, 379, 385, 386, 394, 402, 404, 411, 429, 436, 444, 446, 447, 455, 458, 468, 470, 476, 485, 486, 498, 507]",1996
17,"[512, 5, 262, 530, 536, 26, 35, 38, 40, 43, 46, 565, 566, 58, 574, 584, 588, 602, 604, 109, 117, 373, 121, 126, 130, 386, 133, 136, 411, 429, 174, 179, 444, 446, 455, 458, 468, 470, 476, 229, 485, 235, 498, 242]",1996
18,"[385, 6, 136, 411, 170, 46, 566, 446, 447, 192, 458, 470, 602, 347, 349, 94, 353, 99, 486, 117]",1996
19,"[512, 5, 530, 536, 26, 35, 38, 40, 43, 46, 565, 566, 58, 574, 584, 588, 602, 604, 109, 117, 373, 121, 126, 130, 386, 133, 136, 145, 411, 162, 429, 174, 179, 444, 446, 191, 455, 458, 468, 470, 476, 485, 229, 235, 242, 498]",1996
20,"[321, 6, 134, 8, 584, 284, 604, 353, 102, 40, 235, 429, 174, 559, 240, 181, 117, 373, 121, 58, 446]",1996
21,"[385, 6, 262, 8, 584, 458, 395, 136, 592, 470, 602, 411, 347, 476, 284, 31, 609, 99, 485, 170, 43, 174, 559, 240, 46, 498, 181, 117, 446, 447]",1996
22,"[321, 386, 385, 5, 6, 584, 136, 394, 395, 273, 470, 602, 604, 541, 94, 284, 229, 38, 40, 170, 43, 235, 173, 174, 559, 109, 240, 179, 436, 117, 373, 54, 56, 314, 444, 126, 447]",1996
23,"[512, 5, 6, 8, 524, 14, 530, 536, 26, 541, 35, 37, 38, 40, 43, 46, 559, 565, 54, 566, 56, 569, 58, 574, 584, 588, 592, 81, 602, 604, 94, 609, 99, 102, 107, 109, 117, 121, 126, 130, 133, 134, 136, 142, 145, 162, 170, 173, 174, 176, 179, 181, 191, 192, 229, 235, 240, 242, 243, 284, 314, 321, 340, 347, 349, 353, 373, 374, 379, 385, 386, 394, 395, 402, 404, 411, 429, 436, 444, 446, 447, 455, 458, 468, 470, 476, 485, 486, 498, 507]",1996
24,"[512, 5, 6, 8, 524, 14, 530, 536, 26, 541, 37, 38, 40, 43, 46, 559, 565, 54, 566, 56, 569, 58, 584, 588, 592, 81, 602, 604, 94, 609, 102, 109, 117, 121, 126, 133, 134, 136, 142, 170, 173, 174, 176, 179, 181, 192, 229, 235, 240, 242, 243, 262, 273, 284, 314, 321, 340, 347, 349, 353, 373, 374, 379, 385, 386, 394, 395, 402, 404, 411, 436, 444, 446, 447, 455, 458, 470, 476, 485, 486, 498, 507]",1996
25,"[385, 386, 6, 411, 54, 58, 444, 446, 191, 321, 588, 470, 602, 94, 229, 102, 486, 109, 117, 373]",1996
26,"[385, 321, 386, 5, 6, 262, 8, 458, 588, 592, 273, 404, 470, 602, 411, 284, 94, 58, 229, 38, 102, 486, 40, 235, 109, 242, 181, 565, 566, 117, 373, 314, 379, 444, 54, 446, 191]",1996
27,"[512, 385, 130, 386, 6, 134, 136, 142, 14, 145, 402, 404, 536, 26, 411, 284, 541, 38, 40, 43, 429, 46, 559, 176, 179, 436, 566, 56, 569, 314, 446, 447, 574, 455, 584, 588, 592, 468, 470, 602, 347, 476, 604, 94, 349, 353, 609, 99, 229, 102, 485, 486, 235, 107, 240, 498, 242, 243, 117, 373, 374, 121, 379, 126]",1996
28,"[512, 6, 14, 26, 541, 43, 46, 54, 56, 58, 321, 584, 588, 81, 602, 604, 94, 353, 99, 102, 109, 117, 373, 121, 126, 386, 133, 134, 411, 174, 179, 444, 446, 447, 192, 191, 455, 468, 470, 229, 486]",1996
29,"[512, 386, 130, 446, 133, 455, 584, 136, 574, 588, 145, 468, 470, 602, 411, 604, 26, 35, 229, 485, 40, 43, 109, 46, 174, 242, 179, 498, 117, 373, 565, 566, 121, 58, 444, 126, 191]",1996
30,"[5, 6, 8, 273, 40, 43, 559, 565, 584, 602, 347, 604, 349, 94, 353, 109, 117, 373, 379, 126, 136, 395, 142, 404, 411, 170, 174, 179, 436, 181, 446, 455, 470, 476, 229, 235, 240, 498]",1996
31,"[512, 5, 6, 455, 8, 133, 395, 588, 142, 14, 402, 404, 470, 536, 602, 411, 349, 162, 58, 229, 38, 235, 173, 109, 174, 436, 565, 566, 117, 373, 121, 314, 379, 444, 446]",1996
32,"[321, 6, 455, 8, 136, 584, 458, 273, 602, 411, 284, 476, 35, 99, 38, 40, 109, 429, 240, 117, 566, 121, 314]",1996
33,"[6, 455, 8, 530, 404, 602, 411, 347, 541, 476, 94, 353, 35, 38, 43, 235, 109, 174, 107, 181, 566, 117, 56, 121, 314, 373, 446]",1996
34,"[6, 8, 14, 530, 284, 35, 38, 40, 43, 46, 559, 54, 58, 574, 321, 584, 592, 602, 347, 604, 609, 99, 117, 379, 126, 385, 130, 136, 394, 395, 145, 404, 411, 170, 429, 174, 179, 436, 181, 446, 447, 455, 458, 470, 476, 485, 240, 498, 507]",1996
35,"[512, 385, 386, 133, 6, 5, 8, 394, 395, 524, 142, 14, 273, 530, 402, 404, 536, 411, 284, 541, 38, 170, 43, 173, 174, 559, 176, 179, 436, 181, 54, 566, 56, 565, 58, 314, 444, 446, 447, 192, 321, 455, 584, 458, 588, 592, 81, 340, 470, 602, 347, 476, 349, 94, 609, 229, 102, 486, 235, 109, 240, 498, 243, 117, 373, 507, 121, 379, 126]",1996
36,"[130, 6, 136, 574, 584, 395, 592, 145, 81, 470, 602, 411, 284, 94, 609, 485, 486, 102, 40, 37, 43, 107, 109, 174, 240, 176, 242, 179, 117, 566, 374, 56, 569, 126, 446]",1996
37,"[512, 385, 386, 5, 6, 133, 8, 395, 524, 142, 273, 402, 530, 404, 536, 411, 284, 541, 38, 170, 43, 173, 174, 559, 176, 179, 436, 181, 566, 54, 56, 314, 58, 444, 446, 447, 321, 455, 584, 458, 588, 592, 81, 340, 470, 602, 347, 476, 349, 94, 609, 229, 102, 486, 235, 109, 240, 498, 243, 117, 373, 507, 379, 126]",1996
38,"[512, 6, 262, 8, 524, 14, 273, 530, 541, 38, 43, 559, 565, 566, 58, 314, 321, 584, 592, 602, 347, 349, 94, 109, 117, 373, 379, 385, 402, 404, 411, 162, 170, 173, 174, 436, 181, 446, 447, 455, 458, 470, 476, 229, 235]",1996
39,"[512, 130, 446, 5, 133, 455, 136, 584, 458, 574, 588, 145, 468, 470, 536, 602, 411, 604, 476, 229, 38, 485, 40, 43, 235, 109, 46, 174, 498, 179, 242, 117, 566, 373, 121, 58, 126]",1996
40,"[6, 524, 530, 284, 541, 37, 38, 40, 43, 559, 566, 56, 569, 314, 574, 584, 592, 81, 340, 602, 604, 94, 609, 102, 107, 109, 117, 374, 126, 386, 130, 136, 395, 145, 411, 173, 174, 429, 176, 179, 446, 447, 458, 470, 476, 229, 486, 485, 235, 240, 242]",1996
41,"[512, 385, 130, 5, 6, 134, 136, 394, 395, 142, 273, 145, 284, 541, 35, 38, 40, 170, 43, 173, 174, 559, 429, 46, 436, 181, 54, 314, 58, 444, 574, 447, 446, 321, 455, 584, 458, 592, 468, 340, 470, 347, 604, 476, 349, 353, 235, 240, 243, 117, 121, 507, 126]",1996
42,"[512, 385, 386, 5, 6, 134, 8, 136, 133, 395, 524, 142, 273, 530, 402, 404, 536, 411, 284, 541, 38, 40, 170, 43, 173, 46, 559, 174, 176, 179, 436, 181, 54, 566, 56, 58, 314, 444, 446, 447, 321, 455, 584, 458, 588, 592, 81, 340, 470, 602, 347, 476, 349, 94, 604, 353, 609, 229, 102, 486, 485, 235, 109, 240, 498, 242, 117, 373, 507, 121, 379, 126]",1996
43,"[130, 262, 455, 136, 574, 584, 458, 145, 530, 470, 602, 411, 476, 604, 35, 126, 485, 38, 40, 43, 429, 46, 174, 498, 179, 117, 58, 446, 191]",1996
44,"[512, 6, 541, 38, 43, 46, 559, 54, 58, 314, 574, 321, 584, 592, 340, 349, 353, 99, 117, 374, 121, 126, 130, 134, 136, 142, 145, 404, 170, 429, 174, 436, 181, 455, 458, 468, 470, 476, 485, 235, 240, 498, 243]",1996
45,"[321, 386, 385, 5, 6, 584, 394, 395, 273, 470, 602, 284, 541, 94, 229, 38, 170, 235, 43, 173, 109, 174, 559, 240, 179, 436, 117, 54, 373, 314, 444, 126, 447]",1996
46,"[5, 6, 262, 8, 273, 284, 35, 38, 40, 565, 566, 54, 58, 314, 321, 588, 592, 602, 94, 102, 109, 117, 373, 379, 385, 386, 404, 411, 181, 444, 446, 191, 458, 470, 229, 486, 235, 242]",1996
47,"[512, 385, 5, 6, 262, 8, 133, 395, 524, 14, 142, 273, 402, 530, 404, 411, 284, 541, 162, 38, 170, 43, 173, 174, 559, 179, 436, 181, 566, 565, 314, 58, 444, 446, 447, 321, 455, 584, 458, 592, 470, 602, 347, 476, 349, 94, 229, 102, 235, 109, 240, 498, 117, 373, 507, 121, 379, 126]",1996
48,"[512, 321, 6, 455, 584, 262, 458, 592, 470, 602, 411, 94, 162, 229, 43, 174, 181, 117, 373, 58, 447]",1996
49,"[385, 6, 455, 8, 584, 136, 14, 273, 470, 602, 411, 94, 99, 229, 38, 170, 429, 174, 46, 240, 117, 373, 121, 58, 446, 191]",1996
50,"[512, 5, 6, 8, 273, 536, 541, 38, 43, 46, 559, 566, 56, 58, 321, 584, 588, 592, 340, 602, 347, 604, 349, 94, 353, 609, 99, 102, 109, 117, 373, 121, 379, 126, 130, 133, 134, 136, 411, 173, 174, 179, 446, 447, 455, 468, 470, 229, 486, 240, 507]",1996
51,"[512, 385, 386, 5, 6, 134, 8, 136, 133, 395, 524, 142, 14, 273, 530, 402, 404, 536, 411, 284, 541, 38, 40, 170, 43, 173, 46, 559, 176, 179, 436, 181, 54, 566, 56, 58, 314, 444, 446, 447, 321, 455, 584, 458, 588, 592, 81, 470, 602, 347, 476, 349, 94, 604, 353, 229, 102, 486, 235, 109, 240, 498, 243, 117, 373, 507, 379, 126]",1996
52,"[192, 6, 134, 136, 455, 584, 592, 402, 404, 536, 602, 604, 353, 99, 102, 170, 109, 46, 174, 240, 429, 436, 117, 56, 58, 447]",1996
53,"[512, 386, 130, 133, 6, 8, 136, 394, 524, 404, 26, 411, 284, 170, 43, 429, 46, 559, 174, 179, 181, 56, 569, 314, 58, 444, 574, 192, 584, 458, 588, 592, 468, 340, 470, 602, 347, 476, 604, 94, 353, 609, 229, 485, 107, 240, 498, 242, 117, 373, 374, 379, 126]",1996
54,"[512, 385, 386, 5, 6, 134, 8, 136, 133, 395, 524, 142, 273, 402, 530, 404, 536, 411, 284, 541, 37, 38, 40, 170, 43, 173, 46, 559, 174, 176, 179, 436, 181, 54, 566, 56, 569, 58, 314, 444, 446, 447, 574, 321, 455, 584, 458, 588, 592, 81, 340, 470, 602, 347, 476, 349, 94, 604, 353, 609, 229, 102, 485, 486, 235, 109, 240, 498, 242, 243, 117, 373, 507, 121, 379, 126]",1996
55,"[512, 321, 192, 6, 455, 584, 588, 468, 470, 602, 411, 26, 94, 353, 99, 229, 43, 46, 174, 179, 117, 373, 56, 121, 58, 447]",1996
56,"[512, 130, 386, 133, 6, 134, 8, 136, 394, 395, 524, 142, 145, 530, 404, 26, 411, 284, 541, 35, 38, 40, 170, 43, 429, 46, 559, 174, 176, 179, 436, 181, 566, 56, 569, 58, 314, 444, 574, 446, 192, 191, 321, 455, 584, 458, 588, 592, 81, 340, 468, 470, 602, 347, 604, 476, 94, 353, 609, 99, 229, 485, 486, 107, 235, 240, 498, 242, 117, 373, 374, 121, 379, 126]",1996
57,"[512, 5, 262, 530, 536, 26, 35, 38, 40, 43, 46, 565, 566, 58, 574, 584, 588, 602, 604, 109, 117, 373, 121, 126, 130, 386, 133, 136, 145, 411, 429, 174, 179, 444, 446, 191, 455, 458, 468, 470, 476, 485, 229, 235, 498, 242]",1996
58,"[512, 385, 5, 6, 262, 8, 133, 395, 524, 14, 273, 530, 402, 404, 411, 284, 541, 162, 38, 170, 43, 173, 174, 559, 436, 181, 566, 565, 314, 58, 446, 447, 321, 455, 584, 458, 592, 470, 602, 347, 476, 349, 94, 229, 102, 235, 109, 240, 117, 373, 121, 379]",1996
59,"[512, 5, 455, 136, 584, 458, 588, 530, 470, 536, 602, 411, 476, 604, 126, 229, 38, 40, 43, 235, 109, 174, 46, 498, 179, 117, 373, 566, 58, 444, 446]",1996
60,"[512, 321, 6, 455, 584, 136, 458, 588, 530, 404, 536, 602, 411, 476, 541, 58, 38, 102, 40, 170, 235, 43, 174, 559, 436, 117, 373, 181, 314, 444, 446, 447]",1996
61,"[512, 5, 6, 8, 524, 14, 530, 536, 26, 541, 37, 38, 40, 43, 46, 559, 565, 54, 566, 56, 569, 58, 574, 584, 588, 592, 81, 602, 604, 94, 609, 99, 102, 107, 109, 117, 121, 126, 130, 133, 134, 136, 142, 145, 162, 170, 173, 174, 176, 179, 181, 191, 229, 235, 240, 242, 243, 284, 314, 321, 340, 347, 349, 353, 373, 374, 379, 385, 386, 394, 402, 404, 411, 429, 436, 444, 446, 447, 455, 458, 468, 470, 476, 485, 486, 498, 507]",1996
62,"[512, 130, 262, 455, 136, 584, 458, 588, 468, 470, 536, 602, 411, 26, 162, 229, 43, 429, 46, 174, 242, 179, 117, 373, 121, 58, 574]",1996
63,"[512, 385, 386, 5, 6, 262, 8, 133, 394, 395, 524, 14, 142, 273, 402, 530, 404, 26, 411, 284, 541, 38, 170, 43, 173, 174, 559, 179, 436, 181, 566, 565, 314, 58, 446, 447, 321, 455, 584, 458, 592, 470, 602, 347, 476, 349, 94, 229, 102, 235, 109, 240, 498, 117, 373, 507, 121, 379, 126]",1996
64,"[512, 386, 133, 6, 8, 394, 524, 411, 35, 46, 174, 569, 314, 58, 444, 588, 470, 602, 117, 373]",1996
65,"[5, 6, 262, 8, 273, 536, 284, 541, 38, 40, 559, 565, 566, 58, 314, 321, 588, 592, 602, 347, 349, 94, 109, 117, 373, 379, 385, 386, 404, 411, 173, 181, 444, 446, 447, 191, 455, 458, 470, 476, 229, 235]",1996
66,"[512, 385, 386, 133, 6, 134, 8, 136, 262, 524, 14, 142, 273, 402, 404, 536, 26, 411, 541, 38, 170, 46, 176, 179, 436, 181, 54, 56, 314, 444, 446, 574, 192, 447, 321, 455, 584, 588, 592, 602, 604, 349, 94, 353, 229, 102, 486, 485, 235, 109, 242, 117, 373, 507, 126]",1996
67,"[512, 130, 386, 5, 6, 134, 8, 136, 133, 395, 524, 142, 273, 404, 536, 411, 284, 541, 38, 40, 43, 173, 46, 559, 174, 179, 436, 566, 56, 58, 314, 444, 446, 447, 321, 455, 584, 458, 588, 592, 81, 340, 468, 470, 602, 347, 604, 349, 94, 353, 609, 99, 229, 102, 486, 485, 107, 109, 240, 242, 117, 373, 507, 121, 379, 126]",1996
68,"[512, 321, 6, 8, 458, 395, 592, 470, 602, 411, 347, 476, 94, 284, 604, 353, 107, 559, 240, 436, 117, 566, 373, 501, 446, 447]",1996
69,"[512, 385, 5, 6, 262, 8, 133, 395, 524, 14, 273, 402, 530, 404, 411, 284, 541, 162, 38, 170, 43, 173, 174, 559, 179, 436, 181, 566, 565, 54, 314, 58, 444, 446, 447, 321, 455, 584, 458, 592, 470, 602, 347, 476, 349, 94, 229, 102, 235, 109, 240, 117, 373, 121, 379, 126]",1996
70,"[512, 5, 262, 530, 536, 26, 35, 38, 40, 43, 46, 566, 58, 574, 584, 588, 602, 604, 109, 117, 373, 121, 126, 130, 386, 133, 136, 145, 411, 162, 429, 174, 179, 444, 446, 191, 455, 458, 468, 470, 476, 485, 229, 235, 498, 242]",1996
71,"[385, 6, 136, 458, 395, 524, 14, 142, 592, 402, 470, 602, 284, 541, 604, 94, 486, 170, 43, 240, 373, 121, 314, 446, 191]",1996
72,"[512, 385, 5, 6, 262, 8, 395, 524, 14, 273, 530, 402, 404, 411, 541, 162, 38, 170, 43, 173, 174, 559, 179, 436, 181, 566, 565, 314, 58, 446, 447, 321, 455, 584, 458, 592, 470, 602, 347, 476, 349, 94, 229, 102, 235, 109, 240, 117, 373, 121, 379, 126]",1996
73,"[512, 6, 8, 524, 14, 530, 536, 26, 541, 38, 40, 43, 46, 559, 565, 54, 566, 56, 569, 58, 574, 584, 588, 592, 81, 602, 94, 609, 99, 102, 107, 109, 117, 121, 126, 130, 133, 134, 136, 142, 145, 170, 173, 174, 176, 179, 181, 191, 192, 229, 235, 240, 242, 243, 284, 314, 321, 340, 347, 349, 353, 373, 374, 379, 385, 386, 394, 395, 402, 404, 411, 429, 436, 446, 447, 455, 458, 468, 470, 476, 485, 486, 498, 507]",1996
74,"[5, 6, 14, 35, 38, 40, 46, 566, 58, 602, 347, 349, 94, 353, 99, 102, 107, 109, 117, 373, 121, 385, 136, 404, 411, 162, 170, 444, 446, 447, 192, 455, 458, 468, 470, 486, 242, 507]",1996
75,"[512, 385, 386, 5, 6, 134, 8, 136, 133, 395, 524, 142, 273, 530, 402, 404, 536, 411, 284, 541, 38, 40, 170, 43, 173, 46, 559, 174, 176, 179, 436, 181, 54, 566, 56, 58, 314, 444, 446, 447, 321, 455, 584, 458, 588, 592, 81, 340, 470, 602, 347, 476, 349, 94, 604, 353, 609, 229, 102, 486, 235, 109, 240, 498, 117, 373, 507, 379, 126]",1996
76,"[321, 130, 6, 136, 574, 584, 8, 395, 14, 592, 145, 470, 602, 411, 347, 284, 609, 35, 126, 485, 99, 40, 43, 46, 174, 240, 498, 179, 436, 117, 58, 446]",1996
77,"[6, 262, 8, 14, 530, 284, 31, 35, 38, 40, 43, 46, 559, 54, 58, 574, 321, 584, 592, 602, 347, 604, 609, 117, 379, 126, 385, 130, 136, 394, 395, 145, 404, 411, 170, 429, 174, 179, 436, 181, 446, 447, 191, 455, 458, 470, 476, 485, 240, 498, 507]",1996
78,"[6, 8, 524, 284, 541, 43, 46, 559, 566, 56, 569, 314, 584, 588, 592, 81, 340, 602, 347, 349, 94, 353, 609, 99, 117, 136, 395, 411, 170, 173, 174, 176, 446, 447, 458, 470, 476, 229, 485, 486, 235, 240, 498]",1996
79,"[512, 6, 262, 8, 273, 530, 43, 559, 566, 58, 314, 321, 584, 592, 602, 347, 349, 94, 109, 117, 373, 379, 385, 402, 404, 411, 170, 173, 174, 436, 181, 446, 447, 455, 458, 470, 476, 229]",1996
80,"[512, 386, 130, 133, 6, 8, 136, 394, 524, 404, 26, 411, 284, 35, 170, 43, 429, 46, 559, 174, 179, 181, 56, 569, 314, 58, 444, 574, 192, 584, 458, 588, 592, 468, 340, 470, 602, 347, 476, 604, 94, 353, 609, 229, 485, 107, 240, 498, 242, 117, 373, 379, 126]",1996
81,"[512, 6, 8, 524, 273, 536, 541, 38, 46, 56, 314, 321, 584, 588, 592, 602, 604, 349, 94, 353, 102, 109, 117, 373, 126, 133, 134, 136, 142, 402, 404, 411, 170, 179, 436, 446, 447, 455, 229, 485, 486, 235, 242, 507]",1996
82,"[6, 8, 524, 284, 541, 43, 46, 559, 566, 56, 314, 584, 588, 592, 81, 340, 602, 347, 349, 94, 353, 609, 117, 385, 386, 136, 395, 411, 170, 173, 174, 176, 446, 447, 458, 470, 476, 229, 486, 485, 235, 240, 498, 243]",1996
83,"[512, 385, 5, 6, 134, 8, 136, 395, 14, 142, 273, 402, 530, 404, 536, 411, 284, 541, 38, 40, 170, 43, 173, 174, 559, 46, 179, 436, 181, 566, 54, 56, 314, 58, 444, 446, 447, 321, 455, 584, 458, 588, 592, 81, 470, 602, 347, 476, 349, 94, 604, 353, 229, 102, 235, 109, 240, 498, 117, 373, 379, 126]",1996
84,"[512, 130, 386, 6, 134, 8, 136, 394, 395, 524, 142, 145, 530, 404, 536, 411, 284, 541, 162, 37, 38, 40, 170, 43, 429, 46, 174, 176, 559, 179, 436, 566, 56, 58, 314, 444, 446, 191, 447, 192, 321, 574, 455, 584, 458, 588, 592, 81, 340, 468, 470, 602, 347, 604, 476, 94, 349, 609, 353, 99, 485, 486, 102, 107, 235, 240, 498, 242, 243, 373, 374, 117, 121, 379, 126]",1996
85,"[130, 6, 134, 136, 8, 395, 14, 142, 411, 284, 35, 40, 43, 46, 174, 176, 179, 436, 565, 566, 56, 569, 58, 444, 574, 446, 321, 584, 588, 592, 81, 468, 470, 602, 347, 349, 94, 353, 609, 99, 485, 102, 486, 107, 109, 240, 242, 498, 117, 373, 374, 126]",1996
86,"[512, 5, 6, 8, 273, 530, 541, 38, 43, 559, 565, 566, 58, 314, 321, 584, 592, 602, 347, 349, 94, 102, 109, 117, 373, 379, 404, 411, 170, 173, 174, 436, 181, 446, 447, 455, 458, 470, 476, 229, 235]",1996
87,"[512, 5, 6, 8, 524, 14, 530, 536, 541, 38, 40, 43, 46, 559, 565, 54, 566, 56, 569, 58, 584, 588, 592, 81, 602, 604, 94, 609, 102, 109, 117, 121, 126, 133, 134, 136, 142, 170, 173, 174, 176, 179, 181, 192, 229, 235, 240, 243, 262, 273, 284, 314, 321, 340, 347, 349, 353, 373, 379, 385, 386, 394, 395, 402, 404, 411, 436, 444, 446, 447, 455, 458, 470, 476, 486, 498, 507]",1996
88,"[512, 5, 6, 134, 8, 136, 133, 395, 524, 142, 273, 402, 404, 536, 411, 541, 38, 40, 170, 43, 173, 46, 559, 174, 179, 436, 566, 56, 314, 58, 446, 447, 321, 455, 584, 458, 588, 592, 81, 340, 470, 602, 347, 476, 349, 94, 604, 353, 609, 99, 229, 102, 485, 486, 235, 109, 240, 117, 373, 379, 126]",1996
89,"[512, 385, 133, 6, 5, 8, 395, 524, 14, 142, 273, 402, 530, 404, 536, 411, 284, 541, 38, 170, 43, 173, 174, 559, 179, 436, 181, 566, 54, 56, 314, 58, 444, 446, 447, 321, 455, 584, 458, 588, 592, 81, 340, 470, 602, 347, 476, 349, 94, 609, 229, 102, 486, 485, 235, 109, 240, 117, 373, 507, 379, 126]",1996
90,"[512, 385, 386, 133, 6, 8, 524, 46, 174, 565, 54, 566, 314, 58, 446, 470, 602, 109, 117, 373]",1996
91,"[321, 386, 395, 524, 592, 340, 470, 602, 411, 347, 541, 31, 58, 229, 486, 38, 43, 235, 174, 498, 243, 117, 566, 373, 314, 446]",1996
92,"[512, 5, 8, 584, 458, 14, 592, 470, 602, 347, 284, 604, 94, 35, 58, 38, 102, 235, 109, 174, 559, 240, 46, 181, 566, 117, 121, 314, 507, 446, 191]",1996
93,"[512, 6, 8, 273, 530, 38, 43, 559, 566, 58, 314, 321, 584, 592, 602, 347, 349, 94, 109, 117, 373, 379, 402, 404, 411, 170, 173, 174, 436, 181, 446, 447, 455, 458, 470, 476, 229, 235]",1996
94,"[512, 130, 133, 6, 134, 5, 8, 136, 524, 273, 411, 541, 38, 43, 173, 46, 174, 559, 179, 566, 56, 58, 446, 447, 321, 455, 584, 588, 592, 340, 468, 470, 602, 347, 604, 349, 94, 353, 609, 99, 229, 102, 486, 485, 107, 109, 240, 242, 117, 373, 121, 379, 126]",1996
95,"[512, 6, 14, 536, 541, 43, 46, 56, 58, 574, 321, 584, 588, 592, 602, 94, 353, 99, 102, 109, 117, 373, 121, 385, 130, 133, 136, 142, 411, 174, 179, 446, 447, 455, 468, 470, 229, 240, 242]",1996
96,"[192, 385, 6, 455, 136, 14, 468, 404, 470, 602, 411, 347, 94, 353, 99, 102, 486, 109, 46, 242, 117, 373, 121, 58, 507, 444, 446, 447]",1996
97,"[512, 6, 262, 8, 524, 273, 530, 38, 43, 559, 565, 566, 58, 314, 321, 584, 592, 602, 347, 349, 94, 109, 117, 373, 121, 379, 385, 402, 404, 411, 162, 170, 173, 174, 436, 181, 446, 447, 455, 458, 470, 476, 229, 235]",1996
98,"[6, 8, 524, 26, 284, 541, 43, 46, 559, 566, 56, 569, 314, 584, 588, 592, 81, 340, 602, 347, 349, 94, 353, 609, 99, 117, 385, 386, 136, 395, 411, 170, 173, 174, 176, 181, 446, 447, 192, 458, 470, 476, 229, 485, 486, 235, 240, 498, 243]",1996
99,"[512, 6, 8, 14, 284, 541, 43, 565, 56, 314, 58, 574, 584, 588, 81, 602, 347, 94, 353, 102, 109, 117, 373, 379, 126, 134, 136, 142, 402, 404, 411, 176, 179, 444, 446, 468, 470, 486, 498, 242]",1996
100,"[512, 5, 6, 455, 8, 133, 395, 588, 142, 14, 404, 470, 602, 411, 349, 162, 58, 229, 38, 109, 174, 436, 565, 566, 117, 373, 314, 444, 446]",1996
101,"[385, 321, 386, 5, 6, 584, 136, 395, 273, 470, 602, 284, 541, 94, 229, 38, 170, 43, 235, 173, 174, 559, 109, 240, 243, 436, 117, 373, 56, 314, 447]",1996
102,"[385, 6, 455, 136, 458, 404, 470, 411, 604, 31, 162, 35, 58, 38, 40, 235, 107, 109, 174, 498, 243, 181, 117, 121, 314]",1996
103,"[512, 130, 386, 133, 6, 134, 8, 136, 394, 395, 524, 145, 530, 404, 26, 411, 284, 541, 38, 40, 170, 43, 429, 46, 174, 559, 179, 181, 566, 56, 58, 314, 444, 574, 446, 192, 191, 321, 584, 458, 588, 592, 81, 340, 468, 470, 602, 347, 604, 476, 94, 609, 353, 485, 229, 486, 107, 235, 240, 242, 498, 373, 374, 117, 379, 126]",1996
104,"[512, 5, 6, 8, 524, 14, 530, 536, 26, 541, 35, 37, 38, 40, 43, 46, 559, 565, 566, 54, 56, 569, 58, 574, 584, 588, 592, 81, 602, 604, 94, 609, 99, 102, 107, 109, 117, 121, 126, 130, 133, 134, 136, 142, 145, 162, 170, 173, 174, 176, 179, 181, 191, 192, 229, 235, 240, 242, 243, 262, 273, 284, 314, 321, 340, 347, 349, 353, 373, 374, 379, 385, 386, 394, 395, 402, 404, 411, 429, 436, 444, 446, 447, 455, 458, 468, 470, 476, 485, 486, 498, 507]",1996
105,"[512, 385, 386, 5, 6, 133, 8, 455, 262, 588, 524, 142, 145, 470, 602, 411, 162, 35, 58, 38, 109, 174, 46, 565, 566, 117, 373, 569, 314, 54, 444, 501, 446, 191]",1996
106,"[385, 6, 262, 136, 458, 395, 524, 14, 273, 284, 541, 353, 58, 38, 102, 43, 559, 240, 117, 566, 314, 447]",1996
107,"[512, 5, 6, 8, 524, 14, 530, 536, 26, 541, 35, 37, 38, 40, 43, 46, 559, 565, 54, 566, 56, 569, 58, 574, 584, 588, 592, 81, 602, 604, 94, 609, 99, 102, 107, 109, 117, 121, 126, 130, 133, 134, 136, 142, 145, 170, 173, 174, 176, 179, 181, 191, 192, 229, 235, 240, 242, 243, 284, 314, 321, 340, 347, 349, 353, 373, 374, 379, 385, 386, 394, 395, 402, 404, 411, 429, 436, 444, 446, 447, 455, 458, 468, 470, 476, 485, 486, 498, 507]",1996
108,"[192, 386, 6, 8, 136, 584, 588, 524, 81, 470, 602, 411, 284, 347, 94, 26, 541, 353, 486, 43, 176, 498, 117, 181, 56, 314, 446]",1996
109,"[512, 385, 386, 5, 6, 134, 8, 136, 133, 395, 524, 142, 273, 530, 402, 404, 536, 411, 284, 541, 38, 40, 170, 43, 173, 46, 559, 174, 176, 179, 436, 181, 54, 566, 56, 569, 58, 314, 444, 446, 447, 321, 455, 584, 458, 588, 592, 81, 340, 470, 602, 347, 476, 349, 94, 604, 353, 609, 229, 102, 486, 235, 109, 240, 498, 243, 117, 373, 507, 374, 379, 126]",1996
110,"[512, 5, 6, 8, 524, 14, 530, 536, 26, 541, 37, 38, 40, 43, 46, 559, 54, 566, 56, 569, 58, 574, 584, 588, 592, 81, 602, 604, 94, 609, 99, 102, 107, 109, 117, 121, 126, 130, 133, 134, 136, 142, 145, 162, 170, 173, 174, 176, 179, 181, 191, 192, 229, 235, 240, 242, 243, 273, 284, 314, 321, 340, 347, 349, 353, 373, 374, 379, 385, 386, 394, 395, 404, 411, 429, 436, 446, 447, 455, 458, 468, 470, 476, 485, 486, 498, 507]",1996
111,"[512, 385, 386, 5, 6, 134, 8, 136, 133, 395, 524, 142, 273, 530, 402, 404, 536, 411, 284, 541, 38, 40, 170, 43, 173, 46, 559, 174, 176, 179, 436, 181, 54, 566, 56, 58, 314, 444, 446, 447, 321, 455, 584, 458, 588, 592, 81, 340, 470, 602, 347, 476, 349, 94, 604, 353, 609, 229, 102, 486, 485, 235, 109, 240, 498, 243, 117, 373, 507, 121, 379, 126]",1996
112,"[512, 385, 386, 5, 6, 134, 8, 136, 133, 395, 262, 524, 142, 14, 273, 402, 530, 404, 536, 411, 284, 541, 38, 40, 170, 43, 173, 46, 559, 174, 176, 179, 436, 181, 54, 566, 56, 58, 314, 444, 446, 447, 321, 455, 584, 458, 588, 592, 81, 340, 470, 602, 347, 476, 349, 94, 604, 353, 609, 229, 102, 486, 485, 235, 109, 240, 498, 242, 243, 117, 373, 507, 121, 379, 126]",1996
113,"[512, 6, 8, 524, 14, 26, 284, 541, 43, 565, 54, 56, 58, 314, 574, 584, 588, 81, 602, 347, 94, 353, 102, 109, 117, 373, 121, 379, 126, 386, 133, 134, 136, 142, 402, 404, 411, 176, 179, 444, 446, 191, 192, 468, 470, 486, 498, 242, 507]",1996
114,"[512, 5, 6, 524, 14, 530, 536, 26, 541, 31, 35, 37, 38, 40, 43, 46, 559, 565, 54, 566, 56, 569, 58, 574, 584, 588, 592, 81, 602, 604, 94, 609, 99, 102, 107, 109, 117, 121, 126, 130, 133, 134, 136, 142, 145, 170, 173, 174, 176, 179, 181, 191, 192, 229, 235, 240, 242, 243, 273, 284, 314, 321, 340, 347, 349, 353, 373, 374, 379, 385, 386, 394, 395, 402, 404, 411, 429, 436, 446, 447, 455, 458, 468, 470, 476, 485, 486, 498, 507]",1996
115,"[5, 6, 273, 284, 541, 38, 40, 43, 559, 56, 314, 574, 321, 584, 602, 604, 94, 107, 109, 117, 373, 126, 386, 130, 136, 394, 395, 170, 174, 179, 436, 444, 447, 468, 470, 229, 235, 240, 242]",1996
116,"[6, 273, 530, 284, 541, 38, 40, 43, 559, 54, 569, 314, 574, 584, 592, 340, 602, 604, 609, 117, 374, 126, 130, 136, 395, 145, 411, 429, 174, 173, 179, 446, 447, 455, 458, 470, 476, 485, 235, 240]",1996
117,"[512, 6, 262, 8, 524, 14, 273, 530, 541, 38, 43, 559, 566, 58, 314, 321, 584, 592, 602, 347, 349, 94, 102, 109, 117, 373, 379, 385, 133, 402, 404, 411, 170, 173, 174, 436, 181, 446, 447, 455, 458, 470, 476, 229, 235]",1996
118,"[6, 524, 284, 541, 38, 40, 43, 46, 566, 56, 314, 584, 588, 592, 81, 340, 602, 347, 604, 94, 609, 107, 374, 126, 386, 130, 136, 395, 145, 411, 429, 179, 446, 458, 470, 485, 486, 235, 240, 242]",1996
119,"[191, 321, 385, 6, 455, 584, 14, 470, 602, 411, 604, 609, 99, 126, 43, 46, 174, 179, 117, 54, 58, 446, 447]",1996
120,"[512, 385, 6, 134, 8, 136, 395, 14, 142, 273, 402, 530, 404, 536, 411, 284, 541, 38, 40, 170, 43, 173, 174, 559, 46, 179, 436, 181, 566, 565, 54, 56, 314, 58, 444, 446, 447, 321, 455, 584, 458, 588, 592, 81, 470, 602, 347, 476, 349, 94, 604, 353, 229, 102, 235, 109, 240, 498, 117, 373, 121, 379, 126]",1996
121,"[512, 386, 134, 136, 584, 524, 592, 273, 402, 602, 411, 604, 541, 284, 353, 229, 486, 43, 109, 174, 559, 240, 243, 436, 117, 566, 314, 446, 447]",1996
122,"[512, 385, 386, 133, 6, 134, 8, 136, 262, 524, 14, 142, 273, 402, 530, 404, 536, 26, 411, 541, 38, 170, 46, 176, 179, 436, 181, 54, 56, 314, 444, 446, 447, 574, 321, 192, 455, 584, 588, 592, 602, 604, 349, 94, 353, 229, 102, 486, 485, 235, 109, 242, 117, 373, 507, 126]",1996
123,"[512, 5, 6, 8, 524, 14, 530, 536, 26, 541, 37, 38, 40, 43, 46, 559, 54, 566, 56, 569, 58, 574, 584, 588, 592, 81, 602, 604, 94, 609, 99, 102, 107, 109, 117, 121, 126, 130, 133, 134, 136, 142, 145, 162, 170, 174, 176, 179, 181, 191, 192, 229, 235, 240, 242, 243, 284, 314, 321, 340, 347, 349, 353, 373, 374, 379, 385, 386, 394, 402, 404, 411, 429, 436, 444, 446, 447, 455, 458, 468, 470, 476, 485, 486, 498, 507]",1996
124,"[512, 385, 5, 6, 8, 136, 394, 395, 524, 14, 273, 402, 530, 404, 26, 411, 541, 38, 40, 170, 43, 173, 174, 559, 179, 436, 181, 566, 565, 314, 58, 446, 447, 191, 321, 455, 584, 458, 592, 470, 602, 347, 476, 349, 94, 604, 353, 229, 235, 109, 240, 498, 117, 373, 507, 121, 379, 126]",1996
125,"[512, 6, 8, 524, 284, 35, 43, 46, 559, 56, 569, 58, 314, 574, 584, 588, 592, 340, 602, 347, 604, 94, 353, 609, 107, 117, 373, 374, 379, 126, 130, 386, 133, 136, 394, 404, 411, 170, 174, 179, 444, 458, 468, 470, 476, 229, 485, 240, 498, 242]",1996
126,"[512, 385, 386, 133, 6, 5, 8, 394, 395, 524, 142, 14, 273, 402, 530, 404, 536, 411, 284, 541, 38, 170, 43, 173, 174, 559, 176, 179, 436, 181, 54, 566, 56, 565, 58, 314, 444, 569, 446, 447, 192, 321, 455, 584, 458, 588, 592, 81, 340, 470, 602, 347, 476, 349, 94, 609, 229, 102, 486, 235, 109, 240, 498, 243, 117, 373, 507, 121, 379, 126]",1996
127,"[512, 385, 386, 5, 6, 262, 8, 133, 395, 524, 14, 142, 273, 402, 530, 404, 411, 284, 541, 162, 38, 170, 43, 173, 174, 559, 179, 436, 181, 566, 565, 314, 58, 446, 447, 321, 455, 584, 458, 592, 470, 602, 347, 476, 349, 94, 229, 102, 235, 109, 240, 498, 117, 373, 507, 121, 379, 126]",1996
128,"[512, 385, 130, 5, 6, 134, 136, 394, 395, 142, 273, 145, 284, 541, 35, 38, 40, 170, 43, 429, 46, 559, 174, 436, 181, 54, 569, 314, 58, 444, 446, 447, 574, 321, 455, 584, 458, 592, 340, 468, 470, 347, 476, 604, 349, 353, 235, 240, 117, 374, 507, 126]",1996
129,"[192, 5, 6, 455, 136, 458, 14, 404, 468, 470, 602, 411, 347, 349, 94, 353, 99, 35, 38, 102, 40, 486, 170, 107, 109, 46, 429, 242, 117, 566, 373, 58, 444, 446, 447]",1996
130,"[512, 6, 8, 524, 530, 536, 26, 541, 37, 38, 40, 43, 46, 559, 54, 566, 56, 569, 58, 574, 584, 588, 592, 81, 602, 604, 94, 609, 99, 102, 107, 109, 117, 121, 126, 130, 133, 134, 136, 142, 145, 162, 170, 173, 174, 176, 179, 181, 191, 192, 229, 235, 240, 242, 243, 273, 284, 314, 321, 340, 347, 349, 353, 373, 374, 379, 385, 386, 394, 395, 404, 411, 429, 436, 444, 446, 447, 455, 458, 468, 470, 476, 485, 486, 498, 507]",1996
131,"[321, 130, 6, 455, 136, 584, 394, 458, 262, 592, 470, 602, 411, 99, 43, 429, 46, 174, 240, 179, 181, 117, 58, 574, 447]",1996
132,"[512, 6, 262, 455, 134, 14, 273, 530, 404, 602, 411, 349, 353, 162, 229, 38, 40, 235, 559, 565, 566, 373, 58, 444, 446]",1996
133,"[5, 6, 262, 8, 273, 284, 35, 38, 40, 559, 565, 566, 54, 58, 314, 321, 592, 602, 349, 94, 102, 109, 117, 373, 379, 385, 404, 411, 173, 181, 444, 446, 191, 447, 458, 470, 476, 229, 235]",1996
134,"[512, 5, 262, 530, 536, 26, 35, 38, 40, 43, 46, 565, 566, 58, 574, 584, 588, 602, 604, 109, 117, 373, 121, 126, 130, 386, 133, 136, 145, 411, 162, 429, 174, 179, 444, 446, 191, 455, 458, 468, 470, 476, 485, 229, 235, 498, 242]",1996
135,"[512, 130, 386, 6, 134, 136, 142, 14, 145, 402, 404, 536, 26, 411, 284, 541, 38, 40, 43, 429, 46, 559, 176, 179, 436, 566, 56, 569, 314, 446, 447, 574, 455, 584, 588, 592, 468, 340, 470, 602, 347, 476, 604, 94, 349, 353, 609, 99, 229, 102, 485, 486, 235, 107, 240, 498, 242, 117, 373, 374, 121, 379, 126]",1996
136,"[512, 5, 6, 8, 524, 14, 530, 536, 26, 541, 35, 37, 38, 40, 43, 46, 559, 54, 566, 56, 569, 58, 574, 584, 588, 592, 81, 602, 604, 94, 609, 99, 102, 107, 109, 117, 121, 126, 130, 133, 134, 136, 142, 145, 170, 173, 174, 176, 179, 181, 191, 192, 229, 235, 240, 242, 243, 284, 314, 321, 340, 347, 349, 353, 373, 374, 379, 385, 386, 394, 395, 402, 404, 411, 429, 436, 444, 446, 447, 455, 458, 468, 470, 476, 485, 486, 498, 507]",1996
137,"[192, 512, 321, 130, 6, 455, 8, 136, 584, 262, 395, 592, 468, 347, 604, 476, 94, 38, 40, 43, 107, 429, 174, 559, 240, 242, 179, 436, 181, 117, 56, 58, 446]",1996
138,"[512, 386, 130, 133, 6, 8, 136, 394, 524, 404, 26, 411, 284, 35, 170, 43, 429, 46, 174, 559, 179, 181, 56, 569, 58, 314, 444, 574, 192, 584, 458, 588, 592, 468, 340, 470, 602, 347, 476, 604, 94, 353, 609, 485, 229, 107, 240, 242, 498, 117, 373, 374, 379, 126]",1996
139,"[6, 262, 8, 524, 26, 284, 541, 43, 46, 559, 566, 56, 569, 314, 584, 588, 592, 81, 340, 602, 347, 349, 94, 353, 609, 117, 385, 386, 136, 395, 411, 170, 174, 181, 446, 447, 458, 470, 476, 229, 485, 235, 240, 498]",1996
140,"[5, 6, 455, 136, 458, 14, 468, 404, 470, 602, 347, 411, 349, 94, 353, 35, 99, 38, 102, 486, 40, 170, 107, 109, 46, 429, 242, 117, 566, 373, 121, 58, 507, 444, 446, 447]",1996
141,"[512, 385, 130, 386, 5, 6, 134, 8, 136, 133, 395, 524, 142, 273, 402, 404, 536, 411, 284, 541, 38, 40, 170, 43, 173, 46, 559, 174, 176, 179, 436, 566, 54, 56, 58, 314, 444, 446, 447, 321, 455, 584, 458, 588, 592, 81, 340, 468, 470, 602, 347, 476, 349, 94, 604, 353, 609, 99, 229, 102, 485, 486, 235, 107, 109, 240, 498, 242, 243, 117, 373, 507, 121, 379, 126]",1996
142,"[512, 385, 5, 6, 262, 8, 133, 395, 524, 14, 273, 402, 530, 404, 536, 411, 284, 541, 38, 170, 43, 173, 174, 559, 179, 436, 181, 566, 565, 54, 56, 314, 58, 444, 446, 447, 321, 455, 584, 458, 588, 592, 470, 602, 347, 476, 349, 94, 229, 102, 235, 109, 240, 498, 117, 373, 121, 379, 126]",1996
143,"[512, 6, 8, 284, 35, 43, 46, 559, 569, 314, 58, 574, 584, 592, 340, 602, 347, 604, 609, 353, 117, 374, 379, 126, 130, 136, 394, 404, 411, 170, 429, 174, 179, 181, 444, 458, 468, 470, 476, 485, 240, 498]",1996
144,"[6, 524, 284, 43, 559, 56, 569, 314, 574, 584, 588, 592, 340, 602, 347, 604, 94, 609, 107, 117, 373, 374, 126, 130, 386, 136, 394, 411, 170, 429, 174, 179, 444, 458, 468, 470, 476, 229, 485, 240, 242]",1996
145,"[385, 386, 6, 262, 8, 584, 458, 395, 524, 136, 592, 470, 602, 411, 347, 476, 349, 94, 541, 284, 26, 353, 229, 170, 43, 235, 173, 174, 559, 240, 498, 181, 566, 117, 314, 446, 447]",1996
146,"[6, 262, 8, 14, 530, 284, 31, 35, 38, 40, 43, 46, 559, 54, 58, 574, 321, 584, 592, 602, 347, 604, 609, 99, 117, 379, 126, 385, 130, 136, 394, 395, 145, 404, 411, 170, 429, 174, 179, 436, 181, 446, 447, 455, 458, 470, 476, 485, 240, 498, 507]",1996
147,"[512, 321, 6, 455, 8, 584, 458, 592, 273, 530, 402, 404, 470, 602, 411, 347, 476, 349, 94, 58, 229, 170, 43, 173, 109, 559, 174, 436, 181, 566, 117, 373, 314, 379, 446, 447]",1996
148,"[512, 192, 321, 386, 191, 6, 134, 136, 584, 395, 592, 468, 602, 411, 347, 94, 353, 99, 102, 107, 46, 174, 240, 559, 117, 373, 56, 446, 447]",1996
149,"[512, 6, 8, 524, 530, 536, 26, 541, 37, 38, 40, 43, 46, 559, 54, 566, 56, 569, 58, 574, 584, 588, 592, 81, 602, 604, 94, 609, 99, 102, 107, 109, 117, 121, 126, 130, 133, 134, 136, 142, 145, 162, 170, 173, 174, 176, 179, 181, 191, 192, 229, 235, 240, 242, 243, 273, 284, 314, 321, 340, 347, 349, 353, 373, 374, 379, 386, 394, 395, 404, 411, 429, 436, 444, 446, 447, 455, 458, 468, 470, 476, 485, 486, 498, 507]",1996
150,"[512, 321, 385, 386, 446, 133, 6, 455, 584, 588, 14, 470, 602, 411, 541, 94, 229, 102, 43, 109, 174, 179, 117, 373, 54, 56, 121, 58, 444, 126, 447]",1996
151,"[512, 6, 8, 524, 14, 26, 541, 37, 46, 54, 56, 314, 574, 321, 584, 588, 592, 602, 349, 94, 353, 102, 109, 117, 373, 126, 386, 133, 134, 136, 142, 402, 404, 411, 176, 179, 436, 181, 444, 446, 192, 485, 486, 242, 507]",1996
152,"[512, 385, 130, 5, 6, 134, 136, 394, 395, 142, 273, 145, 284, 541, 35, 38, 40, 170, 43, 173, 174, 559, 429, 46, 436, 181, 54, 569, 314, 58, 444, 574, 447, 446, 321, 455, 584, 458, 592, 468, 340, 470, 347, 604, 476, 349, 353, 235, 240, 243, 117, 121, 507, 126]",1996
153,"[512, 5, 6, 8, 524, 14, 530, 536, 26, 541, 37, 38, 40, 43, 46, 559, 565, 54, 566, 56, 569, 58, 574, 584, 588, 592, 81, 602, 604, 94, 609, 99, 102, 107, 109, 117, 121, 126, 130, 133, 134, 136, 142, 145, 162, 170, 174, 176, 179, 181, 191, 192, 229, 235, 240, 242, 243, 284, 314, 321, 340, 347, 349, 353, 373, 374, 379, 385, 386, 394, 402, 404, 411, 429, 436, 444, 446, 447, 455, 458, 468, 470, 476, 485, 486, 498, 507]",1996
154,"[512, 5, 6, 455, 8, 133, 395, 588, 142, 14, 402, 404, 470, 536, 602, 411, 349, 162, 58, 229, 38, 235, 173, 109, 174, 243, 436, 565, 566, 117, 373, 121, 314, 379, 444, 446]",1996
155,"[512, 385, 5, 6, 134, 8, 136, 133, 395, 394, 524, 142, 273, 402, 530, 404, 536, 26, 411, 284, 541, 38, 40, 170, 43, 173, 46, 559, 174, 179, 436, 181, 54, 566, 56, 58, 314, 444, 446, 447, 192, 321, 455, 584, 458, 588, 592, 81, 340, 470, 602, 347, 476, 349, 94, 604, 353, 609, 229, 102, 235, 109, 240, 498, 242, 117, 373, 507, 121, 379, 126]",1996
156,"[512, 386, 130, 133, 6, 8, 136, 524, 404, 26, 411, 284, 35, 170, 43, 46, 559, 174, 179, 181, 56, 569, 314, 58, 444, 574, 192, 584, 458, 588, 592, 468, 340, 470, 602, 347, 604, 476, 94, 353, 609, 229, 485, 107, 240, 498, 242, 117, 373, 374, 379, 126]",1996
157,"[512, 386, 130, 133, 6, 8, 136, 394, 524, 404, 26, 411, 284, 35, 170, 43, 429, 46, 559, 174, 179, 181, 56, 569, 58, 314, 444, 574, 192, 584, 458, 588, 592, 468, 340, 470, 602, 347, 476, 604, 94, 353, 609, 229, 485, 107, 240, 242, 498, 117, 373, 374, 379, 126]",1996
158,"[386, 5, 8, 458, 592, 470, 602, 284, 94, 35, 58, 38, 102, 486, 235, 109, 242, 117, 181, 566, 314, 446, 191]",1996
159,"[6, 8, 14, 284, 35, 43, 46, 565, 566, 56, 569, 58, 574, 321, 584, 588, 592, 81, 602, 347, 349, 94, 353, 609, 102, 107, 109, 117, 373, 374, 126, 130, 134, 136, 142, 411, 174, 176, 179, 444, 446, 468, 470, 485, 486, 240, 242, 498]",1996
160,"[512, 385, 133, 6, 134, 8, 136, 395, 14, 273, 402, 530, 404, 536, 411, 284, 541, 38, 40, 170, 43, 173, 174, 559, 46, 179, 436, 181, 566, 565, 54, 56, 314, 58, 444, 446, 447, 321, 455, 584, 458, 588, 592, 81, 470, 602, 347, 476, 349, 94, 604, 353, 229, 102, 235, 109, 240, 498, 117, 373, 121, 379, 126]",1996
161,"[6, 262, 8, 524, 26, 284, 541, 31, 43, 46, 559, 566, 56, 569, 314, 584, 588, 592, 81, 340, 602, 347, 349, 94, 353, 609, 99, 117, 385, 386, 136, 395, 411, 170, 173, 174, 176, 181, 446, 447, 192, 458, 470, 476, 229, 485, 486, 235, 240, 498, 243]",1996
162,"[512, 385, 386, 5, 6, 134, 8, 136, 133, 395, 524, 142, 273, 530, 402, 404, 536, 411, 284, 541, 38, 40, 170, 43, 173, 46, 559, 174, 179, 436, 181, 54, 566, 56, 58, 314, 444, 446, 447, 321, 455, 584, 458, 588, 592, 81, 340, 470, 602, 347, 476, 349, 94, 604, 353, 609, 229, 102, 486, 235, 109, 240, 498, 117, 373, 507, 379, 126]",1996
163,"[512, 5, 6, 262, 8, 14, 536, 541, 38, 565, 566, 58, 314, 588, 602, 349, 109, 117, 373, 121, 379, 385, 133, 395, 142, 402, 404, 411, 162, 173, 174, 436, 444, 446, 455, 470, 229, 235, 243]",1996
164,"[512, 386, 130, 6, 134, 8, 136, 395, 524, 145, 530, 404, 26, 411, 284, 541, 38, 40, 170, 43, 429, 46, 179, 566, 56, 314, 58, 446, 321, 584, 458, 588, 592, 81, 340, 468, 470, 602, 347, 604, 94, 609, 485, 486, 235, 107, 240, 498, 242, 373, 374, 379, 126]",1996
165,"[512, 385, 386, 5, 6, 134, 8, 136, 133, 395, 262, 394, 142, 14, 524, 273, 530, 402, 404, 536, 411, 284, 541, 38, 40, 170, 43, 173, 46, 559, 179, 436, 181, 54, 566, 565, 56, 58, 314, 444, 446, 447, 321, 455, 584, 458, 588, 592, 81, 470, 602, 347, 476, 349, 94, 604, 353, 229, 102, 235, 109, 240, 498, 117, 373, 379, 126]",1996
166,"[512, 385, 5, 6, 262, 8, 133, 395, 524, 14, 142, 273, 402, 530, 404, 536, 411, 284, 541, 38, 170, 43, 173, 174, 559, 179, 436, 181, 566, 565, 314, 58, 444, 446, 447, 321, 455, 584, 458, 592, 470, 602, 347, 476, 349, 94, 229, 102, 235, 109, 240, 498, 117, 373, 507, 121, 379, 126]",1996
167,"[512, 130, 386, 6, 134, 8, 136, 524, 142, 145, 530, 404, 536, 411, 541, 38, 40, 170, 43, 429, 46, 174, 559, 176, 179, 436, 566, 56, 58, 314, 446, 191, 447, 321, 574, 455, 584, 458, 588, 592, 81, 340, 468, 470, 602, 347, 604, 94, 609, 353, 99, 485, 486, 107, 235, 240, 498, 242, 117, 373, 374, 121, 379, 126]",1996
168,"[512, 130, 133, 6, 134, 8, 136, 5, 394, 524, 273, 530, 404, 536, 411, 541, 38, 40, 170, 43, 173, 46, 174, 559, 176, 179, 436, 181, 566, 54, 56, 58, 444, 446, 447, 321, 455, 584, 458, 588, 592, 340, 468, 470, 602, 347, 604, 349, 94, 476, 353, 609, 99, 229, 102, 485, 486, 107, 235, 109, 240, 242, 117, 373, 507, 121, 379, 126]",1996
169,"[385, 130, 6, 262, 8, 136, 394, 395, 14, 145, 530, 404, 411, 284, 31, 35, 38, 40, 170, 43, 429, 46, 559, 174, 179, 436, 181, 54, 58, 446, 447, 574, 321, 191, 455, 584, 458, 592, 470, 602, 347, 476, 604, 609, 99, 485, 240, 498, 117, 507, 379, 126]",1996
170,"[512, 6, 262, 8, 524, 14, 273, 530, 541, 38, 43, 559, 565, 566, 58, 314, 321, 584, 592, 602, 347, 349, 94, 109, 117, 373, 121, 379, 385, 402, 404, 411, 162, 170, 173, 174, 436, 181, 446, 447, 455, 458, 470, 476, 229, 235]",1996
171,"[191, 6, 8, 584, 458, 273, 404, 411, 476, 284, 353, 35, 99, 229, 102, 40, 43, 429, 46, 174, 242, 117, 566, 373, 181, 314, 446, 447]",1996
172,"[512, 385, 386, 5, 6, 134, 8, 136, 133, 395, 394, 524, 142, 273, 402, 530, 404, 536, 411, 284, 541, 38, 40, 170, 43, 173, 46, 559, 179, 436, 181, 566, 54, 56, 314, 58, 444, 446, 447, 321, 455, 584, 458, 588, 592, 81, 470, 602, 347, 476, 349, 94, 604, 353, 229, 102, 235, 109, 240, 498, 117, 373, 379, 126]",1996
173,"[512, 5, 262, 536, 26, 35, 38, 40, 43, 46, 565, 566, 58, 574, 584, 588, 602, 604, 109, 117, 373, 121, 126, 130, 386, 133, 136, 145, 411, 429, 174, 179, 444, 446, 455, 458, 468, 470, 476, 229, 485, 235, 498, 242]",1996
174,"[512, 130, 386, 6, 134, 136, 8, 394, 395, 524, 142, 145, 530, 404, 536, 411, 284, 541, 162, 37, 38, 40, 170, 43, 429, 46, 174, 176, 559, 179, 436, 566, 56, 58, 314, 444, 446, 191, 447, 321, 192, 574, 455, 584, 458, 588, 592, 81, 340, 468, 470, 602, 347, 604, 349, 94, 476, 609, 353, 99, 485, 486, 102, 107, 235, 240, 242, 498, 373, 374, 117, 121, 379, 126]",1996
175,"[512, 386, 130, 6, 134, 8, 136, 394, 395, 524, 145, 530, 404, 26, 411, 284, 541, 38, 40, 170, 43, 429, 46, 179, 566, 56, 58, 314, 444, 446, 191, 321, 584, 458, 588, 592, 81, 468, 340, 470, 602, 347, 604, 94, 609, 485, 486, 235, 107, 240, 242, 498, 373, 374, 379, 126]",1996
176,"[512, 130, 386, 133, 6, 134, 8, 136, 394, 395, 524, 530, 404, 26, 411, 284, 541, 35, 38, 40, 170, 43, 429, 46, 174, 559, 179, 181, 566, 56, 569, 58, 314, 444, 574, 446, 192, 321, 584, 458, 588, 592, 81, 340, 468, 470, 602, 347, 604, 476, 94, 609, 353, 485, 229, 486, 107, 235, 240, 242, 498, 373, 374, 117, 379, 126]",1996
177,"[512, 385, 386, 133, 6, 455, 8, 5, 262, 394, 588, 524, 142, 145, 470, 602, 411, 541, 162, 35, 58, 38, 109, 174, 46, 565, 566, 117, 373, 569, 314, 54, 444, 501, 446, 191]",1996
178,"[512, 6, 8, 524, 26, 284, 541, 43, 56, 58, 314, 574, 584, 588, 81, 602, 347, 94, 353, 109, 117, 373, 379, 126, 386, 133, 134, 136, 142, 404, 411, 179, 181, 444, 446, 192, 468, 470, 498, 242]",1996
179,"[512, 6, 8, 524, 530, 536, 26, 541, 37, 38, 40, 43, 46, 559, 54, 566, 56, 569, 58, 574, 584, 588, 592, 81, 602, 604, 94, 609, 99, 102, 107, 109, 117, 121, 126, 130, 133, 134, 136, 142, 145, 162, 170, 174, 176, 179, 181, 191, 192, 229, 235, 240, 242, 243, 284, 314, 321, 340, 347, 349, 353, 373, 374, 379, 385, 386, 394, 402, 404, 411, 429, 436, 444, 446, 447, 455, 458, 468, 470, 476, 485, 486, 498, 507]",1996
180,"[512, 5, 6, 262, 8, 524, 14, 273, 530, 541, 38, 43, 559, 565, 566, 58, 314, 321, 584, 592, 602, 347, 349, 94, 109, 117, 373, 121, 379, 385, 395, 402, 404, 411, 162, 170, 173, 174, 436, 181, 446, 447, 455, 458, 470, 476, 229, 235]",1996
181,"[512, 5, 6, 8, 524, 14, 530, 536, 26, 541, 37, 38, 40, 43, 46, 559, 565, 54, 566, 56, 569, 58, 584, 588, 592, 81, 602, 604, 94, 609, 102, 109, 117, 121, 126, 133, 134, 136, 142, 162, 170, 173, 174, 176, 179, 181, 192, 229, 235, 240, 242, 243, 262, 273, 284, 314, 321, 340, 347, 349, 353, 373, 374, 379, 385, 386, 394, 395, 402, 404, 411, 436, 444, 446, 447, 455, 458, 470, 476, 485, 486, 498, 507]",1996
182,"[512, 321, 192, 130, 6, 455, 584, 136, 458, 588, 142, 468, 470, 536, 602, 411, 26, 94, 353, 162, 99, 229, 43, 429, 46, 174, 242, 179, 117, 373, 181, 56, 121, 58, 574, 447]",1996
183,"[130, 6, 136, 584, 458, 8, 588, 574, 592, 468, 470, 602, 411, 347, 284, 94, 353, 609, 35, 485, 43, 107, 46, 174, 240, 242, 179, 498, 117, 373, 374, 56, 569, 58, 444, 126]",1996
184,"[512, 130, 386, 6, 8, 136, 142, 145, 530, 404, 536, 411, 37, 38, 40, 170, 43, 429, 46, 559, 174, 176, 179, 436, 566, 56, 58, 446, 447, 574, 321, 191, 192, 455, 584, 458, 588, 468, 340, 470, 602, 347, 604, 94, 353, 609, 99, 485, 486, 107, 240, 498, 242, 117, 373, 121, 379, 126]",1996
185,"[512, 386, 133, 6, 134, 8, 136, 524, 14, 142, 273, 402, 530, 404, 26, 411, 541, 38, 170, 46, 176, 179, 436, 181, 54, 56, 314, 444, 574, 446, 192, 321, 447, 455, 584, 588, 592, 602, 604, 349, 94, 353, 229, 486, 102, 485, 235, 109, 242, 117, 373, 507, 126]",1996
186,"[6, 8, 524, 26, 284, 541, 31, 43, 46, 559, 566, 56, 569, 314, 584, 588, 592, 81, 340, 602, 347, 349, 94, 353, 609, 99, 117, 385, 386, 136, 395, 411, 170, 173, 174, 176, 181, 446, 447, 192, 458, 470, 476, 229, 485, 486, 235, 240, 498, 243]",1996
187,"[512, 5, 6, 262, 8, 524, 14, 273, 530, 541, 38, 43, 559, 565, 566, 58, 314, 321, 584, 592, 602, 347, 349, 94, 102, 109, 117, 373, 121, 379, 385, 395, 402, 404, 411, 162, 170, 173, 174, 436, 181, 446, 447, 455, 458, 470, 476, 229, 235, 240]",1996
188,"[385, 321, 386, 5, 6, 262, 8, 458, 588, 592, 273, 404, 470, 602, 411, 284, 94, 58, 229, 38, 102, 486, 235, 109, 181, 565, 566, 117, 373, 314, 379, 444, 501, 446, 54]",1996
189,"[321, 6, 455, 584, 136, 458, 8, 262, 395, 142, 273, 530, 404, 602, 411, 284, 476, 58, 229, 102, 38, 40, 235, 109, 174, 436, 117, 373, 121, 314, 446]",1996
190,"[6, 284, 35, 38, 40, 43, 46, 559, 54, 58, 574, 321, 584, 592, 347, 604, 117, 126, 385, 130, 136, 394, 395, 145, 404, 170, 429, 174, 436, 181, 446, 447, 455, 458, 470, 476, 485, 240, 498, 507]",1996
191,"[5, 6, 455, 8, 584, 395, 142, 273, 404, 470, 602, 411, 347, 476, 94, 349, 229, 170, 235, 43, 109, 174, 559, 240, 436, 181, 565, 117, 373, 379, 446]",1996
192,"[512, 385, 130, 5, 6, 134, 136, 394, 395, 142, 273, 145, 284, 541, 35, 38, 40, 170, 43, 173, 174, 559, 429, 46, 436, 181, 54, 569, 314, 58, 444, 574, 447, 446, 321, 455, 584, 458, 592, 468, 340, 470, 347, 604, 476, 349, 353, 235, 240, 243, 117, 507, 126]",1996
193,"[512, 6, 14, 26, 541, 43, 46, 54, 56, 58, 321, 584, 588, 81, 602, 604, 94, 353, 609, 99, 102, 109, 117, 373, 121, 126, 386, 133, 134, 411, 174, 179, 444, 446, 447, 192, 191, 455, 468, 470, 229, 486]",1996
194,"[512, 6, 262, 536, 26, 43, 46, 56, 58, 574, 321, 584, 588, 592, 602, 94, 353, 99, 117, 373, 121, 130, 136, 394, 142, 411, 162, 429, 174, 179, 181, 447, 192, 455, 458, 468, 470, 229, 240, 242]",1996
195,"[512, 385, 386, 133, 6, 5, 8, 394, 395, 524, 142, 14, 273, 530, 402, 404, 536, 411, 284, 541, 38, 170, 43, 173, 174, 559, 176, 179, 436, 181, 54, 566, 56, 565, 58, 314, 444, 569, 446, 447, 321, 455, 584, 458, 588, 592, 81, 340, 470, 602, 347, 476, 349, 94, 609, 229, 102, 486, 235, 109, 240, 498, 243, 117, 373, 507, 121, 379, 126]",1996
196,"[386, 5, 8, 174, 559, 181, 446, 191, 584, 470, 602, 347, 604, 94, 353, 235, 109, 240, 117, 507]",1996
197,"[512, 5, 6, 8, 524, 14, 530, 536, 26, 541, 35, 37, 38, 40, 43, 46, 559, 565, 54, 566, 56, 569, 58, 574, 584, 588, 592, 81, 602, 604, 94, 609, 99, 102, 107, 109, 117, 121, 126, 130, 133, 134, 136, 142, 145, 162, 170, 173, 174, 176, 179, 181, 191, 192, 229, 235, 240, 242, 243, 262, 284, 314, 321, 340, 347, 349, 353, 373, 374, 379, 385, 386, 394, 395, 402, 404, 411, 429, 436, 444, 446, 447, 455, 458, 468, 470, 476, 485, 486, 498, 507]",1996
198,"[512, 385, 5, 6, 134, 8, 136, 133, 395, 524, 142, 273, 402, 530, 404, 536, 411, 284, 541, 38, 40, 170, 43, 173, 46, 559, 179, 436, 181, 566, 54, 56, 314, 58, 444, 446, 447, 321, 455, 584, 458, 588, 592, 81, 470, 602, 347, 476, 349, 94, 604, 353, 229, 102, 486, 235, 109, 240, 498, 117, 373, 507, 379, 126]",1996
199,"[321, 385, 6, 584, 458, 524, 402, 470, 284, 31, 229, 38, 486, 170, 235, 174, 559, 240, 243, 117, 566, 373, 58]",1996
200,"[512, 192, 386, 133, 6, 134, 584, 588, 14, 81, 468, 470, 26, 411, 602, 541, 94, 353, 126, 102, 486, 43, 109, 179, 117, 373, 54, 56, 121, 58, 444, 446, 191]",1996
201,"[512, 5, 6, 8, 524, 14, 530, 536, 26, 541, 35, 37, 38, 40, 43, 46, 559, 565, 54, 566, 56, 569, 58, 574, 584, 588, 592, 81, 602, 604, 94, 609, 99, 102, 107, 109, 117, 121, 126, 130, 133, 134, 136, 142, 145, 170, 173, 174, 176, 179, 181, 191, 192, 229, 235, 240, 242, 243, 284, 314, 321, 340, 347, 349, 353, 373, 374, 379, 385, 386, 394, 395, 402, 404, 411, 429, 436, 446, 447, 455, 458, 468, 470, 476, 485, 486, 498, 507]",1996
202,"[512, 385, 386, 5, 6, 134, 8, 136, 133, 395, 394, 524, 142, 262, 14, 273, 530, 402, 404, 536, 411, 284, 541, 38, 40, 170, 43, 173, 46, 559, 174, 176, 179, 436, 181, 54, 566, 56, 58, 314, 444, 446, 447, 321, 455, 584, 458, 588, 592, 81, 340, 470, 602, 347, 476, 349, 94, 604, 353, 609, 229, 102, 486, 235, 109, 240, 498, 243, 117, 373, 507, 379, 126]",1996
203,"[130, 386, 6, 136, 395, 524, 273, 530, 402, 536, 411, 284, 541, 37, 38, 40, 43, 173, 174, 559, 176, 179, 54, 566, 56, 569, 314, 574, 447, 446, 455, 584, 458, 592, 81, 340, 470, 602, 604, 476, 94, 609, 229, 102, 486, 485, 107, 235, 109, 240, 242, 117, 126]",1996
204,"[6, 8, 136, 584, 395, 588, 592, 81, 470, 602, 411, 284, 347, 94, 349, 353, 609, 99, 485, 486, 43, 46, 174, 176, 240, 498, 117, 566, 56, 569, 446]",1996
205,"[512, 6, 8, 524, 14, 530, 536, 26, 541, 37, 38, 40, 43, 46, 559, 54, 566, 56, 569, 58, 574, 584, 588, 592, 81, 602, 604, 94, 609, 99, 102, 107, 109, 117, 121, 126, 130, 133, 134, 136, 142, 145, 162, 170, 173, 174, 176, 179, 181, 191, 192, 229, 235, 240, 242, 243, 273, 284, 314, 321, 340, 347, 349, 353, 373, 374, 379, 386, 394, 395, 402, 404, 411, 429, 436, 444, 446, 447, 455, 458, 468, 470, 476, 485, 486, 498, 507]",1996
206,"[512, 385, 386, 5, 6, 134, 8, 136, 133, 395, 524, 142, 273, 402, 530, 404, 536, 411, 284, 541, 38, 40, 170, 43, 173, 46, 559, 174, 179, 436, 181, 54, 566, 56, 58, 314, 444, 446, 447, 321, 455, 584, 458, 588, 592, 81, 340, 470, 602, 347, 476, 349, 94, 604, 353, 609, 229, 102, 486, 485, 235, 109, 240, 498, 242, 117, 373, 507, 121, 379, 126]",1996
207,"[512, 6, 8, 524, 14, 530, 536, 26, 541, 37, 38, 40, 43, 46, 559, 54, 566, 56, 569, 58, 574, 584, 588, 592, 81, 602, 604, 94, 609, 99, 102, 107, 109, 117, 121, 126, 130, 133, 134, 136, 142, 145, 162, 170, 174, 176, 179, 181, 191, 192, 229, 235, 240, 242, 243, 284, 314, 321, 340, 347, 349, 353, 373, 374, 379, 385, 386, 394, 404, 411, 429, 436, 444, 446, 447, 455, 458, 468, 470, 476, 485, 486, 498, 507]",1996
208,"[5, 458, 14, 468, 470, 602, 347, 94, 353, 35, 38, 102, 486, 109, 46, 242, 117, 566, 121, 58, 507, 446]",1996
209,"[512, 386, 446, 133, 262, 455, 136, 584, 588, 530, 536, 26, 411, 602, 604, 229, 485, 38, 235, 109, 46, 242, 179, 117, 373, 126, 444, 574]",1996
210,"[512, 385, 5, 6, 133, 8, 262, 395, 14, 142, 273, 402, 530, 404, 536, 411, 284, 541, 38, 170, 43, 173, 174, 559, 179, 436, 181, 566, 565, 54, 56, 314, 58, 444, 446, 447, 321, 455, 584, 458, 588, 592, 81, 340, 470, 602, 347, 476, 349, 94, 229, 102, 235, 109, 240, 117, 373, 507, 121, 379, 126]",1996
211,"[5, 6, 273, 284, 541, 38, 40, 43, 559, 54, 56, 314, 574, 321, 584, 602, 604, 94, 109, 117, 373, 126, 385, 386, 130, 136, 394, 395, 170, 173, 174, 179, 436, 444, 447, 470, 229, 235, 240]",1996
212,"[512, 130, 386, 6, 136, 8, 142, 145, 530, 404, 536, 411, 162, 37, 38, 40, 170, 43, 429, 46, 174, 559, 176, 179, 436, 566, 56, 58, 446, 191, 574, 447, 321, 192, 455, 584, 458, 588, 468, 340, 470, 602, 347, 604, 94, 353, 609, 99, 485, 486, 107, 240, 242, 498, 117, 373, 121, 379, 126]",1996
213,"[512, 385, 386, 133, 6, 134, 8, 136, 524, 14, 142, 273, 402, 404, 536, 26, 411, 541, 38, 170, 46, 176, 179, 436, 181, 54, 56, 314, 444, 446, 447, 192, 321, 574, 455, 584, 588, 592, 602, 604, 349, 94, 353, 229, 102, 486, 485, 235, 109, 242, 117, 373, 507, 126]",1996
214,"[512, 385, 386, 133, 6, 134, 8, 136, 262, 524, 14, 142, 273, 402, 530, 404, 536, 26, 411, 541, 37, 38, 170, 46, 176, 179, 436, 181, 54, 56, 314, 444, 446, 574, 192, 447, 321, 455, 584, 588, 592, 602, 604, 349, 94, 353, 229, 102, 486, 485, 235, 109, 242, 117, 373, 507, 126]",1996
215,"[512, 130, 386, 133, 6, 134, 8, 136, 5, 394, 524, 273, 530, 404, 536, 26, 411, 541, 38, 40, 170, 43, 173, 46, 174, 559, 176, 179, 436, 181, 566, 56, 58, 444, 446, 447, 192, 321, 455, 584, 458, 588, 592, 340, 468, 470, 602, 347, 604, 349, 94, 353, 609, 99, 229, 102, 485, 486, 107, 235, 109, 240, 242, 498, 117, 373, 507, 121, 379, 126]",1996
216,"[512, 6, 8, 524, 14, 530, 536, 26, 541, 37, 38, 40, 43, 46, 559, 565, 54, 566, 56, 569, 58, 574, 584, 588, 592, 81, 602, 604, 94, 609, 102, 109, 117, 121, 126, 130, 133, 134, 136, 142, 145, 170, 173, 174, 176, 179, 181, 192, 229, 235, 240, 242, 243, 273, 284, 314, 321, 340, 347, 349, 353, 373, 374, 379, 385, 386, 394, 395, 402, 404, 411, 429, 436, 444, 446, 447, 455, 458, 470, 476, 485, 486, 498, 507]",1996
217,"[512, 262, 530, 26, 35, 38, 40, 43, 46, 565, 566, 58, 574, 584, 588, 602, 604, 109, 117, 373, 126, 130, 386, 133, 136, 145, 411, 429, 174, 179, 444, 446, 191, 455, 458, 468, 470, 476, 485, 229, 235, 498, 242]",1996
218,"[386, 130, 6, 136, 395, 524, 273, 402, 145, 530, 536, 411, 284, 541, 37, 38, 40, 43, 173, 174, 559, 176, 429, 179, 566, 54, 56, 569, 314, 446, 447, 574, 455, 584, 458, 592, 81, 340, 470, 602, 476, 604, 94, 609, 229, 102, 485, 486, 235, 107, 109, 240, 242, 117, 374, 126]",1996
219,"[512, 6, 14, 26, 541, 43, 46, 54, 56, 58, 321, 584, 588, 81, 340, 602, 604, 94, 353, 609, 99, 102, 109, 117, 373, 121, 126, 385, 386, 133, 134, 411, 174, 179, 444, 446, 191, 192, 447, 455, 468, 470, 229, 486]",1996
220,"[6, 455, 136, 584, 592, 273, 347, 604, 284, 94, 353, 99, 229, 38, 40, 43, 235, 46, 559, 240, 174, 436, 373, 181, 121, 58]",1996
221,"[5, 6, 8, 273, 40, 43, 559, 565, 584, 602, 347, 604, 349, 94, 353, 109, 117, 373, 379, 126, 386, 136, 395, 142, 404, 411, 170, 174, 179, 436, 181, 446, 455, 470, 476, 229, 235, 240, 498, 507]",1996
222,"[512, 385, 6, 273, 284, 46, 174, 559, 54, 314, 58, 446, 468, 470, 347, 476, 604, 353, 235, 117]",1996
223,"[512, 385, 133, 6, 5, 8, 134, 136, 395, 14, 273, 402, 530, 404, 536, 411, 284, 541, 38, 40, 170, 43, 173, 174, 559, 46, 179, 436, 181, 566, 565, 54, 56, 314, 58, 444, 446, 447, 321, 455, 584, 458, 588, 592, 470, 602, 347, 476, 349, 94, 604, 353, 229, 102, 235, 109, 240, 498, 117, 373, 121, 379, 126]",1996
224,"[512, 6, 134, 136, 584, 574, 142, 468, 470, 347, 284, 541, 353, 126, 58, 43, 181, 54, 117, 121, 314, 507, 444, 446]",1996
225,"[512, 386, 133, 6, 584, 8, 524, 588, 142, 14, 402, 404, 470, 602, 411, 284, 541, 347, 94, 58, 102, 486, 43, 109, 181, 117, 565, 373, 121, 314, 379, 444, 446]",1996
226,"[512, 6, 8, 524, 530, 536, 26, 541, 37, 38, 40, 43, 46, 559, 54, 566, 56, 569, 58, 574, 584, 588, 592, 81, 602, 604, 94, 609, 99, 102, 107, 109, 117, 121, 126, 130, 133, 134, 136, 142, 145, 162, 170, 173, 174, 176, 179, 181, 191, 192, 229, 235, 240, 242, 273, 284, 314, 321, 340, 347, 353, 373, 374, 379, 386, 394, 395, 404, 411, 429, 436, 444, 446, 447, 455, 458, 468, 470, 476, 485, 486, 498, 507]",1996
227,"[512, 5, 6, 8, 524, 14, 530, 536, 26, 541, 31, 35, 37, 38, 40, 43, 46, 559, 565, 54, 566, 56, 569, 58, 574, 584, 588, 592, 81, 602, 604, 94, 609, 99, 102, 107, 109, 117, 121, 126, 130, 133, 134, 136, 142, 145, 170, 173, 174, 176, 179, 181, 191, 192, 229, 235, 240, 242, 243, 284, 314, 321, 340, 347, 349, 353, 373, 374, 379, 385, 386, 394, 395, 402, 404, 411, 429, 436, 446, 447, 455, 458, 468, 470, 476, 485, 486, 498, 507]",1996
228,"[6, 584, 524, 14, 142, 404, 602, 411, 541, 162, 229, 38, 235, 174, 559, 436, 117, 373, 121, 58, 446, 447]",1996
229,"[512, 5, 6, 8, 524, 14, 530, 536, 26, 541, 37, 38, 40, 43, 46, 559, 565, 54, 566, 56, 58, 574, 584, 588, 592, 81, 602, 604, 94, 609, 99, 102, 107, 109, 117, 121, 126, 130, 133, 134, 136, 142, 145, 162, 170, 174, 176, 179, 181, 191, 192, 229, 235, 240, 242, 243, 262, 284, 314, 321, 340, 347, 349, 353, 373, 374, 379, 385, 386, 394, 404, 411, 429, 436, 444, 446, 447, 455, 458, 468, 470, 476, 485, 486, 498, 507]",1996
230,"[192, 6, 455, 8, 136, 592, 468, 602, 411, 604, 284, 94, 353, 38, 102, 40, 43, 107, 429, 174, 559, 240, 109, 242, 46, 436, 181, 117, 566, 121]",1996
231,"[5, 6, 8, 273, 40, 43, 559, 565, 584, 602, 347, 604, 349, 94, 353, 109, 117, 373, 379, 126, 386, 136, 394, 395, 142, 404, 411, 170, 174, 179, 436, 181, 446, 455, 470, 476, 229, 235, 240, 498]",1996
232,"[512, 5, 6, 8, 524, 14, 530, 536, 26, 541, 35, 37, 38, 40, 43, 46, 559, 565, 54, 566, 56, 569, 58, 574, 584, 588, 592, 81, 602, 604, 94, 609, 99, 102, 107, 109, 117, 121, 126, 130, 133, 134, 136, 142, 145, 162, 170, 173, 174, 176, 179, 181, 191, 192, 229, 235, 240, 242, 243, 262, 284, 314, 321, 340, 347, 353, 373, 374, 379, 385, 386, 394, 395, 402, 404, 411, 429, 436, 444, 446, 447, 455, 458, 468, 470, 476, 485, 486, 498, 507]",1996
233,"[512, 5, 6, 8, 524, 14, 530, 536, 26, 541, 31, 38, 40, 43, 46, 559, 565, 54, 566, 56, 569, 58, 584, 588, 592, 81, 602, 604, 94, 609, 102, 109, 117, 121, 126, 133, 134, 136, 142, 170, 173, 174, 176, 179, 181, 192, 229, 235, 240, 242, 243, 273, 284, 314, 321, 340, 347, 349, 353, 373, 379, 385, 386, 395, 402, 404, 411, 436, 444, 446, 447, 455, 458, 470, 476, 486, 498, 507]",1996
234,"[512, 192, 321, 6, 455, 584, 136, 458, 262, 588, 142, 592, 468, 470, 536, 26, 411, 602, 94, 353, 99, 229, 43, 46, 174, 240, 179, 117, 373, 181, 56, 121, 58, 447]",1996
235,"[6, 262, 8, 524, 26, 284, 541, 43, 46, 559, 566, 56, 569, 314, 584, 588, 592, 81, 340, 602, 347, 349, 94, 353, 609, 117, 385, 386, 136, 395, 411, 170, 174, 181, 446, 447, 192, 458, 470, 476, 229, 485, 235, 240, 498]",1996
236,"[512, 385, 5, 6, 262, 8, 133, 395, 524, 14, 142, 273, 402, 530, 404, 411, 284, 541, 162, 38, 170, 43, 173, 174, 559, 179, 436, 181, 566, 565, 314, 58, 446, 447, 321, 455, 584, 458, 592, 470, 602, 347, 476, 349, 94, 229, 102, 235, 109, 240, 498, 117, 373, 121, 379, 126]",1996
237,"[386, 6, 136, 402, 541, 436, 181, 314, 58, 447, 191, 584, 592, 602, 604, 353, 99, 102, 486, 117]",1996
238,"[6, 8, 14, 284, 35, 40, 43, 46, 565, 566, 56, 569, 58, 574, 321, 584, 588, 592, 81, 602, 347, 349, 94, 353, 609, 102, 107, 109, 117, 373, 374, 126, 130, 134, 136, 395, 142, 411, 174, 176, 179, 436, 444, 446, 468, 470, 485, 486, 240, 242, 498]",1996
239,"[512, 130, 386, 446, 133, 455, 136, 584, 458, 588, 468, 470, 536, 26, 411, 602, 604, 162, 126, 229, 43, 429, 46, 174, 109, 242, 179, 498, 117, 373, 565, 121, 58, 444, 574, 191]",1996
240,"[512, 385, 386, 5, 6, 262, 8, 133, 394, 395, 524, 14, 142, 273, 402, 530, 404, 411, 284, 541, 38, 170, 43, 173, 174, 559, 179, 436, 181, 566, 565, 314, 58, 446, 447, 321, 455, 584, 458, 592, 470, 602, 347, 476, 349, 94, 229, 102, 235, 109, 240, 498, 117, 373, 507, 121, 379, 126]",1996
241,"[5, 6, 273, 284, 541, 38, 40, 43, 559, 54, 56, 314, 574, 321, 584, 602, 604, 94, 107, 109, 117, 373, 126, 385, 386, 130, 136, 394, 395, 170, 173, 174, 179, 436, 444, 447, 468, 470, 229, 235, 240, 242, 243]",1996
242,"[512, 386, 133, 6, 134, 8, 136, 524, 142, 14, 273, 402, 530, 404, 536, 26, 411, 541, 38, 170, 46, 176, 179, 436, 181, 54, 56, 314, 444, 446, 574, 192, 321, 447, 455, 584, 588, 592, 602, 604, 349, 94, 353, 229, 102, 486, 485, 235, 109, 242, 117, 373, 507, 126]",1996
243,"[455, 136, 584, 395, 592, 470, 284, 604, 94, 353, 99, 102, 170, 43, 429, 174, 559, 240, 179, 436, 181, 54, 117, 56, 243, 565, 447]",1996
244,"[512, 130, 5, 262, 455, 136, 574, 584, 458, 145, 530, 468, 470, 602, 411, 604, 476, 35, 58, 485, 38, 40, 43, 235, 429, 174, 46, 498, 179, 117, 121, 126, 444, 446, 191]",1996
245,"[512, 385, 5, 6, 134, 8, 136, 395, 524, 14, 142, 273, 402, 530, 404, 411, 284, 541, 38, 40, 170, 43, 173, 174, 559, 46, 179, 436, 181, 566, 565, 314, 58, 446, 447, 321, 455, 584, 458, 592, 470, 602, 347, 476, 349, 94, 604, 353, 229, 102, 235, 109, 240, 498, 117, 373, 121, 379, 126]",1996
246,"[5, 6, 8, 273, 26, 40, 43, 559, 565, 584, 602, 347, 604, 349, 94, 353, 109, 117, 373, 379, 126, 386, 136, 394, 395, 142, 404, 411, 170, 174, 179, 436, 181, 446, 191, 455, 470, 476, 229, 235, 240, 498, 507]",1996
247,"[6, 8, 14, 530, 284, 35, 38, 40, 43, 46, 559, 54, 58, 574, 321, 584, 592, 602, 347, 604, 609, 99, 117, 379, 126, 385, 130, 136, 394, 395, 145, 404, 411, 170, 429, 174, 179, 436, 181, 446, 447, 191, 455, 458, 470, 476, 485, 240, 498]",1996
248,"[321, 6, 136, 584, 524, 14, 592, 470, 602, 347, 284, 541, 94, 604, 353, 229, 40, 559, 240, 179, 565, 117, 373, 56, 121, 58, 379]",1996
249,"[512, 321, 386, 8, 584, 395, 524, 14, 592, 273, 402, 530, 602, 411, 476, 349, 94, 541, 229, 38, 102, 170, 235, 173, 109, 243, 436, 117, 373, 54, 444, 446, 447]",1996
250,"[5, 455, 136, 458, 468, 470, 602, 411, 162, 35, 38, 40, 429, 109, 46, 242, 117, 566, 373, 121, 58, 444, 446]",1996
251,"[512, 385, 386, 133, 6, 134, 8, 136, 524, 142, 273, 530, 402, 404, 536, 411, 541, 38, 170, 46, 179, 436, 181, 54, 56, 314, 444, 446, 447, 321, 455, 584, 588, 592, 602, 604, 349, 94, 353, 229, 102, 486, 485, 235, 109, 242, 117, 373, 507, 126]",1996
252,"[512, 321, 192, 130, 6, 455, 584, 136, 458, 588, 142, 592, 468, 470, 602, 411, 26, 94, 353, 99, 229, 43, 429, 46, 174, 240, 242, 179, 117, 373, 181, 56, 121, 58, 574, 447]",1996
253,"[512, 5, 6, 8, 524, 14, 530, 536, 26, 541, 31, 35, 37, 38, 40, 43, 46, 559, 565, 566, 54, 56, 569, 58, 574, 584, 588, 592, 81, 602, 604, 94, 609, 99, 102, 107, 109, 117, 121, 126, 130, 133, 134, 136, 142, 145, 162, 170, 173, 174, 176, 179, 181, 191, 192, 229, 235, 240, 242, 243, 262, 273, 284, 314, 321, 340, 347, 349, 353, 373, 374, 379, 385, 386, 394, 395, 402, 404, 411, 429, 436, 444, 446, 447, 455, 458, 468, 470, 476, 485, 486, 498, 507]",1996
254,"[512, 130, 386, 6, 134, 8, 136, 394, 395, 524, 145, 404, 26, 411, 284, 541, 38, 40, 170, 43, 429, 46, 179, 566, 56, 314, 58, 444, 446, 321, 584, 458, 588, 592, 81, 468, 340, 470, 602, 347, 604, 94, 609, 485, 486, 235, 107, 240, 498, 242, 373, 374, 379, 126]",1996
255,"[385, 130, 386, 133, 6, 134, 136, 8, 5, 394, 524, 14, 145, 26, 284, 541, 162, 37, 38, 40, 170, 43, 173, 46, 174, 176, 559, 179, 565, 56, 569, 58, 314, 574, 446, 447, 321, 191, 584, 458, 592, 81, 468, 340, 470, 507, 602, 347, 476, 604, 94, 353, 99, 229, 102, 486, 107, 235, 109, 240, 242, 498, 243, 117, 373, 374, 379, 126]",1996
256,"[6, 262, 8, 530, 284, 35, 38, 40, 43, 46, 559, 54, 58, 574, 321, 584, 592, 602, 347, 604, 117, 379, 126, 385, 130, 136, 394, 395, 145, 404, 411, 170, 429, 174, 179, 436, 181, 446, 447, 455, 458, 470, 476, 485, 240, 498]",1996
257,"[512, 385, 5, 6, 134, 8, 136, 395, 142, 273, 402, 530, 404, 536, 411, 541, 38, 40, 170, 43, 173, 46, 559, 179, 436, 181, 566, 56, 314, 58, 446, 447, 321, 455, 584, 458, 588, 592, 81, 470, 602, 347, 476, 349, 94, 604, 353, 229, 102, 235, 109, 240, 498, 117, 373, 379, 126]",1996
258,"[130, 6, 134, 136, 8, 395, 14, 142, 145, 411, 284, 35, 40, 43, 46, 174, 176, 179, 436, 565, 566, 56, 569, 58, 444, 574, 446, 321, 584, 588, 592, 81, 468, 470, 602, 347, 349, 94, 353, 609, 99, 485, 102, 486, 107, 109, 240, 242, 498, 117, 373, 374, 126]",1996
259,"[512, 385, 130, 5, 6, 134, 136, 394, 395, 142, 145, 273, 404, 284, 541, 35, 38, 40, 170, 43, 429, 46, 174, 559, 173, 436, 181, 54, 569, 58, 314, 444, 446, 447, 574, 321, 455, 584, 458, 592, 340, 468, 470, 347, 476, 604, 349, 353, 99, 485, 235, 240, 498, 243, 117, 374, 121, 507, 126]",1996
260,"[512, 5, 6, 262, 8, 524, 14, 273, 530, 284, 541, 38, 43, 559, 565, 566, 58, 314, 321, 584, 592, 602, 347, 349, 94, 102, 109, 117, 373, 121, 379, 385, 395, 402, 404, 411, 162, 170, 173, 174, 436, 181, 446, 447, 455, 458, 470, 476, 229, 235, 240]",1996
261,"[385, 5, 6, 458, 404, 470, 602, 411, 94, 35, 38, 102, 40, 486, 109, 242, 117, 566, 373, 58, 444, 446]",1996
262,"[6, 8, 14, 284, 40, 43, 46, 566, 56, 58, 321, 584, 588, 592, 81, 602, 347, 349, 94, 353, 609, 99, 102, 107, 109, 117, 373, 374, 126, 130, 134, 136, 395, 142, 145, 411, 174, 179, 436, 446, 468, 470, 485, 486, 240, 498, 242]",1996
263,"[512, 191, 385, 6, 136, 584, 142, 14, 273, 602, 476, 349, 94, 162, 99, 38, 40, 174, 242, 373, 566, 121, 58, 446, 447]",1996
264,"[512, 385, 5, 6, 262, 8, 133, 395, 524, 14, 273, 402, 530, 404, 536, 411, 284, 541, 162, 38, 170, 43, 173, 174, 559, 179, 436, 181, 566, 565, 54, 314, 58, 444, 446, 447, 321, 455, 584, 458, 592, 470, 602, 347, 476, 349, 94, 229, 102, 235, 109, 240, 117, 373, 121, 379, 126]",1996
265,"[512, 386, 8, 14, 468, 470, 602, 347, 604, 284, 94, 353, 486, 235, 314, 109, 46, 174, 559, 242, 117, 566, 58, 446, 191]",1996
266,"[385, 321, 386, 6, 584, 136, 574, 468, 470, 602, 604, 541, 94, 284, 229, 43, 109, 174, 242, 179, 117, 54, 373, 56, 314, 444, 126, 447]",1996
267,"[6, 8, 530, 284, 38, 40, 43, 46, 559, 54, 58, 574, 321, 584, 592, 602, 347, 604, 117, 379, 126, 385, 130, 136, 394, 395, 145, 404, 411, 170, 429, 174, 179, 436, 181, 446, 191, 447, 455, 458, 470, 476, 485, 240, 498, 507]",1996
268,"[512, 6, 8, 524, 530, 536, 26, 541, 37, 38, 40, 43, 46, 559, 566, 54, 56, 58, 574, 584, 588, 592, 81, 602, 604, 94, 609, 99, 102, 107, 109, 117, 121, 126, 130, 133, 134, 136, 142, 145, 162, 170, 174, 176, 179, 181, 191, 192, 229, 235, 240, 242, 243, 284, 314, 321, 340, 347, 349, 353, 373, 374, 379, 386, 394, 395, 404, 411, 429, 436, 444, 446, 447, 455, 458, 468, 470, 476, 485, 486, 498, 507]",1996
269,"[512, 6, 8, 524, 284, 35, 43, 46, 559, 56, 569, 58, 314, 574, 584, 588, 592, 340, 602, 347, 604, 94, 353, 609, 117, 373, 379, 126, 130, 386, 136, 394, 404, 411, 170, 429, 174, 179, 181, 458, 470, 476, 229, 485, 240, 498]",1996
270,"[512, 386, 133, 6, 134, 8, 136, 524, 14, 142, 402, 404, 26, 411, 284, 541, 43, 176, 179, 565, 54, 181, 56, 58, 314, 444, 446, 191, 192, 574, 584, 588, 81, 468, 470, 602, 347, 94, 353, 102, 486, 109, 498, 242, 379, 117, 373, 121, 507, 126]",1996
271,"[192, 385, 386, 6, 262, 8, 136, 584, 524, 588, 592, 26, 411, 602, 541, 94, 349, 353, 229, 486, 485, 170, 235, 46, 176, 181, 117, 56, 314, 446, 447]",1996
272,"[6, 8, 14, 284, 40, 43, 46, 565, 566, 56, 58, 574, 321, 584, 588, 592, 81, 602, 347, 349, 94, 353, 609, 99, 102, 107, 109, 117, 373, 126, 130, 134, 136, 395, 142, 411, 174, 176, 179, 436, 444, 446, 468, 470, 485, 486, 240, 242, 498]",1996
273,"[385, 6, 262, 273, 404, 602, 411, 284, 541, 476, 604, 162, 58, 38, 40, 235, 174, 117, 566, 373, 314, 446, 191]",1996
274,"[512, 5, 6, 8, 524, 14, 530, 536, 26, 541, 37, 38, 40, 43, 46, 559, 565, 54, 566, 56, 569, 58, 574, 584, 588, 592, 81, 602, 604, 94, 609, 99, 102, 107, 109, 117, 121, 126, 130, 133, 134, 136, 142, 145, 170, 173, 174, 176, 179, 181, 191, 192, 229, 235, 240, 242, 243, 284, 314, 321, 340, 347, 349, 353, 373, 374, 379, 385, 386, 394, 395, 402, 404, 411, 429, 436, 444, 446, 447, 455, 458, 468, 470, 476, 485, 486, 498, 507]",1996
275,"[130, 386, 6, 136, 395, 524, 273, 402, 536, 411, 284, 541, 38, 40, 43, 173, 174, 559, 429, 176, 179, 54, 566, 56, 569, 314, 574, 447, 446, 455, 584, 458, 592, 81, 340, 470, 602, 604, 476, 94, 609, 229, 102, 486, 485, 107, 235, 109, 240, 242, 117, 374, 126]",1996
276,"[512, 385, 386, 5, 6, 134, 8, 136, 133, 395, 394, 524, 142, 14, 273, 530, 402, 404, 536, 411, 284, 541, 38, 40, 170, 43, 173, 46, 559, 174, 176, 179, 436, 181, 54, 566, 565, 56, 58, 314, 444, 446, 447, 321, 455, 584, 458, 588, 592, 81, 340, 470, 602, 347, 476, 349, 94, 604, 353, 609, 229, 102, 486, 235, 109, 240, 498, 243, 117, 373, 507, 379, 126]",1996
277,"[5, 6, 455, 8, 273, 404, 470, 536, 602, 411, 284, 349, 347, 94, 476, 541, 58, 229, 38, 235, 173, 109, 559, 565, 566, 117, 373, 181, 314, 444, 446, 447]",1996
278,"[512, 385, 386, 133, 6, 8, 524, 14, 273, 81, 468, 470, 602, 347, 284, 604, 94, 476, 353, 58, 486, 235, 109, 46, 174, 559, 242, 565, 54, 566, 117, 373, 314, 501, 446, 191]",1996
279,"[512, 6, 262, 8, 524, 273, 530, 43, 559, 566, 58, 314, 321, 584, 592, 602, 347, 349, 94, 109, 117, 373, 121, 379, 385, 402, 404, 411, 170, 173, 174, 436, 181, 446, 447, 455, 458, 470, 476, 229, 240]",1996
280,"[512, 130, 386, 133, 262, 455, 136, 584, 458, 588, 468, 470, 536, 26, 411, 602, 604, 476, 162, 35, 126, 229, 485, 43, 429, 46, 174, 242, 179, 498, 117, 373, 121, 58, 444, 574]",1996
281,"[6, 262, 8, 14, 530, 284, 35, 38, 40, 43, 46, 559, 54, 58, 574, 321, 584, 592, 602, 347, 604, 609, 117, 379, 126, 385, 130, 136, 394, 395, 404, 411, 170, 429, 174, 179, 436, 181, 446, 447, 455, 458, 470, 476, 485, 240, 498]",1996
282,"[512, 130, 386, 133, 6, 134, 136, 8, 524, 145, 404, 536, 411, 541, 38, 43, 429, 46, 174, 559, 176, 179, 566, 56, 58, 314, 446, 447, 574, 321, 455, 584, 588, 592, 340, 468, 470, 602, 347, 604, 349, 94, 476, 353, 609, 99, 229, 102, 485, 486, 107, 235, 109, 240, 242, 498, 117, 373, 507, 374, 121, 379, 126]",1996
283,"[512, 6, 8, 273, 530, 536, 541, 37, 38, 46, 56, 314, 574, 321, 584, 588, 592, 602, 604, 349, 94, 353, 102, 109, 117, 373, 126, 386, 134, 136, 142, 402, 404, 411, 170, 176, 179, 436, 446, 447, 192, 455, 229, 485, 486, 235, 242]",1996
284,"[512, 386, 5, 6, 133, 584, 458, 524, 142, 530, 402, 404, 602, 411, 284, 476, 541, 58, 229, 102, 486, 235, 109, 174, 559, 436, 117, 181, 565, 121, 314, 447]",1996
285,"[512, 130, 386, 6, 134, 136, 395, 524, 145, 402, 273, 530, 404, 536, 411, 284, 541, 37, 38, 40, 170, 43, 429, 173, 559, 176, 174, 46, 179, 436, 566, 54, 56, 569, 314, 58, 446, 447, 574, 191, 321, 455, 584, 458, 588, 592, 81, 340, 468, 470, 602, 476, 604, 94, 609, 353, 99, 229, 102, 485, 486, 107, 235, 109, 240, 242, 498, 117, 374, 121, 379, 126]",1996
286,"[512, 385, 386, 133, 6, 455, 8, 5, 262, 394, 588, 524, 142, 145, 470, 602, 411, 541, 162, 35, 58, 38, 109, 174, 46, 565, 566, 117, 373, 54, 314, 501, 444, 446, 191]",1996
287,"[6, 136, 394, 142, 26, 411, 43, 174, 179, 181, 455, 584, 470, 602, 94, 353, 229, 240, 117, 373]",1996
288,"[512, 6, 14, 26, 541, 43, 46, 54, 56, 58, 321, 584, 588, 81, 340, 602, 604, 94, 353, 609, 99, 102, 109, 117, 373, 121, 126, 386, 133, 134, 411, 174, 179, 444, 446, 447, 192, 191, 455, 468, 470, 229, 486]",1996
289,"[385, 6, 584, 136, 458, 395, 592, 340, 470, 602, 347, 284, 476, 349, 541, 411, 353, 31, 99, 485, 170, 43, 235, 173, 46, 559, 240, 174, 498, 243, 181, 117, 569, 314, 446, 447]",1996
290,"[192, 385, 386, 6, 584, 588, 81, 340, 470, 602, 411, 26, 541, 94, 353, 609, 99, 229, 486, 43, 46, 174, 117, 56, 446, 447]",1996
291,"[6, 8, 14, 284, 43, 46, 566, 56, 58, 321, 584, 588, 592, 81, 602, 347, 349, 94, 353, 609, 99, 102, 107, 109, 117, 373, 126, 130, 134, 136, 411, 174, 179, 444, 446, 468, 470, 485, 486, 240, 242]",1996
292,"[6, 524, 273, 530, 536, 541, 37, 38, 40, 43, 559, 566, 56, 574, 584, 592, 340, 602, 604, 94, 609, 102, 107, 109, 117, 126, 130, 386, 136, 145, 411, 173, 174, 429, 176, 179, 446, 447, 455, 458, 470, 229, 486, 485, 240, 242]",1996
293,"[512, 5, 6, 273, 284, 541, 35, 38, 40, 43, 46, 559, 54, 58, 314, 574, 321, 584, 592, 347, 604, 349, 117, 121, 126, 385, 130, 136, 394, 395, 170, 173, 174, 429, 436, 181, 444, 446, 447, 455, 458, 468, 470, 476, 235, 240, 243]",1996
294,"[512, 6, 8, 524, 530, 536, 26, 541, 38, 40, 43, 46, 559, 566, 54, 56, 58, 574, 584, 588, 592, 81, 602, 604, 94, 609, 99, 102, 107, 109, 117, 121, 126, 130, 133, 134, 136, 142, 145, 170, 174, 176, 179, 181, 191, 192, 229, 235, 240, 242, 243, 284, 314, 321, 340, 347, 349, 353, 373, 374, 379, 386, 394, 395, 404, 411, 429, 436, 444, 446, 447, 455, 458, 468, 470, 476, 485, 486, 498, 507]",1996
295,"[512, 385, 130, 5, 6, 134, 136, 394, 395, 142, 273, 284, 541, 38, 40, 170, 43, 173, 174, 559, 46, 436, 181, 54, 314, 58, 444, 574, 447, 446, 321, 455, 584, 458, 592, 468, 340, 470, 347, 604, 349, 476, 353, 235, 240, 243, 117, 507, 126]",1996
296,"[512, 6, 8, 524, 530, 536, 26, 541, 37, 38, 40, 43, 46, 559, 54, 566, 56, 569, 58, 574, 584, 588, 592, 81, 602, 604, 94, 609, 99, 102, 107, 109, 117, 121, 126, 130, 133, 134, 136, 142, 145, 162, 170, 173, 174, 176, 179, 181, 191, 192, 229, 235, 240, 242, 243, 273, 284, 314, 321, 340, 347, 349, 353, 373, 374, 379, 386, 394, 395, 402, 404, 411, 429, 436, 444, 446, 447, 455, 458, 468, 470, 476, 485, 486, 498, 507]",1996
297,"[6, 262, 8, 524, 284, 541, 43, 46, 559, 566, 56, 314, 584, 588, 592, 81, 602, 347, 349, 94, 353, 117, 385, 136, 395, 411, 170, 173, 174, 181, 446, 447, 458, 470, 476, 229, 235, 240, 498]",1996
298,"[512, 385, 386, 5, 6, 134, 8, 136, 133, 395, 262, 524, 142, 394, 14, 273, 402, 530, 404, 536, 411, 284, 541, 38, 40, 170, 43, 173, 46, 559, 174, 176, 179, 436, 181, 54, 566, 565, 56, 58, 314, 444, 446, 447, 192, 321, 455, 584, 458, 588, 592, 81, 340, 470, 602, 347, 476, 349, 94, 604, 353, 609, 229, 102, 486, 235, 109, 240, 498, 243, 117, 373, 507, 121, 379, 126]",1996
299,"[512, 386, 5, 8, 584, 458, 14, 592, 468, 470, 602, 347, 284, 604, 94, 353, 58, 486, 38, 102, 235, 109, 46, 174, 559, 240, 242, 176, 117, 566, 181, 56, 121, 314, 446, 191]",1996
300,"[512, 385, 5, 6, 262, 8, 133, 395, 524, 14, 142, 273, 402, 530, 404, 411, 284, 541, 162, 38, 170, 43, 173, 174, 559, 179, 436, 181, 566, 565, 54, 314, 58, 446, 447, 321, 455, 584, 458, 592, 470, 602, 347, 476, 349, 94, 229, 102, 235, 109, 240, 498, 117, 373, 507, 121, 379, 126]",1996
301,"[385, 386, 321, 5, 6, 273, 470, 602, 284, 94, 229, 38, 40, 235, 109, 242, 117, 54, 373, 314, 444]",1996
302,"[512, 386, 5, 6, 134, 8, 136, 133, 395, 524, 142, 273, 402, 404, 536, 411, 284, 541, 38, 40, 170, 43, 173, 46, 559, 174, 176, 179, 436, 566, 54, 56, 58, 314, 446, 447, 321, 455, 584, 458, 588, 592, 81, 340, 470, 602, 347, 604, 349, 94, 476, 353, 609, 229, 102, 486, 485, 235, 109, 240, 498, 242, 117, 373, 507, 121, 379, 126]",1996
303,"[385, 130, 5, 134, 584, 524, 145, 273, 468, 470, 347, 476, 541, 604, 411, 31, 353, 609, 229, 40, 43, 107, 46, 240, 436, 373, 54, 121, 314, 191]",1996
304,"[512, 130, 386, 133, 6, 134, 8, 136, 394, 395, 524, 404, 26, 411, 284, 541, 35, 38, 40, 170, 43, 429, 46, 174, 559, 179, 181, 566, 56, 569, 58, 314, 444, 574, 446, 192, 321, 584, 458, 588, 592, 81, 340, 468, 470, 602, 347, 604, 476, 94, 609, 353, 485, 229, 486, 107, 235, 240, 242, 498, 373, 374, 117, 379, 126]",1996
305,"[512, 385, 5, 6, 262, 8, 395, 524, 14, 273, 402, 530, 404, 411, 284, 541, 162, 38, 170, 43, 173, 174, 559, 179, 436, 181, 566, 565, 54, 314, 58, 444, 446, 447, 321, 455, 584, 458, 592, 470, 602, 347, 476, 349, 94, 229, 102, 235, 109, 240, 117, 373, 121, 379, 126]",1996
306,"[512, 386, 5, 6, 134, 8, 136, 394, 395, 524, 142, 273, 402, 404, 26, 411, 284, 541, 38, 40, 170, 43, 46, 559, 179, 436, 566, 56, 314, 58, 444, 446, 447, 321, 455, 584, 458, 588, 592, 81, 340, 470, 602, 347, 476, 349, 94, 604, 353, 609, 229, 102, 485, 486, 235, 109, 240, 498, 242, 117, 373, 379, 126]",1996
307,"[512, 386, 8, 584, 14, 592, 468, 470, 602, 347, 284, 604, 94, 353, 58, 486, 102, 38, 235, 109, 46, 559, 174, 176, 242, 117, 566, 181, 56, 121, 314, 507, 446, 191]",1996
308,"[512, 385, 130, 5, 6, 134, 136, 394, 395, 142, 273, 284, 541, 38, 40, 170, 43, 173, 174, 559, 46, 436, 181, 54, 569, 314, 58, 444, 574, 447, 446, 321, 455, 584, 458, 592, 468, 340, 470, 347, 604, 349, 476, 353, 235, 240, 243, 117, 374, 121, 507, 126]",1996
309,"[5, 6, 8, 273, 40, 43, 559, 565, 584, 602, 347, 604, 349, 94, 353, 109, 117, 373, 379, 126, 386, 136, 394, 395, 142, 404, 411, 170, 174, 179, 436, 181, 446, 191, 455, 470, 476, 229, 235, 240, 498, 507]",1996
310,"[512, 385, 386, 5, 6, 134, 8, 136, 133, 395, 524, 142, 273, 530, 402, 404, 536, 411, 284, 541, 38, 40, 170, 43, 173, 46, 559, 174, 176, 179, 436, 181, 54, 566, 56, 58, 314, 444, 446, 447, 321, 455, 584, 458, 588, 592, 81, 340, 470, 602, 347, 476, 349, 94, 604, 353, 609, 229, 102, 486, 485, 235, 109, 240, 498, 242, 243, 117, 373, 507, 121, 379, 126]",1996
311,"[512, 6, 262, 8, 524, 273, 530, 43, 559, 566, 58, 314, 321, 584, 592, 602, 347, 349, 94, 109, 117, 373, 379, 385, 402, 404, 411, 170, 173, 174, 436, 181, 446, 447, 455, 458, 470, 476, 229]",1996
312,"[512, 130, 133, 6, 134, 5, 8, 136, 524, 273, 536, 411, 541, 38, 43, 173, 46, 174, 559, 179, 566, 56, 58, 446, 447, 321, 455, 584, 588, 592, 340, 468, 470, 602, 347, 604, 349, 94, 353, 609, 99, 229, 102, 486, 485, 107, 109, 240, 242, 117, 373, 507, 121, 379, 126]",1996
313,"[512, 130, 386, 6, 134, 136, 8, 394, 395, 524, 142, 145, 530, 404, 536, 26, 411, 284, 541, 162, 37, 38, 40, 170, 43, 429, 46, 174, 176, 559, 179, 436, 566, 56, 58, 314, 444, 446, 191, 447, 321, 192, 574, 455, 584, 458, 588, 592, 81, 340, 468, 470, 602, 347, 604, 94, 609, 353, 99, 485, 486, 107, 235, 240, 242, 498, 373, 374, 117, 121, 379, 126]",1996
314,"[385, 455, 136, 592, 602, 411, 604, 541, 58, 38, 40, 235, 109, 559, 240, 436, 117, 566, 373, 314, 446]",1996
315,"[5, 6, 273, 284, 541, 38, 40, 43, 559, 54, 314, 574, 321, 584, 602, 604, 94, 109, 117, 373, 126, 385, 386, 130, 136, 394, 395, 170, 173, 174, 179, 436, 444, 447, 468, 470, 229, 235, 240, 243]",1996
316,"[512, 130, 133, 6, 134, 8, 136, 5, 394, 524, 273, 530, 404, 536, 26, 411, 541, 38, 40, 170, 43, 173, 46, 174, 559, 176, 179, 436, 181, 566, 54, 56, 58, 444, 446, 447, 192, 321, 455, 584, 458, 588, 592, 340, 468, 470, 602, 347, 604, 349, 94, 476, 353, 609, 99, 229, 102, 485, 486, 107, 235, 109, 240, 242, 498, 117, 373, 507, 121, 379, 126]",1996
317,"[386, 5, 6, 136, 584, 394, 395, 273, 470, 602, 604, 94, 229, 40, 170, 43, 235, 109, 174, 559, 240, 179, 436, 117, 373, 126]",1996
318,"[5, 262, 530, 536, 35, 38, 40, 43, 46, 566, 58, 574, 584, 588, 602, 604, 109, 117, 373, 126, 130, 386, 136, 145, 411, 429, 174, 179, 446, 191, 455, 458, 470, 476, 229, 485, 235, 498, 242]",1996
319,"[512, 6, 262, 8, 524, 273, 530, 43, 559, 566, 58, 314, 321, 584, 592, 602, 347, 349, 94, 109, 117, 373, 379, 385, 402, 404, 411, 162, 170, 173, 174, 436, 181, 446, 447, 455, 458, 470, 476, 229]",1996
320,"[512, 385, 386, 133, 6, 134, 8, 136, 524, 142, 273, 530, 402, 404, 536, 411, 541, 38, 170, 46, 176, 179, 436, 181, 54, 56, 314, 444, 446, 447, 321, 455, 584, 588, 592, 602, 604, 349, 94, 353, 229, 102, 486, 485, 235, 109, 117, 373, 507, 126]",1996
321,"[512, 385, 386, 5, 6, 134, 8, 136, 133, 395, 524, 142, 273, 402, 530, 404, 536, 411, 284, 541, 38, 40, 170, 43, 173, 46, 559, 174, 179, 436, 181, 54, 566, 56, 58, 314, 444, 446, 447, 321, 455, 584, 458, 588, 592, 81, 340, 470, 602, 347, 476, 349, 94, 604, 353, 609, 229, 102, 486, 235, 109, 240, 498, 242, 117, 373, 507, 121, 379, 126]",1996
322,"[6, 262, 8, 14, 530, 284, 35, 38, 40, 43, 46, 559, 54, 58, 574, 321, 584, 592, 602, 347, 604, 609, 99, 117, 379, 126, 385, 130, 136, 394, 395, 145, 404, 411, 170, 429, 174, 179, 436, 181, 446, 447, 455, 458, 470, 476, 485, 240, 498, 507]",1996
323,"[6, 8, 284, 35, 43, 46, 566, 56, 569, 58, 574, 321, 584, 588, 592, 602, 347, 349, 94, 353, 609, 99, 102, 107, 109, 117, 373, 374, 126, 130, 134, 136, 411, 174, 179, 444, 446, 468, 470, 485, 486, 240, 242, 498]",1996
324,"[512, 385, 5, 6, 134, 8, 136, 133, 395, 524, 142, 273, 530, 402, 404, 536, 411, 284, 541, 38, 40, 170, 43, 173, 46, 559, 174, 179, 436, 181, 54, 566, 56, 58, 314, 444, 446, 447, 321, 455, 584, 458, 588, 592, 81, 340, 470, 602, 347, 476, 349, 94, 604, 353, 609, 229, 102, 486, 235, 109, 240, 498, 117, 373, 507, 379, 126]",1996
325,"[512, 385, 386, 5, 6, 134, 8, 136, 133, 395, 524, 394, 142, 262, 14, 273, 530, 402, 404, 536, 411, 284, 541, 38, 40, 170, 43, 173, 46, 559, 174, 176, 179, 436, 181, 54, 566, 56, 565, 58, 314, 444, 446, 447, 321, 455, 584, 458, 588, 592, 81, 340, 470, 602, 347, 476, 349, 94, 604, 353, 609, 229, 102, 486, 235, 109, 240, 498, 243, 117, 373, 507, 379, 126]",1996
326,"[512, 385, 5, 6, 134, 8, 136, 395, 14, 142, 273, 402, 530, 404, 536, 411, 284, 541, 38, 40, 170, 43, 173, 174, 559, 46, 179, 436, 181, 566, 54, 56, 314, 58, 444, 446, 447, 321, 455, 584, 458, 588, 592, 81, 470, 602, 347, 476, 349, 94, 604, 353, 229, 102, 235, 109, 240, 117, 373, 507, 379, 126]",1996
327,"[512, 6, 8, 14, 284, 541, 43, 54, 56, 58, 314, 574, 584, 588, 81, 602, 347, 94, 353, 102, 109, 117, 373, 379, 126, 134, 136, 142, 402, 404, 411, 179, 181, 444, 446, 191, 470, 498, 507]",1996
328,"[321, 385, 6, 455, 8, 584, 136, 574, 262, 14, 592, 530, 404, 602, 411, 604, 485, 38, 170, 46, 179, 436, 181, 54, 117, 126, 507, 446, 447]",1996
329,"[512, 5, 6, 8, 524, 14, 530, 536, 26, 541, 35, 37, 38, 40, 43, 46, 559, 565, 54, 566, 56, 569, 58, 574, 584, 588, 592, 81, 602, 604, 94, 609, 99, 102, 107, 109, 117, 121, 126, 130, 133, 134, 136, 142, 145, 170, 173, 174, 176, 179, 181, 191, 192, 229, 235, 240, 242, 243, 273, 284, 314, 321, 340, 347, 349, 353, 373, 374, 379, 385, 386, 394, 395, 402, 404, 411, 429, 436, 446, 447, 455, 458, 468, 470, 476, 485, 486, 498, 507]",1996
330,"[6, 8, 524, 26, 284, 541, 43, 46, 559, 566, 56, 569, 314, 584, 588, 592, 81, 340, 602, 347, 349, 94, 353, 609, 99, 117, 385, 386, 136, 395, 411, 170, 173, 174, 176, 181, 446, 447, 192, 458, 470, 476, 229, 485, 486, 235, 240, 498]",1996
331,"[512, 385, 386, 133, 6, 134, 8, 136, 524, 14, 142, 273, 402, 530, 404, 536, 26, 411, 541, 37, 38, 170, 46, 176, 179, 436, 181, 54, 56, 314, 444, 446, 447, 574, 321, 192, 455, 584, 588, 592, 602, 604, 349, 94, 353, 229, 102, 486, 485, 235, 109, 242, 117, 373, 507, 126]",1996
332,"[386, 6, 8, 273, 174, 559, 565, 446, 191, 470, 602, 347, 476, 604, 94, 353, 235, 109, 117, 373]",1996
333,"[512, 385, 5, 6, 133, 8, 262, 394, 395, 14, 142, 273, 402, 530, 404, 536, 411, 284, 541, 38, 170, 43, 173, 174, 559, 179, 436, 181, 566, 565, 54, 569, 314, 58, 444, 446, 447, 321, 455, 584, 458, 592, 340, 470, 602, 347, 476, 349, 94, 229, 102, 485, 235, 109, 240, 498, 243, 117, 373, 507, 121, 379, 126]",1996
334,"[385, 5, 6, 455, 136, 458, 14, 404, 468, 470, 602, 411, 347, 349, 353, 35, 99, 38, 40, 170, 429, 46, 117, 121, 58, 507, 444, 446, 447]",1996
335,"[5, 6, 262, 8, 273, 536, 284, 541, 38, 40, 559, 565, 566, 54, 58, 314, 321, 588, 592, 602, 347, 349, 94, 102, 109, 117, 373, 379, 385, 404, 411, 173, 181, 444, 446, 447, 455, 458, 470, 476, 229, 235]",1996
336,"[512, 385, 386, 133, 6, 5, 8, 394, 395, 524, 142, 14, 273, 402, 530, 404, 536, 411, 284, 541, 31, 38, 170, 43, 173, 174, 559, 176, 179, 436, 181, 54, 566, 56, 565, 58, 314, 444, 569, 446, 447, 321, 455, 584, 458, 588, 592, 81, 340, 470, 602, 347, 476, 349, 94, 609, 229, 102, 486, 235, 109, 240, 498, 243, 117, 373, 507, 121, 379, 126]",1996
337,"[512, 385, 130, 5, 6, 134, 136, 394, 395, 142, 273, 145, 284, 541, 35, 38, 40, 170, 43, 173, 174, 559, 46, 429, 436, 181, 54, 314, 58, 444, 574, 447, 446, 321, 455, 584, 458, 592, 468, 340, 470, 347, 604, 349, 476, 353, 235, 240, 243, 117, 507, 126]",1996
338,"[512, 5, 6, 273, 284, 541, 38, 40, 43, 46, 559, 54, 58, 314, 574, 321, 584, 592, 347, 604, 349, 353, 117, 126, 385, 130, 134, 136, 394, 395, 142, 170, 173, 174, 436, 181, 444, 446, 447, 455, 458, 468, 470, 476, 235, 240, 243, 507]",1996
339,"[512, 6, 262, 8, 524, 273, 530, 541, 38, 43, 559, 565, 566, 58, 314, 321, 584, 592, 602, 347, 349, 94, 109, 117, 373, 379, 385, 402, 404, 411, 162, 170, 173, 174, 436, 181, 446, 447, 455, 458, 470, 476, 229, 235]",1996
340,"[6, 8, 14, 284, 40, 43, 46, 565, 566, 56, 569, 58, 574, 321, 584, 588, 592, 81, 602, 347, 349, 94, 353, 609, 99, 102, 107, 109, 117, 373, 126, 130, 134, 136, 395, 142, 411, 174, 176, 179, 436, 444, 446, 468, 470, 485, 486, 240, 242, 498]",1996
341,"[512, 385, 5, 6, 133, 8, 136, 395, 524, 14, 273, 402, 530, 404, 411, 284, 541, 38, 170, 43, 173, 174, 559, 46, 179, 436, 181, 566, 565, 56, 314, 58, 446, 447, 321, 455, 584, 458, 588, 592, 81, 470, 602, 347, 476, 349, 94, 353, 229, 102, 235, 109, 240, 498, 117, 373, 121, 379, 126]",1996
342,"[385, 5, 6, 455, 136, 458, 14, 404, 470, 602, 411, 347, 349, 94, 353, 162, 38, 102, 40, 170, 109, 46, 117, 566, 373, 121, 58, 444, 446, 447]",1996
343,"[385, 6, 395, 524, 592, 404, 536, 602, 411, 476, 541, 58, 38, 170, 235, 174, 559, 240, 176, 436, 181, 566, 117, 314, 446, 447]",1996
344,"[512, 386, 5, 133, 455, 262, 458, 588, 145, 470, 536, 602, 411, 162, 35, 229, 38, 40, 235, 109, 174, 46, 242, 565, 566, 117, 373, 121, 58, 444, 446, 191]",1996
345,"[512, 385, 386, 5, 6, 134, 8, 136, 133, 395, 394, 524, 142, 14, 273, 530, 402, 404, 536, 411, 284, 541, 38, 40, 170, 43, 173, 46, 559, 174, 176, 179, 436, 181, 54, 566, 56, 58, 314, 444, 446, 447, 321, 455, 584, 458, 588, 592, 81, 340, 470, 602, 347, 476, 349, 94, 604, 353, 609, 229, 102, 486, 235, 109, 240, 498, 243, 117, 373, 507, 379, 126]",1996
346,"[512, 5, 8, 14, 284, 35, 38, 46, 559, 566, 56, 58, 314, 584, 592, 602, 347, 604, 94, 353, 102, 109, 117, 121, 386, 174, 176, 181, 446, 191, 458, 468, 470, 486, 235, 240, 242, 507]",1996
347,"[385, 386, 133, 6, 524, 269, 544, 174, 566, 314, 58, 446, 206, 602, 347, 486, 235, 109, 117, 501]",1996
348,"[512, 6, 8, 524, 14, 530, 536, 26, 541, 37, 38, 40, 43, 46, 559, 565, 54, 566, 56, 569, 58, 574, 584, 588, 592, 81, 602, 604, 94, 609, 99, 102, 107, 109, 117, 121, 126, 130, 133, 134, 136, 142, 145, 162, 170, 173, 174, 176, 179, 181, 191, 192, 229, 235, 240, 242, 243, 284, 314, 321, 340, 347, 349, 353, 373, 374, 379, 385, 386, 394, 395, 402, 404, 411, 429, 436, 444, 446, 447, 455, 458, 468, 470, 476, 485, 486, 498, 507]",1996
349,"[512, 192, 386, 133, 6, 455, 584, 134, 588, 468, 340, 470, 602, 411, 604, 26, 94, 541, 353, 609, 126, 229, 486, 43, 109, 46, 174, 179, 117, 373, 56, 121, 58, 444, 446, 191]",1996
350,"[512, 130, 386, 6, 134, 136, 524, 142, 145, 530, 404, 411, 541, 38, 170, 43, 429, 46, 559, 174, 176, 179, 436, 181, 566, 54, 56, 314, 58, 574, 191, 321, 455, 584, 458, 588, 592, 81, 468, 340, 470, 602, 476, 349, 94, 353, 609, 99, 485, 102, 486, 235, 107, 109, 240, 498, 242, 243, 117, 374, 121, 379, 126]",1996
351,"[512, 130, 386, 133, 6, 134, 8, 136, 394, 395, 524, 145, 530, 404, 26, 411, 284, 541, 35, 38, 40, 170, 43, 429, 46, 174, 559, 179, 181, 566, 56, 569, 58, 314, 444, 574, 446, 192, 321, 584, 458, 588, 592, 81, 340, 468, 470, 602, 347, 604, 476, 94, 609, 353, 485, 229, 486, 107, 235, 240, 242, 498, 373, 374, 117, 379, 126]",1996
352,"[512, 130, 386, 133, 6, 134, 8, 136, 394, 395, 524, 145, 530, 404, 26, 411, 284, 541, 38, 40, 170, 43, 429, 46, 559, 179, 181, 566, 56, 314, 58, 444, 574, 446, 192, 191, 321, 584, 458, 588, 592, 81, 340, 468, 470, 602, 347, 604, 94, 609, 353, 485, 229, 486, 107, 235, 240, 498, 242, 373, 374, 117, 379, 126]",1996
353,"[385, 386, 321, 133, 6, 524, 592, 340, 602, 347, 31, 58, 486, 235, 109, 174, 176, 240, 117, 566, 374, 121, 314, 446]",1996
354,"[385, 8, 136, 524, 273, 411, 284, 35, 38, 40, 436, 566, 444, 446, 602, 604, 235, 109, 117, 373]",1996
355,"[512, 6, 262, 8, 524, 273, 530, 284, 43, 559, 566, 54, 58, 314, 321, 584, 592, 602, 347, 349, 94, 102, 109, 117, 373, 379, 126, 385, 402, 404, 411, 170, 173, 174, 179, 436, 181, 444, 446, 447, 455, 458, 470, 476, 229]",1996
356,"[512, 6, 14, 26, 541, 43, 46, 54, 56, 58, 321, 584, 588, 81, 340, 602, 604, 94, 353, 102, 109, 117, 373, 121, 126, 385, 386, 133, 134, 411, 174, 179, 444, 446, 191, 447, 192, 455, 468, 470, 229, 486]",1996
357,"[385, 386, 6, 136, 524, 536, 541, 174, 559, 181, 56, 314, 58, 584, 592, 604, 353, 99, 240, 373]",1996
358,"[6, 136, 395, 524, 284, 604, 353, 162, 99, 38, 40, 170, 43, 429, 109, 559, 176, 240, 181, 117, 373, 58, 446, 447]",1996
359,"[512, 5, 6, 262, 8, 524, 14, 273, 530, 541, 38, 43, 559, 565, 566, 58, 314, 321, 584, 592, 602, 347, 349, 94, 109, 117, 373, 121, 379, 385, 133, 395, 402, 404, 411, 162, 170, 173, 174, 436, 181, 446, 447, 455, 458, 470, 476, 229, 235]",1996
360,"[512, 385, 386, 133, 6, 134, 8, 136, 524, 14, 142, 273, 402, 530, 404, 536, 26, 411, 541, 38, 170, 46, 176, 179, 436, 181, 54, 56, 314, 444, 446, 447, 574, 321, 192, 455, 584, 588, 592, 602, 604, 349, 94, 353, 229, 102, 486, 485, 235, 109, 242, 117, 373, 507, 126]",1996
361,"[6, 262, 8, 524, 26, 284, 541, 43, 46, 559, 566, 56, 569, 314, 584, 588, 592, 81, 340, 602, 347, 349, 94, 353, 609, 99, 117, 385, 386, 136, 395, 411, 170, 173, 174, 176, 181, 446, 447, 192, 458, 470, 476, 229, 485, 486, 235, 240, 498, 243]",1996
362,"[6, 8, 14, 284, 40, 43, 46, 565, 566, 56, 58, 574, 321, 584, 588, 592, 81, 602, 347, 349, 94, 353, 102, 109, 117, 373, 126, 134, 136, 395, 142, 411, 176, 179, 436, 444, 446, 468, 470, 486, 240, 242, 498]",1996
363,"[512, 5, 6, 8, 524, 273, 536, 541, 38, 43, 46, 559, 566, 56, 58, 321, 584, 588, 592, 340, 602, 347, 604, 349, 94, 353, 609, 99, 102, 109, 117, 373, 121, 379, 126, 133, 134, 136, 411, 173, 174, 179, 446, 447, 455, 468, 470, 229, 486, 240, 507]",1996
364,"[6, 8, 14, 284, 35, 40, 43, 46, 569, 58, 574, 321, 584, 592, 602, 347, 349, 609, 353, 99, 117, 374, 126, 130, 134, 136, 395, 142, 145, 411, 174, 179, 436, 444, 446, 468, 470, 485, 240, 498]",1996
365,"[512, 385, 5, 6, 133, 8, 262, 136, 395, 524, 14, 273, 402, 530, 404, 536, 411, 284, 541, 38, 40, 170, 43, 173, 174, 559, 46, 179, 436, 181, 566, 565, 54, 314, 58, 444, 446, 447, 321, 455, 584, 458, 592, 470, 602, 347, 476, 349, 94, 604, 229, 102, 235, 109, 240, 498, 117, 373, 121, 379, 126]",1996
366,"[512, 6, 262, 8, 524, 14, 273, 530, 43, 559, 565, 566, 58, 314, 321, 584, 592, 602, 347, 349, 94, 109, 117, 373, 379, 385, 395, 402, 404, 411, 170, 173, 174, 436, 181, 446, 447, 455, 458, 470, 476, 229]",1996
367,"[512, 385, 386, 133, 6, 8, 524, 14, 273, 81, 468, 470, 602, 347, 284, 604, 94, 353, 58, 486, 235, 109, 46, 174, 559, 242, 565, 54, 566, 117, 373, 314, 501, 446, 191]",1996
368,"[386, 130, 5, 6, 136, 584, 394, 395, 574, 273, 468, 470, 602, 604, 94, 229, 38, 40, 170, 43, 235, 109, 174, 559, 240, 242, 179, 436, 117, 373, 444, 126]",1996
369,"[512, 385, 386, 133, 6, 8, 524, 14, 273, 468, 470, 602, 347, 284, 604, 94, 476, 353, 58, 486, 235, 109, 46, 559, 174, 242, 117, 566, 565, 54, 373, 314, 446, 191]",1996
370,"[385, 321, 386, 5, 6, 262, 8, 458, 588, 592, 273, 404, 470, 602, 411, 284, 94, 35, 58, 229, 38, 102, 40, 235, 109, 242, 181, 565, 566, 117, 373, 314, 379, 444, 54, 446]",1996
371,"[5, 6, 262, 8, 273, 536, 284, 541, 35, 38, 40, 559, 565, 566, 54, 58, 314, 321, 592, 602, 347, 349, 94, 102, 109, 117, 373, 379, 385, 404, 411, 173, 181, 444, 446, 447, 455, 458, 470, 476, 229, 235]",1996
372,"[5, 6, 14, 35, 38, 40, 46, 566, 58, 602, 347, 349, 94, 353, 99, 102, 107, 109, 117, 373, 121, 385, 136, 404, 411, 162, 170, 429, 444, 446, 447, 192, 455, 458, 468, 470, 486, 242, 507]",1996
373,"[512, 385, 5, 6, 455, 394, 142, 145, 470, 541, 35, 58, 38, 46, 174, 117, 54, 569, 314, 444, 446]",1996
374,"[512, 386, 130, 133, 6, 8, 136, 394, 524, 404, 26, 411, 284, 35, 170, 43, 429, 46, 559, 174, 179, 181, 56, 314, 58, 444, 574, 192, 584, 458, 588, 592, 468, 340, 470, 602, 347, 604, 476, 94, 353, 609, 229, 485, 107, 240, 498, 242, 117, 373, 379, 126]",1996
375,"[512, 385, 5, 6, 262, 8, 133, 395, 524, 14, 142, 273, 402, 530, 404, 536, 411, 284, 541, 38, 170, 43, 173, 174, 559, 179, 436, 181, 566, 565, 54, 314, 58, 444, 446, 447, 321, 455, 584, 458, 592, 470, 602, 347, 476, 349, 94, 229, 102, 235, 109, 240, 498, 117, 373, 507, 121, 379, 126]",1996
376,"[130, 6, 134, 8, 136, 395, 14, 142, 145, 411, 284, 35, 37, 40, 43, 46, 174, 176, 179, 436, 565, 566, 56, 569, 58, 444, 446, 574, 321, 584, 588, 592, 81, 468, 470, 602, 347, 349, 94, 353, 609, 99, 485, 102, 486, 107, 109, 240, 242, 498, 117, 373, 374, 126]",1996
377,"[386, 134, 584, 136, 395, 524, 592, 602, 284, 604, 353, 58, 102, 486, 40, 43, 173, 109, 559, 240, 46, 243, 373, 56, 314, 444]",1996
378,"[192, 6, 455, 136, 458, 468, 470, 602, 411, 94, 353, 162, 99, 429, 46, 242, 117, 373, 121, 58, 447]",1996
379,"[512, 6, 134, 584, 8, 136, 588, 142, 81, 402, 404, 470, 602, 411, 347, 541, 94, 284, 353, 126, 102, 43, 314, 109, 498, 179, 117, 373, 54, 56, 181, 58, 379, 444, 446]",1996
380,"[512, 386, 5, 262, 455, 136, 584, 458, 588, 530, 470, 26, 602, 476, 604, 411, 58, 229, 38, 485, 40, 43, 235, 109, 174, 46, 498, 179, 565, 117, 373, 566, 126, 446, 191]",1996
381,"[512, 386, 5, 133, 584, 458, 468, 470, 602, 604, 476, 35, 38, 235, 109, 46, 174, 242, 117, 566, 565, 373, 121, 58, 446, 191]",1996
382,"[451, 389, 71, 456, 521, 589, 270, 529, 337, 276, 277, 214, 151, 150, 90, 350, 32, 171, 44, 364, 492, 559, 304, 302, 179, 437, 120]",1997
383,"[4, 267, 19, 409, 414, 160, 290, 39, 45, 430, 57, 195, 453, 202, 469, 603, 607, 101, 368, 115]",2000
384,"[1, 450, 195, 4, 453, 265, 202, 267, 79, 591, 465, 19, 469, 217, 409, 27, 603, 155, 414, 607, 160, 96, 224, 288, 225, 290, 294, 39, 45, 368, 115, 244, 57, 59]",2000
385,"[1, 450, 579, 195, 453, 197, 265, 202, 79, 465, 469, 217, 409, 155, 603, 474, 414, 607, 160, 96, 290, 224, 292, 45, 368, 244, 57, 59]",2000
386,"[1, 450, 579, 453, 265, 202, 267, 587, 79, 19, 469, 217, 603, 27, 155, 414, 607, 160, 288, 96, 355, 292, 45, 368, 115, 244, 57, 59]",2000
387,"[1, 195, 453, 202, 267, 79, 591, 465, 19, 469, 217, 27, 603, 414, 607, 160, 96, 294, 39, 45, 368, 57, 59]",2000
388,"[1, 265, 267, 19, 414, 160, 288, 45, 57, 197, 453, 202, 79, 465, 469, 217, 603, 607, 368, 115]",2000
389,"[1, 579, 4, 453, 265, 202, 267, 140, 465, 469, 217, 409, 603, 414, 607, 160, 288, 96, 290, 224, 39, 45, 368, 115, 244, 57, 59]",2000
390,"[256, 509, 2, 323, 581, 582, 393, 511, 76, 466, 533, 407, 119, 537, 601, 152, 344, 227, 103, 487, 105, 298, 123, 317, 300, 112, 177, 497, 241, 308, 439, 441, 378, 443, 189, 318, 63]",2015
391,"[2, 21, 298, 300, 317, 318, 581, 582, 466, 601, 227, 103, 487, 105, 366, 497, 378, 123, 509, 511]",2015
392,"[533, 298, 300, 177, 308, 439, 317, 189, 63, 323, 581, 76, 466, 344, 227, 103, 105, 112, 119, 511]",2015
393,"[509, 193, 581, 582, 393, 511, 76, 466, 407, 537, 601, 439, 227, 103, 487, 105, 298, 426, 231, 233, 366, 123, 112, 177, 497, 308, 119, 441, 378, 443, 189, 63]",2015
394,"[509, 193, 323, 581, 393, 511, 76, 466, 533, 21, 407, 119, 537, 601, 152, 227, 103, 487, 105, 298, 426, 233, 300, 366, 317, 112, 177, 497, 241, 308, 439, 441, 378, 123, 189, 63]",2015
395,"[256, 407, 152, 298, 177, 308, 441, 317, 63, 323, 582, 76, 466, 344, 227, 103, 231, 105, 487, 112, 497, 123, 509]",2015
396,"[509, 2, 582, 393, 76, 466, 407, 152, 537, 227, 103, 231, 105, 298, 366, 112, 177, 497, 308, 119, 441, 378, 317, 189, 63]",2015
397,"[515, 15, 400, 279, 154, 550, 551, 49, 50, 561, 443, 67, 328, 212, 471, 599, 352, 610, 365, 380]",2017
398,"[65, 515, 67, 517, 328, 523, 141, 526, 15, 400, 461, 212, 279, 599, 413, 30, 159, 352, 550, 551, 365, 47, 433, 561, 49, 50, 443, 380, 190]",2017
