,0,period
0,"[512, 5, 6, 8, 524, 14, 530, 536, 26, 541, 37, 38, 40, 43, 46, 559, 565, 566, 54, 56, 569, 58, 574, 584, 588, 592, 81, 602, 604, 94, 609, 99, 102, 107, 109, 117, 121, 126, 130, 133, 134, 136, 142, 145, 170, 174, 176, 179, 181, 229, 235, 240, 242, 273, 284, 314, 321, 340, 347, 349, 353, 373, 374, 379, 385, 386, 394, 404, 411, 436, 444, 446, 447, 455, 458, 468, 470, 476, 485, 486, 498, 507]",1996
1,"[512, 5, 6, 8, 524, 14, 530, 536, 26, 541, 35, 37, 38, 40, 43, 46, 559, 565, 54, 566, 56, 569, 58, 574, 584, 588, 592, 81, 602, 604, 94, 609, 99, 102, 107, 109, 117, 121, 126, 130, 133, 134, 136, 142, 145, 162, 170, 173, 174, 176, 179, 181, 191, 192, 229, 235, 240, 242, 243, 262, 273, 284, 314, 321, 340, 347, 349, 353, 373, 374, 379, 385, 386, 394, 395, 402, 404, 411, 429, 436, 444, 446, 447, 455, 458, 468, 470, 476, 485, 486, 498, 507]",1996
2,"[512, 5, 6, 8, 524, 14, 530, 536, 26, 541, 35, 37, 38, 40, 43, 46, 559, 565, 54, 566, 56, 569, 58, 574, 584, 588, 592, 81, 602, 604, 94, 609, 99, 102, 107, 109, 117, 121, 126, 130, 133, 134, 136, 142, 145, 162, 170, 174, 176, 179, 181, 192, 229, 235, 240, 242, 262, 273, 284, 314, 321, 340, 347, 349, 353, 373, 374, 379, 385, 386, 394, 395, 402, 404, 411, 429, 436, 444, 446, 447, 455, 458, 468, 470, 476, 485, 486, 498, 507]",1996
3,"[512, 385, 130, 5, 6, 134, 136, 394, 524, 142, 14, 273, 145, 26, 411, 284, 541, 37, 40, 170, 43, 174, 559, 176, 46, 179, 436, 565, 181, 56, 569, 58, 314, 574, 447, 321, 455, 584, 458, 588, 592, 81, 340, 468, 470, 602, 347, 349, 94, 353, 99, 229, 102, 486, 235, 107, 109, 240, 242, 498, 117, 374, 373, 121, 379, 126]",1996
4,"[512, 5, 6, 8, 524, 14, 530, 536, 26, 541, 37, 38, 40, 43, 46, 559, 565, 54, 566, 56, 569, 58, 574, 584, 588, 592, 81, 602, 604, 94, 609, 99, 102, 107, 109, 117, 121, 126, 130, 133, 134, 136, 142, 145, 170, 174, 176, 179, 181, 192, 229, 235, 240, 242, 262, 273, 284, 314, 321, 340, 347, 349, 353, 373, 374, 379, 385, 386, 394, 402, 404, 411, 436, 444, 446, 447, 455, 458, 468, 470, 476, 485, 486, 498, 507]",1996
5,"[389, 529, 276, 277, 32, 171, 44, 302, 559, 304, 437, 71, 456, 337, 84, 90, 350, 364, 492, 372, 120]",1997
6,"[389, 521, 270, 529, 150, 32, 44, 304, 437, 451, 71, 456, 337, 84, 350, 364, 492, 372, 120]",1997
7,"[32, 389, 71, 456, 171, 364, 492, 44, 304, 337, 529, 372, 277, 276, 90, 350]",1997
8,"[32, 389, 456, 171, 364, 492, 304, 337, 529]",1997
9,"[389, 529, 276, 277, 32, 171, 44, 302, 304, 437, 71, 456, 337, 90, 350, 364, 492, 372, 120]",1997
10,"[451, 389, 71, 456, 521, 589, 270, 337, 529, 276, 277, 150, 214, 151, 90, 350, 32, 171, 44, 364, 492, 559, 304, 302, 179, 372, 437, 120]",1997
11,"[32, 389, 456, 364, 492, 302, 337, 529, 437, 120]",1997
12,"[389, 521, 270, 529, 276, 277, 151, 32, 44, 302, 179, 437, 451, 71, 456, 589, 337, 84, 214, 350, 364, 492, 372, 120]",1997
13,"[451, 389, 71, 456, 521, 589, 270, 337, 529, 84, 276, 150, 277, 90, 350, 32, 171, 44, 364, 492, 559, 304, 302, 179, 372, 437, 120]",1997
14,"[389, 270, 529, 277, 150, 151, 32, 171, 44, 302, 304, 179, 437, 451, 456, 337, 84, 214, 90, 350, 364, 492, 372, 120]",1997
15,"[389, 270, 529, 277, 150, 32, 171, 44, 302, 304, 437, 451, 456, 337, 84, 90, 350, 364, 492, 372, 120]",1997
16,"[360, 481, 163]",1998
17,"[360, 481, 11, 297]",1998
18,"[283, 149]",1998
19,"[304, 297, 11, 360]",1998
20,"[304, 283]",1998
21,"[11, 85, 149]",1998
22,"[304, 481, 163]",1998
23,"[128, 297, 283]",1998
24,"[128, 149]",1998
25,"[481, 11, 85]",1998
26,"[360, 11]",1998
27,"[304, 11, 163]",1998
28,"[128, 481, 163, 360, 297, 304]",1998
29,"[283, 304, 11, 128]",1998
30,"[481, 163, 360, 11, 304]",1998
31,"[360, 481, 85]",1998
32,"[297, 481]",1998
33,"[283, 85]",1998
34,"[360, 297]",1998
35,"[304, 11, 149]",1998
36,"[481, 149]",1998
37,"[304, 297, 149]",1998
38,"[304, 360]",1998
39,"[283, 297, 11]",1998
40,"[163, 85]",1998
41,"[128, 297, 304]",1998
42,"[304, 85]",1998
43,"[140, 118, 263]",1999
44,"[577, 263, 554, 140, 118, 572]",1999
45,"[33, 266, 201, 554]",1999
46,"[201, 266, 140, 118]",1999
47,"[577, 4, 199, 201, 266, 140, 33, 554, 118]",1999
48,"[33, 554, 263, 201, 199, 412, 93, 572]",1999
49,"[33, 4, 118, 263, 201, 199, 266, 140]",1999
50,"[33, 263, 199, 554, 412]",1999
51,"[33, 577, 263, 199, 201, 266, 554, 268, 140, 208, 597, 572, 93]",1999
52,"[577, 263, 201, 266, 268, 140, 597, 554, 118, 572]",1999
53,"[577, 33, 199, 201, 554, 266, 268]",1999
54,"[208, 33, 554, 4, 199, 266, 268, 263]",1999
55,"[33, 577, 263, 199, 201, 554, 140, 467, 118, 572, 93]",1999
56,"[33, 577, 263, 199, 201, 554, 467, 412, 572, 93]",1999
57,"[4, 201, 266, 140, 156]",1999
58,"[577, 263, 199, 201, 266, 597, 33, 554, 572]",1999
59,"[263, 201, 304, 595, 597, 412, 93]",1999
60,"[201, 266, 268, 597, 156, 93]",1999
61,"[33, 577, 263, 199, 201, 266, 554, 268, 467, 597, 572, 93, 383]",1999
62,"[33, 199, 208, 597, 412]",1999
63,"[33, 201, 304, 597, 412, 383]",1999
64,"[208, 33, 4, 263, 199, 266, 412, 575]",1999
65,"[263, 199, 201, 266, 268, 597, 156, 93, 33]",1999
66,"[201, 140, 268, 199]",1999
67,"[577, 4, 201, 266, 268, 140, 597, 93, 572]",1999
68,"[4, 199, 263, 201, 266, 140, 33, 115, 118]",1999
69,"[208, 597, 268, 263, 201, 199, 412, 93]",1999
70,"[208, 33, 304, 535, 199, 412, 268, 263]",1999
71,"[266, 268, 554, 263]",1999
72,"[577, 201, 572, 263]",1999
73,"[33, 263, 554, 266, 304, 412]",1999
74,"[201, 554, 572, 263]",1999
75,"[33, 266, 4, 199]",1999
76,"[263, 199, 201, 140, 268, 208, 597, 412, 93]",1999
77,"[140, 597, 268, 263, 201, 199, 412, 93]",1999
78,"[33, 554, 572, 263]",1999
79,"[1, 4, 265, 409, 156, 414, 160, 288, 290, 546, 292, 294, 39, 57, 59, 195, 453, 202, 465, 469, 217, 603, 607, 368]",2000
80,"[1, 195, 4, 453, 265, 202, 267, 79, 591, 465, 19, 469, 217, 603, 27, 414, 607, 160, 288, 290, 96, 224, 294, 39, 45, 368, 57, 59]",2000
81,"[160, 225, 290, 96, 217, 101, 294, 202, 267, 587, 45, 430, 19, 469, 57, 603, 188, 414]",2000
82,"[1, 450, 195, 579, 453, 197, 265, 202, 79, 465, 469, 217, 409, 603, 155, 474, 414, 607, 160, 96, 290, 224, 292, 45, 368, 244, 57, 59]",2000
83,"[1, 265, 409, 156, 414, 160, 288, 290, 292, 294, 39, 57, 59, 195, 453, 202, 465, 469, 217, 603, 607, 368]",2000
84,"[1, 450, 195, 453, 265, 202, 267, 587, 19, 469, 409, 603, 414, 607, 160, 96, 290, 101, 294, 39, 45, 430, 368, 115, 57]",2000
85,"[160, 1, 195, 217, 453, 294, 202, 368, 469, 57, 603, 59, 414, 607]",2000
86,"[1, 450, 195, 4, 453, 265, 202, 267, 587, 79, 591, 465, 19, 469, 217, 409, 27, 603, 414, 607, 160, 96, 224, 225, 290, 288, 294, 39, 45, 368, 115, 244, 57, 59]",2000
87,"[1, 195, 4, 453, 265, 202, 79, 465, 19, 469, 217, 603, 27, 414, 607, 160, 288, 290, 96, 294, 39, 45, 368, 57, 59]",2000
88,"[267, 19, 414, 160, 288, 290, 294, 45, 57, 579, 202, 587, 591, 469, 217, 474, 603, 96, 224]",2000
89,"[1, 450, 195, 579, 453, 265, 202, 267, 587, 79, 465, 19, 469, 217, 603, 27, 155, 414, 607, 160, 288, 292, 294, 39, 45, 368, 244, 57, 59]",2000
90,"[42, 367, 493, 135]",2001
91,"[384, 135, 474, 410, 288, 292, 42, 555, 183]",2001
92,"[474, 135, 183, 42, 493, 494, 367]",2001
93,"[195, 414, 453, 4, 42, 603, 430]",2001
94,"[42, 234, 410]",2001
95,"[164, 183, 135, 457, 42, 555, 493, 494]",2001
96,"[135, 474, 164, 234, 42, 555, 494, 367, 183]",2001
97,"[160, 453, 384, 135]",2001
98,"[500, 42, 422, 135, 234, 555, 410, 367]",2001
99,"[195, 414, 453, 135, 234, 45, 430, 367]",2001
100,"[160, 453, 42, 384]",2001
101,"[384, 500, 135, 457, 234, 555]",2001
102,"[474, 500, 453, 422, 135, 234, 555, 367]",2001
103,"[516, 164, 500, 135, 457, 234, 555, 494]",2001
104,"[516, 453, 135, 234, 367, 500]",2001
105,"[367, 493, 494, 135]",2001
106,"[42, 234, 140, 367, 414]",2001
107,"[13, 45, 135, 164, 493]",2001
108,"[234, 516, 414, 367]",2001
109,"[160, 453, 135, 45, 414, 607]",2001
110,"[42, 430, 135]",2001
111,"[183, 42, 367, 135]",2001
112,"[160, 384, 4, 453, 216, 603, 414]",2001
113,"[160, 195, 453, 42, 430, 414]",2001
114,"[234, 516, 135]",2001
115,"[42, 135, 234, 45, 430, 367]",2001
116,"[384, 516, 135, 457, 555, 183]",2001
117,"[474, 164, 135, 234, 555, 493, 494, 367]",2001
118,"[384, 267, 164, 135]",2001
119,"[195, 414, 453, 516, 135, 42, 140, 430]",2001
120,"[384, 164, 183, 135, 457, 234, 555, 494]",2001
121,"[500, 164, 42, 135, 183, 234, 555, 367]",2001
122,"[113, 422, 135, 42, 493, 494, 367]",2001
123,"[516, 42, 234, 367, 410]",2001
124,"[160, 500, 453, 135]",2001
125,"[474, 234, 516, 367]",2001
126,"[384, 500, 135, 457, 42, 555]",2001
127,"[384, 474, 234, 292, 135, 42, 555]",2001
128,"[453, 422, 135, 234, 42, 367]",2001
129,"[384, 42, 292, 516]",2001
130,"[474, 500, 135, 234, 555, 157]",2001
131,"[384, 234, 516]",2001
132,"[516, 135, 457, 234, 42, 555, 493, 494, 367]",2001
133,"[384, 292, 42, 234, 410, 474]",2001
134,"[474, 292, 135, 234, 555, 367]",2001
135,"[474, 42, 234, 367]",2001
136,"[474, 234, 292, 367]",2001
137,"[135, 13, 164, 234, 42, 555, 493, 367, 183]",2001
138,"[558, 527, 198, 391]",2002
139,"[448, 325, 198, 391, 199, 531, 292, 313, 186]",2002
140,"[448, 452, 69, 198, 391, 325, 140, 532, 292, 313, 186]",2002
141,"[448, 452, 325, 292, 391, 313, 479]",2002
142,"[453, 198, 391, 325, 531, 414, 45, 313, 186]",2002
143,"[448, 325, 391, 313, 414]",2002
144,"[186, 531, 527, 391]",2002
145,"[448, 452, 325, 69, 198, 391, 292, 527, 531, 313, 186, 479]",2002
146,"[448, 452, 198, 199, 391, 263, 527, 531, 532, 313, 186]",2002
147,"[448, 452, 198, 391, 527, 479, 558, 313, 186]",2002
148,"[288, 453, 198, 391, 186, 140, 263, 414]",2002
149,"[448, 452, 69, 198, 391, 325, 140, 527, 532, 313, 186]",2002
150,"[448, 452, 532, 313, 479]",2002
151,"[448, 452, 69, 532, 391, 325, 313, 479]",2002
152,"[292, 453, 198, 313, 186, 140, 45, 414]",2002
153,"[531, 452, 198, 391, 186, 45, 558, 527]",2002
154,"[186, 531, 452, 527]",2002
155,"[186, 531, 198, 527]",2002
156,"[448, 325, 198, 391, 527, 531, 479, 558, 313, 186]",2002
157,"[448, 452, 198, 391, 527, 531, 532, 313, 186]",2002
158,"[448, 69, 198, 391, 527, 531, 479, 313, 186]",2002
159,"[292, 198, 313, 186, 479]",2002
160,"[448, 452, 69, 198, 391, 527, 531, 532, 479, 313, 186]",2002
161,"[453, 198, 140, 186, 414, 479]",2002
162,"[198, 391, 558, 531, 313, 186]",2002
163,"[160, 288, 165, 169, 9, 427, 108, 303, 275, 20, 182, 312, 474, 95]",2003
164,"[160, 169, 20, 182, 414, 95]",2003
165,"[97, 275, 108, 182]",2003
166,"[169, 108, 20, 182, 474]",2003
167,"[160, 448, 104, 169, 9, 427, 108, 275, 20, 182, 504, 474]",2003
168,"[275, 20, 95, 169, 427, 108, 303, 182, 312]",2003
169,"[275, 20, 474, 288, 104, 169, 427, 182, 312]",2003
170,"[275, 20, 474, 414, 95, 288, 104, 169, 427, 182, 312]",2003
171,"[97, 169, 427, 275, 182]",2003
172,"[275, 20, 182, 312, 169, 427]",2003
173,"[275, 165, 182, 312, 474, 95]",2003
174,"[199, 169, 45, 20, 414]",2003
175,"[9, 275, 20, 160, 97, 169, 427, 108, 182]",2003
176,"[160, 312, 165, 104, 169, 108, 275, 20, 182, 504, 474, 414]",2003
177,"[9, 140, 275, 20, 474, 165, 104, 169, 108, 182]",2003
178,"[275, 474, 95, 165, 108, 430, 303, 182, 312]",2003
179,"[288, 169, 20, 165]",2003
180,"[275, 20, 474, 160, 104, 169, 108, 182, 312]",2003
181,"[288, 448, 312, 20, 165, 504, 169, 108]",2003
182,"[288, 169, 20, 312, 414]",2003
183,"[160, 20, 182, 169, 45, 430, 95]",2003
184,"[165, 108, 275, 182, 474]",2003
185,"[9, 275, 20, 474, 160, 104, 169, 108, 182]",2003
186,"[504, 169, 20, 165]",2003
187,"[288, 312, 20, 165, 199, 504, 169, 414]",2003
188,"[288, 140, 20, 165, 312, 169, 108, 45]",2003
189,"[275, 20, 474, 414, 288, 165, 104, 169, 427, 504]",2003
190,"[275, 20, 474, 414, 165, 104, 169, 108, 182]",2003
191,"[169, 20, 45]",2003
192,"[97, 275, 182, 312, 474, 108, 95, 303]",2003
193,"[288, 275, 292, 165, 182, 169, 474, 427]",2003
194,"[275, 20, 474, 160, 104, 169, 108, 182, 504]",2003
195,"[169, 226, 387, 474]",2004
196,"[288, 66, 182, 448]",2004
197,"[226, 66, 169, 425, 82, 474]",2004
198,"[288, 169, 66, 182]",2004
199,"[288, 66, 263, 169, 474, 414]",2004
200,"[66, 226, 100, 387, 182]",2004
201,"[226, 387, 100, 104, 169, 140]",2004
202,"[104, 82, 387, 100]",2004
203,"[232, 140, 100]",2004
204,"[288, 66, 226, 263, 425, 474, 140]",2004
205,"[448, 474, 66, 414]",2004
206,"[226, 387, 100, 232, 140, 474]",2004
207,"[226, 387, 100, 36, 474]",2004
208,"[169, 226, 100, 474]",2004
209,"[82, 226, 100, 387]",2004
210,"[169, 226, 140, 474]",2004
211,"[226, 387, 100, 310]",2004
212,"[104, 232, 226, 474]",2004
213,"[474, 66, 169, 182]",2004
214,"[288, 66, 226, 232, 82, 474]",2004
215,"[387, 100, 425, 140, 82]",2004
216,"[82, 226, 387, 45]",2004
217,"[66, 226, 100, 45, 182, 474]",2004
218,"[448, 66, 100, 263]",2004
219,"[66, 387, 263, 140, 82, 288, 226, 169, 425]",2004
220,"[226, 232, 425, 169, 140, 82]",2004
221,"[66, 263, 45, 474, 414]",2004
222,"[66, 226, 100, 387, 182, 169, 425]",2004
223,"[448, 66, 226, 100]",2004
224,"[448, 66, 387, 140, 82, 226, 100, 169, 425]",2004
225,"[425, 226, 45, 474]",2004
226,"[448, 66, 82, 100, 263, 232, 425, 140]",2004
227,"[104, 82, 226]",2004
228,"[474, 387, 100, 310]",2004
229,"[425, 226, 387, 45]",2004
230,"[288, 66, 226, 387, 45, 474]",2004
231,"[425, 226, 310, 474]",2004
232,"[226, 387, 100, 45, 82, 474]",2004
233,"[66, 387, 82, 474, 226, 100, 232, 169, 425]",2004
234,"[288, 66, 182, 474, 414]",2004
235,"[226, 387, 100, 66, 310, 82, 169, 425]",2004
236,"[66, 226, 82, 182]",2004
237,"[169, 82, 226, 310]",2004
238,"[448, 66, 226, 263]",2004
239,"[263, 232, 425, 82, 474]",2004
240,"[608, 482, 66, 7, 346, 91, 221]",2005
241,"[608, 336, 91, 428, 221, 462, 286]",2005
242,"[438, 7, 182, 488, 346, 221, 287]",2005
243,"[260, 488, 346, 221, 287]",2005
244,"[288, 482, 7, 488, 438, 474]",2005
245,"[336, 488, 91, 462]",2005
246,"[608, 7, 23, 474, 91]",2005
247,"[608, 7, 488, 552, 428, 462, 336, 309, 438, 91, 156, 221, 286]",2005
248,"[288, 199, 7, 182, 438, 474, 414]",2005
249,"[438, 182, 488, 91, 428, 221, 462, 286]",2005
250,"[260, 462, 91, 156, 221, 286, 608, 488, 428, 438]",2005
251,"[608, 48, 594, 438, 552, 91, 428, 221]",2005
252,"[608, 7, 488, 552, 428, 462, 336, 594, 438, 91, 156, 221, 286]",2005
253,"[260, 488, 438, 182, 221]",2005
254,"[608, 336, 156, 7, 91, 428, 286]",2005
255,"[608, 396, 336, 309, 91, 221]",2005
256,"[336, 594, 91, 156, 221, 286, 608, 552, 428, 309, 438]",2005
257,"[7, 91, 221, 287, 309, 336, 346]",2005
258,"[7, 594, 346, 91, 221, 552, 428, 438, 182]",2005
259,"[336, 91, 156, 221]",2005
260,"[474, 287, 221, 7]",2005
261,"[336, 309, 438, 488, 91, 156, 221, 462]",2005
262,"[7, 594, 91, 156, 221, 608, 428, 438, 182]",2005
263,"[7, 462, 336, 594, 91, 286, 488, 552, 428]",2005
264,"[7, 462, 336, 594, 91, 156, 221, 286, 608, 488, 428]",2005
265,"[608, 7, 552, 428, 462, 336, 438, 346, 91, 156, 221, 286]",2005
266,"[608, 336, 260, 23, 346, 91, 221, 287]",2005
267,"[482, 260, 7, 346, 221, 287]",2005
268,"[608, 482, 66, 23, 7, 91, 221, 287]",2005
269,"[488, 462, 346, 91, 221, 287]",2005
270,"[7, 462, 594, 91, 221, 287, 608, 552, 428]",2005
271,"[608, 482, 7, 336, 309, 91]",2005
272,"[7, 336, 594, 91, 156, 286, 608, 226, 488, 428, 438]",2005
273,"[336, 91, 156, 221, 286, 608, 552, 428, 309, 438, 316]",2005
274,"[64, 129, 34, 68, 132, 167, 462, 463, 144, 370, 178, 542]",2006
275,"[64, 513, 178, 370, 423, 167, 187, 542]",2006
276,"[64, 513, 463, 144, 399, 542, 167, 423, 178, 370, 187]",2006
277,"[64, 129, 34, 68, 132, 167, 75, 462, 144, 370, 178, 187, 542]",2006
278,"[64, 513, 68, 542, 34, 423, 167, 178, 370, 187, 61]",2006
279,"[64, 132, 68, 399, 144, 178, 187]",2006
280,"[64, 129, 34, 68, 132, 167, 399, 144, 370, 542]",2006
281,"[64, 129, 34, 513, 132, 68, 167, 264, 75, 399, 144, 463, 178, 370, 187, 61, 510]",2006
282,"[64, 129, 68, 132, 510, 167, 232, 75, 462, 399, 144, 178, 370, 61, 187, 381, 542]",2006
283,"[64, 144, 34, 129, 132, 68, 259, 399]",2006
284,"[64, 34, 132, 68, 167, 423, 264, 399, 144, 463, 178, 187, 542]",2006
285,"[64, 129, 34, 259, 132, 68, 257, 399, 144, 178, 187, 381]",2006
286,"[64, 129, 34, 259, 68, 132, 513, 167, 75, 399, 144, 370, 381, 542]",2006
287,"[64, 226, 144, 178, 370, 187, 542]",2006
288,"[64, 608, 34, 178, 68, 167, 187, 381]",2006
289,"[64, 129, 68, 132, 167, 75, 462, 399, 144, 370, 178, 381, 542]",2006
290,"[64, 513, 370, 34, 68, 167, 381, 542]",2006
291,"[64, 129, 34, 513, 68, 132, 167, 264, 423, 463, 144, 399, 178, 370, 187]",2006
292,"[480, 219, 274, 307, 187, 254]",2007
293,"[416, 480, 483, 580, 166, 230, 359, 606, 110, 593, 274, 307, 570, 219, 573, 254]",2007
294,"[416, 480, 483, 580, 68, 166, 230, 359, 606, 110, 593, 274, 307, 570, 219, 540, 573, 254]",2007
295,"[480, 448, 483, 580, 230, 359, 606, 219, 593, 274, 307, 570, 187, 573, 254]",2007
296,"[448, 580, 274, 474, 219, 540, 480, 226, 307, 570, 573]",2007
297,"[274, 307, 68, 381, 166, 219, 573, 606]",2007
298,"[416, 480, 483, 580, 166, 230, 359, 606, 110, 593, 274, 307, 278, 570, 219, 573, 254]",2007
299,"[480, 387, 68, 573, 166, 606, 474, 274, 307, 346, 219, 381, 254]",2007
300,"[274, 474, 219, 480, 166, 230, 307, 187, 573]",2007
301,"[448, 387, 68, 573, 166, 483, 230, 274, 307, 219, 381, 606]",2007
302,"[387, 68, 274, 219, 606, 483, 166, 381, 307, 573]",2007
303,"[480, 448, 387, 68, 573, 166, 232, 219, 274, 307, 438, 187, 381, 414]",2007
304,"[416, 480, 483, 580, 166, 230, 359, 606, 110, 593, 274, 307, 473, 570, 219, 540, 573, 254]",2007
305,"[274, 307, 166, 230, 278, 219, 606]",2007
306,"[480, 387, 68, 414, 166, 606, 219, 274, 307, 381, 187, 573, 254]",2007
307,"[416, 480, 483, 580, 166, 230, 606, 110, 219, 593, 274, 307, 570, 187, 573, 254]",2007
308,"[448, 226, 483, 230, 274, 307, 219, 573]",2007
309,"[448, 226, 387, 68, 573, 166, 230, 274, 307, 219, 381, 606]",2007
310,"[480, 448, 483, 68, 580, 166, 232, 140, 274, 307, 570, 219, 254]",2007
311,"[322, 200, 334, 477, 223, 354, 356, 420, 232, 553]",2008
312,"[322, 354, 356, 420, 223, 200, 137, 232, 72, 361, 301, 334, 239, 343, 220, 477, 375]",2008
313,"[387, 220, 223]",2008
314,"[200, 137, 334, 220, 477, 223, 354, 232, 381]",2008
315,"[307, 68, 414, 232, 219, 477, 334, 239]",2008
316,"[356, 292, 72, 137, 200, 334, 239, 343, 220, 477, 223]",2008
317,"[322, 200, 343, 220, 477, 483, 356, 420, 232]",2008
318,"[322, 200, 137, 334, 343, 220, 477, 354, 356, 420, 239]",2008
319,"[322, 354, 420, 356, 343, 200, 553, 239]",2008
320,"[322, 334, 477, 223, 354, 356, 420, 232, 381]",2008
321,"[322, 354, 420, 343, 200, 72, 477, 239]",2008
322,"[68, 239, 307, 219, 606]",2008
323,"[232, 322, 483, 356, 200, 220, 334, 239]",2008
324,"[354, 239, 356, 343, 72, 361, 477, 200]",2008
325,"[322, 483, 68, 356, 200, 232, 274, 307, 219, 220, 477]",2008
326,"[354, 307, 292, 72, 477, 334, 239]",2008
327,"[274, 307, 356, 343, 200, 220, 477]",2008
328,"[322, 200, 334, 403, 477, 223, 354, 420, 356, 553, 301]",2008
329,"[307, 477, 334, 239]",2008
330,"[322, 354, 356, 420, 483, 200, 553, 232, 137, 334, 239, 343, 220]",2008
331,"[322, 354, 356, 420, 232, 553, 334, 200]",2008
332,"[322, 354, 356, 420, 200, 553, 72, 361, 74, 301, 239, 343, 477]",2008
333,"[553, 74, 301, 239, 343, 220, 223]",2008
334,"[387, 68, 199, 274, 307, 343, 219, 220]",2008
335,"[322, 354, 356, 420, 483, 223, 200, 137, 232, 334, 239, 343, 220, 477, 375]",2008
336,"[322, 354, 420, 356, 343, 200, 220, 239]",2008
337,"[274, 307, 223, 68, 343, 219, 220, 239]",2008
338,"[322, 387, 356, 420, 232, 220, 477]",2008
339,"[274, 307, 220, 343]",2008
340,"[200, 334, 274, 220, 477, 223, 356, 239, 307]",2008
341,"[322, 354, 356, 420, 200, 137, 72, 334, 239, 343, 220, 477, 223]",2008
342,"[288, 68, 232, 274, 573]",2009
343,"[327, 522, 590, 78, 335, 215, 600, 28, 568, 318]",2009
344,"[356, 292, 334, 590, 28]",2009
345,"[68, 590, 274, 220, 477, 414, 28, 232, 573]",2009
346,"[568, 522, 28]",2009
347,"[318, 369, 215, 600, 522, 28, 590, 335]",2009
348,"[318, 51, 390, 600, 28, 590]",2009
349,"[369, 51, 335, 600, 78, 28, 590, 553]",2009
350,"[573, 68, 381]",2009
351,"[318, 51, 390, 215, 600, 522, 28, 590]",2009
352,"[483, 68, 381, 307, 573]",2009
353,"[335, 215, 568, 28, 573]",2009
354,"[220, 414, 600, 522, 28, 573, 590]",2009
355,"[448, 68, 590, 28, 573, 414]",2009
356,"[318, 590, 369, 28, 573, 414]",2009
357,"[232, 274, 573, 199]",2009
358,"[573, 68, 232, 274, 307, 477]",2009
359,"[232, 590, 28, 318]",2009
360,"[274, 292, 68, 232, 219, 28, 573, 590]",2009
361,"[356, 28, 590, 68]",2009
362,"[590, 271, 51, 600, 28, 573]",2009
363,"[232, 274, 573, 590]",2009
364,"[590, 271, 215, 600, 28]",2009
365,"[207, 390, 327, 600, 522, 28, 590, 271]",2009
366,"[232, 590, 274, 414]",2009
367,"[356, 590, 28, 414]",2009
368,"[573, 68, 590, 274, 220, 28, 414, 232, 381]",2009
369,"[327, 522, 335, 215, 568, 28]",2009
370,"[274, 414, 292, 220, 232, 28, 573, 590]",2009
371,"[307, 68, 573]",2009
372,"[28, 335, 215]",2009
373,"[590, 414, 28, 334]",2009
374,"[318, 51, 390, 215, 600, 28, 590, 335]",2009
375,"[232, 51, 215, 600, 78, 28, 573, 590]",2009
376,"[288, 68, 292, 590, 219, 28]",2009
377,"[590, 573, 414]",2009
378,"[590, 414, 28, 390]",2009
379,"[68, 573, 430]",2009
380,"[568, 590, 600, 553, 522, 28, 78]",2009
381,"[440, 28, 573, 590]",2009
382,"[232, 274, 28, 590]",2009
383,"[288, 28, 573, 590]",2009
384,"[522, 78, 590, 335, 215, 600, 28, 369, 51, 318]",2009
385,"[590, 483, 68, 292]",2009
386,"[232, 590, 28, 390]",2009
387,"[320, 334, 464, 434, 22]",2010
388,"[320, 434, 330]",2010
389,"[464, 590, 434, 22]",2010
390,"[434, 483, 292]",2010
391,"[434, 68, 318, 292]",2010
392,"[318, 434, 292, 22]",2010
393,"[434, 28, 330, 22]",2010
394,"[104, 477, 434, 253]",2010
395,"[448, 318, 483, 292, 434, 414]",2010
396,"[483, 292, 334, 590, 434, 22]",2010
397,"[274, 483, 318]",2010
398,"[318, 483, 292, 590, 414]",2010
399,"[232, 274, 483, 414]",2010
400,"[605, 330, 464, 434, 22, 381]",2010
401,"[232, 434, 381]",2010
402,"[274, 483, 292, 434, 232, 104, 381, 590]",2010
403,"[318, 274, 483, 292, 68, 232, 381, 414]",2010
404,"[434, 330, 180, 318]",2010
405,"[434, 483, 330, 318]",2010
406,"[274, 483, 68, 292, 232, 330, 477, 414]",2010
407,"[464, 434, 483, 22]",2010
408,"[434, 330, 381, 22]",2010
409,"[232, 381, 590]",2010
410,"[483, 68, 104, 274, 318]",2010
411,"[464, 434, 292, 22, 330, 172, 605, 318]",2010
412,"[232, 320, 434, 483]",2010
413,"[464, 330, 590]",2010
414,"[483, 68, 414, 232, 434, 318]",2010
415,"[320, 434, 318, 448]",2010
416,"[318, 434, 330, 22]",2010
417,"[274, 483, 68]",2010
418,"[448, 434, 68]",2010
419,"[292, 330, 172, 464, 605, 318]",2010
420,"[104, 434, 330]",2010
421,"[464, 292, 605, 590]",2010
422,"[274, 483, 68, 232, 425, 330, 477, 414]",2010
423,"[232, 330, 483, 414]",2010
424,"[414, 318, 483]",2010
425,"[232, 274, 483, 477]",2010
426,"[320, 590, 434, 22]",2010
427,"[434, 68, 330, 318]",2010
428,"[232, 590, 434, 22, 28, 381]",2010
429,"[590, 292, 318]",2010
430,"[104, 434, 483, 318]",2010
431,"[104, 274, 483, 22]",2010
432,"[104, 483]",2010
433,"[292, 232, 590, 274, 381, 414]",2010
434,"[318, 434, 483, 22]",2010
435,"[483, 292, 590]",2010
436,"[448, 590, 434, 22, 318]",2010
437,"[464, 434, 292, 180, 22, 330, 605, 318]",2010
438,"[590, 292, 414]",2010
439,"[419, 421, 326, 585, 432, 17]",2011
440,"[168, 213, 432, 295]",2011
441,"[17, 490, 213]",2011
442,"[432, 17, 29, 585]",2011
443,"[585, 17, 405, 295]",2011
444,"[326, 29, 318, 421]",2011
445,"[432, 17, 490, 585]",2011
446,"[326, 585, 398, 432, 17]",2011
447,"[168, 17, 585, 295]",2011
448,"[326, 295, 585, 432, 17, 573]",2011
449,"[432, 17, 448, 326, 295, 168, 585, 490]",2011
450,"[168, 421, 432]",2011
451,"[432, 17, 490, 326]",2011
452,"[168, 17, 585, 432]",2011
453,"[326, 585, 17, 405, 29, 419, 295, 168, 432]",2011
454,"[168, 17, 490]",2011
455,"[168, 17, 326, 432]",2011
456,"[17, 421, 29, 295]",2011
457,"[232, 68, 590]",2011
458,"[432, 17, 213, 585]",2011
459,"[17, 68, 398]",2011
460,"[585, 17, 490, 448]",2011
461,"[168, 17, 29, 295]",2011
462,"[326, 295, 432, 17, 405, 505]",2011
463,"[448, 17, 490, 68, 292, 326, 585, 522]",2011
464,"[17, 29, 318]",2011
465,"[432, 490, 522, 68]",2011
466,"[483, 29, 421]",2011
467,"[432, 17, 29, 326]",2011
468,"[432, 17, 419, 326, 295, 168, 585, 29]",2011
469,"[522, 326]",2011
470,"[490, 68, 414]",2011
471,"[432, 17, 405, 448]",2011
472,"[419, 326, 432, 17, 405]",2011
473,"[168, 17, 585, 326]",2011
474,"[432, 421, 295]",2011
475,"[398, 29, 318]",2011
476,"[432, 17, 68, 326]",2011
477,"[292, 326, 398, 522]",2011
478,"[168, 17, 405, 585]",2011
479,"[585, 17, 326, 448]",2011
480,"[17, 573]",2011
481,"[398, 29, 326]",2011
482,"[17, 419, 405, 326, 295, 168, 585]",2011
483,"[17, 419, 29, 295]",2011
484,"[432, 17, 3, 421]",2011
485,"[17, 490, 68, 573]",2011
486,"[503, 132, 357, 131, 489, 490, 332, 204, 211, 86, 246, 249, 124, 351]",2012
487,"[131, 332, 351, 357, 489, 490, 246, 503, 249, 124]",2012
488,"[131, 503, 472, 489, 490, 332, 83, 211, 86, 246, 88, 124, 318, 351]",2012
489,"[503, 132, 357, 484, 489, 490, 332, 204, 211, 86, 246, 249, 351]",2012
490,"[124, 131, 211, 204, 86, 503, 489, 332]",2012
491,"[503, 132, 357, 131, 489, 332, 204, 211, 83, 86, 246, 280, 249, 88, 124, 351]",2012
492,"[503, 131, 357, 70, 489, 490, 332, 204, 211, 86, 246, 249, 124, 351]",2012
493,"[280, 131, 132, 357, 484, 472, 489, 332, 83, 211, 86, 503, 88, 249, 318, 351]",2012
494,"[503, 484, 357, 131, 70, 520, 489, 332, 211, 83, 86, 246, 280, 249, 124, 351]",2012
495,"[503, 131, 357, 484, 489, 490, 332, 204, 211, 86, 246, 249, 124, 351]",2012
496,"[131, 419, 357, 472, 489, 332, 204, 83, 211, 86, 246, 88, 249, 318, 351]",2012
497,"[131, 132, 357, 472, 520, 489, 332, 83, 211, 86, 246, 88, 249, 351]",2012
498,"[132, 332, 211, 86, 351, 357, 489, 490, 246, 503, 249]",2012
499,"[131, 83, 211, 86, 503, 88, 472, 332]",2012
500,"[503, 132, 357, 131, 484, 489, 490, 332, 204, 211, 86, 246, 249, 351]",2012
501,"[131, 484, 357, 70, 520, 489, 204, 332, 211, 83, 86, 503, 249, 124]",2012
502,"[131, 357, 489, 490, 204, 332, 211, 83, 246, 503, 86, 249, 88, 124, 351]",2012
503,"[460, 80, 16, 282, 415, 543, 228, 562, 376]",2013
504,"[16, 562, 376, 282, 348, 415]",2013
505,"[80, 282, 376, 543]",2013
506,"[16, 460, 228, 348]",2013
507,"[249, 522, 573]",2013
508,"[16, 282, 460, 562]",2013
509,"[16, 80, 228]",2013
510,"[282, 460, 388, 562]",2013
511,"[460, 543, 562, 435, 282, 415]",2013
512,"[415, 16, 562, 282, 348, 543]",2013
513,"[16, 80, 562, 435, 21, 282, 348, 415]",2013
514,"[460, 16, 80, 282, 348, 415, 228, 562, 435]",2013
515,"[318, 415]",2013
516,"[376, 562, 388]",2013
517,"[16, 249, 282, 562]",2013
518,"[228, 16, 80, 562, 376]",2013
519,"[16, 282, 80, 415]",2013
520,"[16, 562, 29, 376, 282, 460, 543, 415]",2013
521,"[16, 562, 228, 348]",2013
522,"[80, 16, 562, 376, 415, 282, 460, 543]",2013
523,"[460, 80, 16, 282, 348, 415, 562, 435, 376]",2013
524,"[543, 29, 415]",2013
525,"[16, 80, 228, 376, 282, 348, 543, 415]",2013
526,"[282, 562, 460, 29]",2013
527,"[80, 282, 562, 415]",2013
528,"[16, 80, 376]",2013
529,"[16, 282, 228, 415]",2013
530,"[460, 80, 435, 376, 282, 415]",2013
531,"[282, 562, 29, 415]",2013
532,"[16, 228, 376, 348]",2013
533,"[80, 282, 348, 415]",2013
534,"[282, 460, 415]",2013
535,"[261, 318]",2014
536,"[326, 261, 222]",2014
537,"[448, 483, 222, 318]",2014
538,"[448, 249, 21]",2014
539,"[483, 237]",2014
540,"[496, 29, 483, 21]",2014
541,"[104, 261, 222]",2014
542,"[528, 483, 21]",2014
543,"[249, 326]",2014
544,"[21, 203, 237]",2014
545,"[483, 21, 222]",2014
546,"[522, 21]",2014
547,"[249, 371, 21]",2014
548,"[528, 261, 237]",2014
549,"[483, 261, 237, 528, 21, 222]",2014
550,"[261, 203, 237]",2014
551,"[483, 261, 222]",2014
552,"[371, 222]",2014
553,"[496, 371, 203, 21]",2014
554,"[496, 21, 326]",2014
555,"[528, 318]",2014
556,"[496, 203, 21, 222]",2014
557,"[496, 573]",2014
558,"[104, 21]",2014
559,"[249, 237]",2014
560,"[528, 203, 21]",2014
561,"[371, 483]",2014
562,"[496, 21, 448]",2014
563,"[528, 326, 222]",2014
564,"[60, 237]",2014
565,"[496, 249, 573, 21]",2014
566,"[261, 21, 222]",2014
567,"[249, 21, 29]",2014
568,"[371, 203]",2014
569,"[371, 318]",2014
570,"[496, 237]",2014
571,"[528, 21, 222]",2014
572,"[528, 261, 21]",2014
573,"[237, 21, 222]",2014
574,"[326, 203, 371, 21, 222]",2014
575,"[261, 371, 237]",2014
576,"[203, 222]",2014
577,"[448, 249, 483]",2014
578,"[249, 483, 21]",2014
579,"[222, 237, 326]",2014
580,"[261, 60, 237, 222]",2014
581,"[249, 222, 21, 318]",2014
582,"[483, 326]",2014
583,"[483, 29]",2014
584,"[237, 318]",2014
585,"[528, 203, 261, 222]",2014
586,"[528, 237, 222]",2014
587,"[249, 483, 318]",2014
588,"[249, 261]",2014
589,"[203, 60]",2014
590,"[496, 60, 222]",2014
591,"[448, 21, 318]",2014
592,"[448, 326]",2014
593,"[326, 21, 222]",2014
594,"[528, 249, 222]",2014
595,"[496, 249]",2014
596,"[528, 371]",2014
597,"[448, 483, 21]",2014
598,"[528, 483, 222]",2014
599,"[193, 227, 581, 103, 105, 298, 511, 426, 76, 112, 177, 466, 308, 119, 439, 189, 63]",2015
600,"[298, 177, 308, 189, 63, 323, 581, 466, 601, 227, 103, 487, 105, 366, 497, 378, 123, 509, 511]",2015
601,"[509, 193, 323, 581, 393, 511, 76, 466, 533, 21, 407, 119, 537, 601, 152, 227, 103, 487, 105, 298, 426, 233, 300, 366, 317, 112, 177, 497, 241, 308, 439, 441, 378, 123, 189, 63]",2015
602,"[393, 407, 537, 298, 177, 308, 439, 441, 189, 63, 581, 466, 601, 103, 487, 105, 233, 366, 497, 119, 378, 123, 509, 511]",2015
603,"[256, 509, 2, 323, 581, 582, 393, 511, 76, 466, 533, 407, 119, 537, 601, 152, 344, 227, 103, 487, 105, 298, 123, 317, 300, 112, 177, 497, 241, 308, 439, 441, 378, 443, 189, 318, 63]",2015
604,"[323, 581, 466, 227, 103, 105, 298, 300, 112, 317, 511]",2015
605,"[298, 300, 317, 323, 581, 582, 466, 601, 227, 103, 487, 105, 366, 112, 497, 378, 123, 509, 511]",2015
606,"[143, 533, 298, 426, 300, 177, 308, 439, 317, 189, 63, 193, 323, 581, 76, 466, 344, 227, 103, 105, 112, 119, 511]",2015
607,"[256, 2, 21, 298, 300, 317, 318, 323, 581, 582, 466, 601, 227, 103, 487, 105, 231, 366, 112, 497, 378, 123, 509, 511]",2015
608,"[509, 193, 581, 582, 393, 511, 76, 466, 407, 119, 601, 537, 227, 103, 487, 105, 298, 233, 426, 366, 112, 177, 497, 308, 443, 439, 441, 378, 123, 189, 63]",2015
609,"[581, 103, 487, 105, 298, 366, 497, 466, 601, 378, 123, 509, 511]",2015
610,"[610, 582, 139, 525, 495, 560, 305, 18, 210, 52, 148, 534, 247, 24, 122, 319]",2016
611,"[610, 525, 495, 560, 305, 18, 52, 534, 247, 24, 122, 125, 445]",2016
612,"[10, 525, 18, 148, 534, 24, 418, 549, 424, 41, 560, 305, 52, 445, 319, 583, 339, 495, 247, 122, 251, 125]",2016
613,"[610, 319, 525, 495, 560, 305, 18, 339, 210, 52, 534, 247, 24, 122, 125, 445]",2016
614,"[418, 610, 582, 583, 424, 41, 525, 560, 305, 18, 339, 534, 247, 24, 122, 251, 125, 445]",2016
615,"[610, 408, 525, 495, 560, 305, 18, 339, 210, 52, 534, 247, 24, 122, 125, 445]",2016
616,"[10, 525, 18, 534, 24, 418, 549, 424, 41, 560, 305, 52, 445, 319, 582, 583, 339, 610, 495, 247, 122, 251, 125]",2016
617,"[196, 73, 10, 139, 525, 18, 210, 339, 534, 24, 408, 610, 549, 424, 41, 495, 560, 305, 52, 125, 247, 122, 251, 445, 319]",2016
618,"[525, 18, 408, 24, 418, 549, 424, 557, 305, 52, 564, 319, 339, 610, 495, 247, 122, 251, 125]",2016
619,"[10, 525, 18, 418, 549, 424, 41, 560, 305, 52, 445, 319, 582, 339, 610, 495, 247, 122, 251, 125]",2016
620,"[610, 196, 408, 525, 557, 495, 560, 305, 210, 18, 52, 339, 534, 247, 24, 122, 125]",2016
621,"[418, 424, 41, 525, 560, 305, 18, 339, 247, 24, 122, 125, 445]",2016
622,"[610, 418, 525, 557, 495, 560, 305, 18, 339, 52, 534, 247, 408, 24, 122, 251, 125, 319]",2016
623,"[515, 517, 141, 526, 15, 400, 401, 279, 30, 159, 550, 551, 561, 433, 67, 328, 461, 212, 599, 471, 352, 610, 380]",2017
624,"[65, 67, 515, 328, 523, 141, 526, 15, 400, 212, 599, 279, 471, 413, 159, 352, 551, 47, 433, 561, 50, 443, 380, 190]",2017
625,"[515, 141, 526, 15, 400, 279, 413, 159, 551, 561, 433, 50, 443, 67, 328, 212, 599, 471, 352, 363, 380]",2017
626,"[352, 67, 515, 599, 551, 328, 141, 15, 561, 212, 471, 380, 30, 159]",2017
627,"[65, 67, 515, 517, 328, 523, 141, 526, 15, 400, 461, 212, 279, 599, 413, 30, 159, 352, 550, 551, 363, 365, 47, 433, 50, 561, 49, 443, 380, 190]",2017
628,"[515, 517, 141, 15, 400, 279, 30, 548, 551, 561, 443, 328, 461, 212, 599, 475, 352, 363, 365, 380]",2017
629,"[515, 517, 141, 15, 400, 279, 30, 159, 551, 561, 50, 443, 190, 67, 328, 461, 212, 471, 599, 352, 363, 365, 380]",2017
630,"[515, 517, 141, 526, 15, 30, 159, 550, 551, 561, 67, 328, 212, 599, 471, 352, 610, 114, 380]",2017
631,"[352, 67, 599, 551, 328, 550, 141, 279, 15, 400, 561, 212, 471, 380]",2017
632,"[352, 65, 610, 548, 550, 523, 365, 141, 15, 561, 212, 279, 154, 380, 30]",2017
633,"[515, 15, 400, 279, 154, 30, 550, 551, 561, 50, 433, 49, 443, 190, 67, 328, 212, 599, 471, 352, 610, 365, 380]",2017
634,"[352, 471, 67, 515, 551, 328, 363, 141, 526, 15, 400, 561, 279, 212, 599, 443, 380, 159]",2017
635,"[517, 141, 15, 400, 279, 30, 548, 550, 551, 561, 50, 49, 190, 67, 328, 461, 212, 471, 475, 352, 363, 380]",2017
636,"[417, 98, 153, 514, 362, 491, 111, 596, 248, 89, 62]",2018
637,"[417, 514, 233, 586, 331, 362, 77, 556, 209, 210, 338, 596, 567, 62, 25, 382]",2018
638,"[417, 514, 233, 586, 331, 362, 77, 556, 272, 209, 210, 596, 567, 62, 25, 382]",2018
639,"[248, 417, 514, 233, 586, 331, 77, 111, 596, 567, 62, 25, 382]",2018
640,"[417, 98, 514, 331, 111, 306, 596, 248, 62]",2018
641,"[514, 596, 248, 233, 362, 77, 62, 111]",2018
642,"[417, 514, 233, 586, 331, 362, 77, 596, 567, 62, 25, 382]",2018
643,"[514, 331, 77, 596, 212, 233, 111, 50, 567, 248, 62]",2018
644,"[248, 417, 514, 233, 586, 331, 77, 111, 50, 596, 184, 567, 62, 25, 382]",2018
645,"[417, 258, 382, 586, 331, 62, 111]",2018
646,"[586, 331, 272, 209, 338, 417, 362, 62, 382]",2018
647,"[417, 382, 514, 98, 153, 296, 233, 362, 331, 459, 77, 111, 209, 596, 567, 184, 25, 62]",2018
648,"[258, 586, 210, 596, 599, 25, 98, 248, 62]",2018
649,"[258, 519, 586, 272, 209, 417, 296, 362, 111, 62, 382]",2018
650,"[258, 586, 596, 599, 417, 233, 111, 248, 62]",2018
651,"[417, 382, 514, 98, 233, 586, 331, 362, 77, 556, 205, 209, 210, 338, 596, 567, 25, 62]",2018
652,"[417, 514, 153, 233, 586, 331, 362, 77, 111, 209, 596, 184, 567, 62, 25, 382]",2018
653,"[514, 331, 77, 596, 567, 62]",2018
654,"[417, 514, 233, 586, 331, 77, 111, 209, 596, 184, 567, 62, 25, 382]",2018
655,"[586, 601, 212, 596, 567, 248, 25, 62]",2018
656,"[601, 417, 514, 596, 212, 248, 153, 62]",2018
657,"[417, 514, 382, 596, 567, 25, 77, 62]",2018
658,"[417, 98, 233, 331, 111, 306, 50, 596, 248, 62]",2018
659,"[514, 98, 233, 362, 331, 459, 77, 111, 596, 212, 567, 62]",2018
660,"[586, 210, 338, 596, 212, 25, 98, 567, 62]",2018
661,"[514, 98, 233, 362, 331, 459, 77, 111, 50, 596, 567, 248, 62]",2018
662,"[514, 98, 596, 567, 233, 362, 62, 111]",2018
663,"[417, 98, 514, 362, 331, 111, 306, 596, 212, 248, 62]",2018
664,"[417, 210, 98, 596, 233, 586, 331, 62]",2018
665,"[248, 417, 514, 153, 233, 586, 331, 362, 77, 209, 596, 212, 567, 62, 25, 382]",2018
