,user_id,group_id,period
0,99,605,1996-04
1,191,605,1996-04
2,107,34,1996-05
3,536,34,1996-05
4,107,32,1996-05
5,130,32,1996-05
6,40,392,1996-05
7,107,392,1996-05
8,107,33,1996-05
9,134,33,1996-05
10,35,344,1996-05
11,107,344,1996-05
12,468,344,1996-05
13,353,351,1996-05
14,444,351,1996-05
15,604,351,1996-05
16,35,345,1996-05
17,40,345,1996-05
18,136,78,1996-05
19,284,78,1996-05
20,40,394,1996-05
21,353,394,1996-05
22,353,350,1996-05
23,444,350,1996-05
24,353,349,1996-05
25,436,349,1996-05
26,40,395,1996-05
27,444,395,1996-05
28,35,346,1996-05
29,536,346,1996-05
30,40,396,1996-05
31,536,396,1996-05
32,136,79,1996-05
33,353,79,1996-05
34,284,285,1996-05
35,353,285,1996-05
36,136,81,1996-05
37,536,81,1996-05
38,284,286,1996-05
39,536,286,1996-05
40,136,80,1996-05
41,468,80,1996-05
42,40,393,1996-05
43,136,393,1996-05
44,134,77,1996-05
45,468,77,1996-05
46,56,512,1996-06
47,349,512,1996-06
48,411,512,1996-06
49,56,509,1996-06
50,102,509,1996-06
51,584,509,1996-06
52,56,511,1996-06
53,242,511,1996-06
54,574,511,1996-06
55,14,83,1996-06
56,574,83,1996-06
57,584,83,1996-06
58,192,157,1996-06
59,349,157,1996-06
60,541,157,1996-06
61,584,157,1996-06
62,56,510,1996-06
63,192,510,1996-06
64,411,510,1996-06
65,541,510,1996-06
66,584,510,1996-06
67,56,513,1996-06
68,411,513,1996-06
69,192,159,1996-06
70,541,159,1996-06
71,584,159,1996-06
72,411,402,1996-06
73,476,402,1996-06
74,541,402,1996-06
75,584,402,1996-06
76,46,457,1996-06
77,541,457,1996-06
78,584,457,1996-06
79,46,447,1996-06
80,273,447,1996-06
81,411,447,1996-06
82,46,452,1996-06
83,411,452,1996-06
84,584,452,1996-06
85,46,451,1996-06
86,411,451,1996-06
87,192,158,1996-06
88,411,158,1996-06
89,584,158,1996-06
90,385,371,1996-06
91,584,371,1996-06
92,314,308,1996-06
93,385,308,1996-06
94,476,308,1996-06
95,46,458,1996-06
96,56,458,1996-06
97,273,458,1996-06
98,56,515,1996-06
99,584,515,1996-06
100,46,445,1996-06
101,242,445,1996-06
102,46,454,1996-06
103,476,454,1996-06
104,541,454,1996-06
105,46,449,1996-06
106,273,449,1996-06
107,574,449,1996-06
108,46,459,1996-06
109,574,459,1996-06
110,476,468,1996-06
111,574,468,1996-06
112,273,277,1996-06
113,476,277,1996-06
114,584,277,1996-06
115,46,455,1996-06
116,476,455,1996-06
117,584,455,1996-06
118,46,450,1996-06
119,273,450,1996-06
120,584,450,1996-06
121,273,278,1996-06
122,584,278,1996-06
123,46,448,1996-06
124,273,448,1996-06
125,476,448,1996-06
126,273,276,1996-06
127,476,276,1996-06
128,46,446,1996-06
129,273,446,1996-06
130,46,453,1996-06
131,476,453,1996-06
132,102,10,1996-06
133,411,10,1996-06
134,242,237,1996-06
135,411,237,1996-06
136,102,9,1996-06
137,242,9,1996-06
138,411,404,1996-06
139,541,404,1996-06
140,584,404,1996-06
141,411,405,1996-06
142,584,405,1996-06
143,273,275,1996-06
144,385,275,1996-06
145,242,236,1996-06
146,273,236,1996-06
147,46,456,1996-06
148,541,456,1996-06
149,192,160,1996-06
150,584,160,1996-06
151,385,370,1996-06
152,411,370,1996-06
153,476,469,1996-06
154,584,469,1996-06
155,14,82,1996-06
156,46,82,1996-06
157,14,84,1996-06
158,584,84,1996-06
159,56,514,1996-06
160,574,514,1996-06
161,476,467,1996-06
162,541,467,1996-06
163,349,343,1996-06
164,584,343,1996-06
165,46,460,1996-06
166,584,460,1996-06
167,273,274,1996-06
168,314,274,1996-06
169,541,505,1996-06
170,584,505,1996-06
171,411,403,1996-06
172,541,403,1996-06
173,455,442,1996-07
174,485,442,1996-07
175,592,442,1996-07
176,243,238,1996-07
177,485,238,1996-07
178,229,212,1996-07
179,447,212,1996-07
180,485,473,1996-07
181,592,473,1996-07
182,162,113,1996-07
183,455,113,1996-07
184,447,434,1996-07
185,455,434,1996-07
186,447,435,1996-07
187,592,435,1996-07
188,229,213,1996-07
189,592,213,1996-07
190,38,359,1996-08
191,109,359,1996-08
192,176,359,1996-08
193,179,359,1996-08
194,486,359,1996-08
195,498,359,1996-08
196,512,359,1996-08
197,588,359,1996-08
198,602,359,1996-08
199,8,581,1996-08
200,38,581,1996-08
201,512,581,1996-08
202,588,581,1996-08
203,602,581,1996-08
204,38,361,1996-08
205,394,361,1996-08
206,512,361,1996-08
207,588,361,1996-08
208,602,361,1996-08
209,109,37,1996-08
210,179,37,1996-08
211,486,37,1996-08
212,498,37,1996-08
213,512,37,1996-08
214,38,360,1996-08
215,176,360,1996-08
216,486,360,1996-08
217,498,360,1996-08
218,512,360,1996-08
219,588,360,1996-08
220,602,360,1996-08
221,38,363,1996-08
222,512,363,1996-08
223,588,363,1996-08
224,602,363,1996-08
225,486,475,1996-08
226,498,475,1996-08
227,512,475,1996-08
228,8,580,1996-08
229,38,580,1996-08
230,142,580,1996-08
231,512,580,1996-08
232,602,580,1996-08
233,8,582,1996-08
234,38,582,1996-08
235,512,582,1996-08
236,602,582,1996-08
237,235,216,1996-08
238,444,216,1996-08
239,512,216,1996-08
240,38,364,1996-08
241,512,364,1996-08
242,602,364,1996-08
243,109,41,1996-08
244,486,41,1996-08
245,512,41,1996-08
246,588,41,1996-08
247,602,41,1996-08
248,109,40,1996-08
249,486,40,1996-08
250,512,40,1996-08
251,486,477,1996-08
252,512,477,1996-08
253,588,477,1996-08
254,602,477,1996-08
255,176,126,1996-08
256,512,126,1996-08
257,588,126,1996-08
258,602,126,1996-08
259,142,89,1996-08
260,235,89,1996-08
261,512,89,1996-08
262,602,89,1996-08
263,235,220,1996-08
264,512,220,1996-08
265,142,93,1996-08
266,512,93,1996-08
267,588,93,1996-08
268,602,93,1996-08
269,512,492,1996-08
270,588,492,1996-08
271,602,492,1996-08
272,142,94,1996-08
273,512,94,1996-08
274,602,94,1996-08
275,8,576,1996-08
276,170,576,1996-08
277,179,576,1996-08
278,235,218,1996-08
279,486,218,1996-08
280,498,218,1996-08
281,142,88,1996-08
282,235,88,1996-08
283,179,135,1996-08
284,486,135,1996-08
285,498,135,1996-08
286,142,91,1996-08
287,486,91,1996-08
288,498,91,1996-08
289,142,90,1996-08
290,486,90,1996-08
291,176,123,1996-08
292,179,123,1996-08
293,486,123,1996-08
294,602,123,1996-08
295,176,125,1996-08
296,486,125,1996-08
297,602,125,1996-08
298,179,134,1996-08
299,486,134,1996-08
300,176,127,1996-08
301,512,127,1996-08
302,602,127,1996-08
303,176,128,1996-08
304,602,128,1996-08
305,109,39,1996-08
306,235,39,1996-08
307,498,39,1996-08
308,109,42,1996-08
309,498,42,1996-08
310,8,583,1996-08
311,498,583,1996-08
312,8,578,1996-08
313,235,578,1996-08
314,235,219,1996-08
315,498,219,1996-08
316,179,133,1996-08
317,235,133,1996-08
318,179,136,1996-08
319,507,136,1996-08
320,498,485,1996-08
321,588,485,1996-08
322,142,95,1996-08
323,588,95,1996-08
324,142,92,1996-08
325,498,92,1996-08
326,486,474,1996-08
327,498,474,1996-08
328,486,478,1996-08
329,588,478,1996-08
330,109,38,1996-08
331,235,38,1996-08
332,486,476,1996-08
333,512,476,1996-08
334,38,362,1996-08
335,512,362,1996-08
336,512,493,1996-08
337,602,493,1996-08
338,38,365,1996-08
339,588,365,1996-08
340,8,584,1996-08
341,512,584,1996-08
342,109,43,1996-08
343,512,43,1996-08
344,235,221,1996-08
345,602,221,1996-08
346,8,579,1996-08
347,38,579,1996-08
348,8,577,1996-08
349,176,577,1996-08
350,486,479,1996-08
351,602,479,1996-08
352,109,36,1996-08
353,176,36,1996-08
354,176,124,1996-08
355,486,124,1996-08
356,235,217,1996-08
357,486,217,1996-08
358,6,544,1996-10
359,559,544,1996-10
360,6,538,1996-10
361,117,538,1996-10
362,6,540,1996-10
363,126,540,1996-10
364,458,540,1996-10
365,6,539,1996-10
366,126,539,1996-10
367,126,74,1996-10
368,458,74,1996-10
369,6,541,1996-10
370,181,541,1996-10
371,458,541,1996-10
372,181,141,1996-10
373,458,141,1996-10
374,181,142,1996-10
375,559,142,1996-10
376,6,542,1996-10
377,458,542,1996-10
378,6,543,1996-10
379,501,543,1996-10
380,58,529,1996-11
381,374,529,1996-11
382,58,526,1996-11
383,340,526,1996-11
384,566,526,1996-11
385,240,229,1996-11
386,379,229,1996-11
387,470,229,1996-11
388,566,229,1996-11
389,58,525,1996-11
390,340,525,1996-11
391,379,525,1996-11
392,58,530,1996-11
393,470,530,1996-11
394,566,530,1996-11
395,470,464,1996-11
396,566,464,1996-11
397,43,415,1996-11
398,174,415,1996-11
399,340,415,1996-11
400,379,415,1996-11
401,240,231,1996-11
402,566,231,1996-11
403,58,523,1996-11
404,240,523,1996-11
405,340,523,1996-11
406,58,524,1996-11
407,340,524,1996-11
408,240,226,1996-11
409,340,226,1996-11
410,374,226,1996-11
411,240,225,1996-11
412,340,225,1996-11
413,240,227,1996-11
414,347,227,1996-11
415,43,417,1996-11
416,240,417,1996-11
417,379,417,1996-11
418,240,228,1996-11
419,379,228,1996-11
420,43,422,1996-11
421,379,422,1996-11
422,58,528,1996-11
423,373,528,1996-11
424,566,528,1996-11
425,58,531,1996-11
426,566,531,1996-11
427,43,418,1996-11
428,240,418,1996-11
429,470,418,1996-11
430,240,230,1996-11
431,470,230,1996-11
432,58,532,1996-11
433,569,532,1996-11
434,240,232,1996-11
435,569,232,1996-11
436,5,491,1996-11
437,58,491,1996-11
438,373,491,1996-11
439,340,341,1996-11
440,470,341,1996-11
441,174,121,1996-11
442,470,121,1996-11
443,340,340,1996-11
444,379,340,1996-11
445,43,414,1996-11
446,174,414,1996-11
447,340,414,1996-11
448,43,419,1996-11
449,340,419,1996-11
450,174,120,1996-11
451,340,120,1996-11
452,5,489,1996-11
453,43,489,1996-11
454,58,489,1996-11
455,5,488,1996-11
456,43,488,1996-11
457,373,488,1996-11
458,5,486,1996-11
459,373,486,1996-11
460,43,427,1996-11
461,58,427,1996-11
462,174,427,1996-11
463,43,428,1996-11
464,58,428,1996-11
465,240,428,1996-11
466,5,487,1996-11
467,43,487,1996-11
468,121,57,1996-11
469,373,57,1996-11
470,5,490,1996-11
471,58,490,1996-11
472,43,425,1996-11
473,569,425,1996-11
474,43,424,1996-11
475,566,424,1996-11
476,373,356,1996-11
477,566,356,1996-11
478,58,522,1996-11
479,240,522,1996-11
480,43,420,1996-11
481,373,420,1996-11
482,43,421,1996-11
483,374,421,1996-11
484,374,357,1996-11
485,470,357,1996-11
486,174,122,1996-11
487,566,122,1996-11
488,43,413,1996-11
489,174,413,1996-11
490,58,521,1996-11
491,174,521,1996-11
492,58,527,1996-11
493,373,527,1996-11
494,43,423,1996-11
495,470,423,1996-11
496,43,426,1996-11
497,58,426,1996-11
498,174,119,1996-11
499,240,119,1996-11
500,43,416,1996-11
501,240,416,1996-11
502,206,190,1996-12
503,269,190,1996-12
504,402,397,1996-12
505,524,397,1996-12
506,31,305,1996-12
507,402,305,1996-12
508,31,306,1996-12
509,524,306,1996-12
510,302,295,1997-01
511,451,295,1997-01
512,521,295,1997-01
513,302,294,1997-01
514,451,294,1997-01
515,32,315,1997-02
516,529,315,1997-02
517,32,316,1997-02
518,589,316,1997-02
519,32,317,1997-02
520,90,317,1997-02
521,456,443,1997-02
522,529,443,1997-02
523,84,588,1997-03
524,276,588,1997-03
525,389,372,1997-03
526,437,372,1997-03
527,276,280,1997-03
528,389,280,1997-03
529,276,281,1997-03
530,437,281,1997-03
531,84,589,1997-03
532,437,589,1997-03
533,120,56,1997-04
534,337,56,1997-04
535,71,568,1997-05
536,559,568,1997-05
537,85,590,1998-03
538,304,590,1998-03
539,201,179,1999-10
540,268,179,1999-10
541,412,179,1999-10
542,597,179,1999-10
543,201,182,1999-10
544,412,182,1999-10
545,597,182,1999-10
546,33,324,1999-10
547,156,324,1999-10
548,33,326,1999-10
549,199,326,1999-10
550,263,326,1999-10
551,268,268,1999-10
552,412,268,1999-10
553,597,268,1999-10
554,156,102,1999-10
555,199,102,1999-10
556,412,102,1999-10
557,199,172,1999-10
558,412,172,1999-10
559,201,180,1999-10
560,268,180,1999-10
561,597,180,1999-10
562,412,406,1999-10
563,595,406,1999-10
564,597,406,1999-10
565,33,331,1999-10
566,268,331,1999-10
567,597,331,1999-10
568,33,329,1999-10
569,263,329,1999-10
570,268,269,1999-10
571,595,269,1999-10
572,597,269,1999-10
573,595,537,1999-10
574,597,537,1999-10
575,268,270,1999-10
576,597,270,1999-10
577,33,330,1999-10
578,268,330,1999-10
579,33,328,1999-10
580,208,328,1999-10
581,201,183,1999-10
582,535,183,1999-10
583,597,183,1999-10
584,263,262,1999-10
585,412,262,1999-10
586,199,170,1999-10
587,201,170,1999-10
588,33,334,1999-10
589,597,334,1999-10
590,33,333,1999-10
591,595,333,1999-10
592,156,104,1999-10
593,412,104,1999-10
594,33,325,1999-10
595,199,325,1999-10
596,199,171,1999-10
597,268,171,1999-10
598,315,309,1999-10
599,597,309,1999-10
600,268,267,1999-10
601,412,267,1999-10
602,201,181,1999-10
603,412,181,1999-10
604,199,173,1999-10
605,597,173,1999-10
606,412,407,1999-10
607,597,407,1999-10
608,33,332,1999-10
609,412,332,1999-10
610,156,103,1999-10
611,268,103,1999-10
612,156,101,1999-10
613,199,101,1999-10
614,33,327,1999-10
615,201,327,1999-10
616,535,504,1999-10
617,597,504,1999-10
618,201,184,1999-10
619,597,184,1999-10
620,93,595,1999-11
621,140,595,1999-11
622,547,506,1999-11
623,597,506,1999-11
624,140,85,1999-11
625,597,85,1999-11
626,236,222,1999-11
627,597,222,1999-11
628,93,596,1999-11
629,597,596,1999-11
630,4,386,1999-12
631,554,386,1999-12
632,572,386,1999-12
633,577,386,1999-12
634,554,508,1999-12
635,572,508,1999-12
636,577,508,1999-12
637,118,50,1999-12
638,554,50,1999-12
639,4,388,1999-12
640,572,388,1999-12
641,577,388,1999-12
642,115,49,1999-12
643,577,49,1999-12
644,4,389,1999-12
645,577,389,1999-12
646,4,387,1999-12
647,572,387,1999-12
648,115,47,1999-12
649,266,47,1999-12
650,572,520,1999-12
651,577,520,1999-12
652,266,265,1999-12
653,572,265,1999-12
654,4,385,1999-12
655,554,385,1999-12
656,118,51,1999-12
657,572,51,1999-12
658,266,264,1999-12
659,554,264,1999-12
660,554,507,1999-12
661,572,507,1999-12
662,59,536,2000-03
663,603,536,2000-03
664,59,535,2000-03
665,587,535,2000-03
666,587,534,2000-03
667,603,534,2000-03
668,156,106,2000-03
669,603,106,2000-03
670,115,48,2000-05
671,267,48,2000-05
672,267,266,2000-05
673,579,266,2000-05
674,414,408,2000-06
675,465,408,2000-06
676,1,4,2000-07
677,603,4,2000-07
678,607,4,2000-07
679,96,603,2000-07
680,607,603,2000-07
681,188,151,2000-07
682,607,151,2000-07
683,4,390,2000-07
684,603,390,2000-07
685,1,2,2000-07
686,430,2,2000-07
687,4,391,2000-07
688,96,391,2000-07
689,1,1,2000-07
690,4,1,2000-07
691,603,545,2000-07
692,607,545,2000-07
693,96,602,2000-07
694,603,602,2000-07
695,1,6,2000-07
696,96,6,2000-07
697,430,429,2000-07
698,607,429,2000-07
699,1,5,2000-07
700,607,5,2000-07
701,1,3,2000-07
702,603,3,2000-07
703,1,0,2000-07
704,188,0,2000-07
705,19,152,2000-08
706,27,152,2000-08
707,57,152,2000-08
708,19,156,2000-08
709,57,156,2000-08
710,469,156,2000-08
711,27,273,2000-08
712,57,273,2000-08
713,469,273,2000-08
714,27,272,2000-08
715,57,272,2000-08
716,19,155,2000-08
717,57,155,2000-08
718,265,155,2000-08
719,57,518,2000-08
720,294,518,2000-08
721,469,518,2000-08
722,57,517,2000-08
723,294,517,2000-08
724,27,271,2000-08
725,265,271,2000-08
726,265,263,2000-08
727,294,263,2000-08
728,469,462,2000-08
729,571,462,2000-08
730,57,516,2000-08
731,265,516,2000-08
732,19,154,2000-08
733,57,154,2000-08
734,57,519,2000-08
735,469,519,2000-08
736,19,153,2000-08
737,469,153,2000-08
738,294,290,2000-08
739,469,290,2000-08
740,101,8,2000-09
741,409,8,2000-09
742,160,108,2000-10
743,224,108,2000-10
744,368,108,2000-10
745,160,109,2000-10
746,368,109,2000-10
747,224,204,2000-10
748,368,204,2000-10
749,160,111,2000-10
750,591,111,2000-10
751,160,110,2000-10
752,453,110,2000-10
753,453,441,2000-10
754,591,441,2000-10
755,39,382,2000-11
756,79,382,2000-11
757,290,382,2000-11
758,450,382,2000-11
759,79,572,2000-11
760,202,572,2000-11
761,290,572,2000-11
762,39,375,2000-11
763,195,375,2000-11
764,290,375,2000-11
765,39,381,2000-11
766,79,381,2000-11
767,290,381,2000-11
768,79,575,2000-11
769,450,575,2000-11
770,39,374,2000-11
771,195,374,2000-11
772,202,374,2000-11
773,39,377,2000-11
774,216,377,2000-11
775,244,240,2000-11
776,450,240,2000-11
777,202,186,2000-11
778,244,186,2000-11
779,216,196,2000-11
780,355,196,2000-11
781,290,288,2000-11
782,450,288,2000-11
783,39,378,2000-11
784,244,378,2000-11
785,195,164,2000-11
786,290,164,2000-11
787,79,571,2000-11
788,202,571,2000-11
789,244,239,2000-11
790,290,239,2000-11
791,202,187,2000-11
792,290,187,2000-11
793,202,185,2000-11
794,216,185,2000-11
795,195,163,2000-11
796,244,163,2000-11
797,195,161,2000-11
798,202,161,2000-11
799,244,241,2000-11
800,474,241,2000-11
801,79,573,2000-11
802,244,573,2000-11
803,450,439,2000-11
804,546,439,2000-11
805,39,379,2000-11
806,290,379,2000-11
807,39,373,2000-11
808,195,373,2000-11
809,39,380,2000-11
810,79,380,2000-11
811,216,194,2000-11
812,244,194,2000-11
813,216,197,2000-11
814,450,197,2000-11
815,79,574,2000-11
816,290,574,2000-11
817,39,376,2000-11
818,202,376,2000-11
819,216,195,2000-11
820,290,195,2000-11
821,195,162,2000-11
822,216,162,2000-11
823,474,465,2001-01
824,555,465,2001-01
825,113,46,2001-01
826,555,46,2001-01
827,183,144,2001-06
828,457,144,2001-06
829,493,484,2001-09
830,494,484,2001-09
831,164,114,2001-09
832,494,114,2001-09
833,453,440,2001-11
834,500,440,2001-11
835,45,437,2001-12
836,135,437,2001-12
837,448,436,2002-04
838,452,436,2002-04
839,313,307,2002-08
840,391,307,2002-08
841,186,148,2002-09
842,527,148,2002-09
843,531,148,2002-09
844,186,146,2002-09
845,391,146,2002-09
846,391,383,2002-09
847,527,383,2002-09
848,527,503,2002-09
849,531,503,2002-09
850,186,147,2002-09
851,527,147,2002-09
852,186,149,2002-09
853,531,149,2002-09
854,108,35,2003-01
855,312,35,2003-01
856,95,597,2003-01
857,108,597,2003-01
858,95,599,2003-01
859,312,599,2003-01
860,104,14,2003-03
861,275,14,2003-03
862,95,598,2003-03
863,275,598,2003-03
864,165,115,2003-03
865,275,115,2003-03
866,20,174,2003-05
867,104,174,2003-05
868,20,175,2003-05
869,474,175,2003-05
870,182,143,2003-06
871,288,143,2003-06
872,45,438,2003-06
873,518,438,2003-06
874,226,205,2004-09
875,387,205,2004-09
876,346,342,2004-09
877,387,342,2004-09
878,100,7,2004-11
879,474,7,2004-11
880,156,105,2005-01
881,438,105,2005-01
882,95,600,2005-01
883,438,600,2005-01
884,7,566,2005-01
885,482,566,2005-01
886,95,601,2005-01
887,482,601,2005-01
888,425,412,2005-01
889,438,412,2005-01
890,7,567,2005-01
891,95,567,2005-01
892,7,564,2005-01
893,156,564,2005-01
894,66,557,2005-01
895,156,557,2005-01
896,7,565,2005-01
897,438,565,2005-01
898,438,430,2005-01
899,482,430,2005-01
900,221,201,2005-03
901,396,201,2005-03
902,221,202,2005-03
903,502,202,2005-03
904,66,558,2005-04
905,91,558,2005-04
906,91,594,2005-04
907,488,594,2005-04
908,221,200,2005-06
909,286,200,2005-06
910,144,96,2006-01
911,264,96,2006-01
912,61,546,2006-04
913,463,546,2006-04
914,68,563,2006-09
915,75,563,2006-09
916,68,560,2006-09
917,132,560,2006-09
918,68,562,2006-09
919,370,562,2006-09
920,64,555,2006-10
921,513,555,2006-10
922,187,150,2006-10
923,513,150,2006-10
924,34,339,2006-10
925,64,339,2006-10
926,64,554,2006-10
927,187,554,2006-10
928,178,130,2006-11
929,381,130,2006-11
930,542,130,2006-11
931,178,132,2006-11
932,542,132,2006-11
933,226,206,2006-11
934,542,206,2006-11
935,178,129,2006-11
936,381,129,2006-11
937,178,131,2006-11
938,425,131,2006-11
939,129,75,2006-12
940,381,75,2006-12
941,129,76,2006-12
942,399,76,2006-12
943,381,369,2007-01
944,580,369,2007-01
945,274,279,2007-02
946,606,279,2007-02
947,254,255,2007-05
948,480,255,2007-05
949,483,255,2007-05
950,254,256,2007-05
951,480,256,2007-05
952,540,256,2007-05
953,480,472,2007-05
954,540,472,2007-05
955,254,257,2007-05
956,483,257,2007-05
957,480,471,2007-05
958,483,471,2007-05
959,254,258,2007-05
960,540,258,2007-05
961,254,254,2007-05
962,480,254,2007-05
963,161,112,2007-08
964,573,112,2007-08
965,307,304,2007-08
966,573,304,2007-08
967,166,116,2007-09
968,608,116,2007-09
969,219,198,2007-11
970,230,198,2007-11
971,354,352,2008-01
972,381,352,2008-01
973,477,352,2008-01
974,354,353,2008-01
975,477,353,2008-01
976,381,368,2008-01
977,477,368,2008-01
978,477,470,2008-01
979,483,470,2008-01
980,232,215,2008-07
981,477,215,2008-07
982,292,289,2008-08
983,420,289,2008-08
984,322,319,2008-08
985,553,319,2008-08
986,322,318,2008-08
987,420,318,2008-08
988,239,223,2008-09
989,288,223,2008-09
990,200,177,2008-12
991,220,177,2008-12
992,356,177,2008-12
993,220,199,2008-12
994,356,199,2008-12
995,200,178,2008-12
996,356,178,2008-12
997,200,176,2008-12
998,220,176,2008-12
999,318,311,2009-02
1000,327,311,2009-02
1001,440,431,2009-03
1002,600,431,2009-03
1003,215,193,2009-12
1004,335,193,2009-12
1005,180,140,2010-04
1006,434,140,2010-04
1007,318,312,2010-04
1008,434,312,2010-04
1009,464,461,2010-06
1010,605,461,2010-06
1011,253,253,2010-10
1012,330,253,2010-10
1013,330,335,2010-10
1014,464,335,2010-10
1015,17,117,2011-05
1016,168,117,2011-05
1017,29,287,2011-06
1018,585,287,2011-06
1019,398,384,2011-07
1020,421,384,2011-07
1021,326,321,2011-11
1022,419,321,2011-11
1023,17,118,2011-11
1024,419,118,2011-11
1025,204,189,2012-01
1026,520,189,2012-01
1027,204,188,2012-01
1028,351,188,2012-01
1029,489,480,2012-03
1030,539,480,2012-03
1031,83,586,2012-03
1032,489,586,2012-03
1033,88,592,2012-03
1034,489,592,2012-03
1035,83,587,2012-03
1036,88,587,2012-03
1037,86,591,2012-08
1038,472,591,2012-08
1039,280,283,2012-09
1040,357,283,2012-09
1041,249,244,2012-09
1042,280,244,2012-09
1043,249,245,2012-09
1044,357,245,2012-09
1045,246,242,2012-11
1046,332,242,2012-11
1047,376,358,2013-04
1048,435,358,2013-04
1049,16,107,2013-08
1050,80,107,2013-08
1051,80,585,2013-08
1052,543,585,2013-08
1053,282,284,2013-09
1054,348,284,2013-09
1055,222,203,2014-02
1056,528,203,2014-02
1057,323,320,2015-01
1058,344,320,2015-01
1059,407,398,2015-02
1060,533,398,2015-02
1061,407,399,2015-02
1062,537,399,2015-02
1063,317,310,2015-04
1064,497,310,2015-04
1065,231,214,2015-05
1066,393,214,2015-05
1067,103,13,2015-05
1068,598,13,2015-05
1069,103,11,2015-05
1070,317,11,2015-05
1071,103,12,2015-05
1072,393,12,2015-05
1073,119,54,2015-07
1074,439,54,2015-07
1075,509,54,2015-07
1076,119,53,2015-07
1077,326,53,2015-07
1078,119,55,2015-07
1079,509,55,2015-07
1080,112,45,2015-09
1081,601,45,2015-09
1082,63,553,2015-09
1083,601,553,2015-09
1084,63,552,2015-09
1085,112,552,2015-09
1086,366,355,2015-10
1087,378,355,2015-10
1088,105,24,2015-11
1089,241,24,2015-11
1090,256,24,2015-11
1091,105,19,2015-11
1092,227,19,2015-11
1093,241,19,2015-11
1094,298,19,2015-11
1095,105,20,2015-11
1096,227,20,2015-11
1097,298,20,2015-11
1098,105,22,2015-11
1099,233,22,2015-11
1100,256,22,2015-11
1101,581,22,2015-11
1102,105,21,2015-11
1103,233,21,2015-11
1104,256,21,2015-11
1105,105,26,2015-11
1106,256,26,2015-11
1107,581,26,2015-11
1108,105,16,2015-11
1109,123,16,2015-11
1110,227,16,2015-11
1111,105,18,2015-11
1112,227,18,2015-11
1113,241,18,2015-11
1114,105,28,2015-11
1115,581,28,2015-11
1116,582,28,2015-11
1117,105,29,2015-11
1118,582,29,2015-11
1119,256,260,2015-11
1120,582,260,2015-11
1121,581,533,2015-11
1122,582,533,2015-11
1123,123,73,2015-11
1124,582,73,2015-11
1125,241,234,2015-11
1126,581,234,2015-11
1127,123,72,2015-11
1128,581,72,2015-11
1129,256,259,2015-11
1130,581,259,2015-11
1131,227,210,2015-11
1132,581,210,2015-11
1133,105,27,2015-11
1134,581,27,2015-11
1135,227,208,2015-11
1136,241,208,2015-11
1137,227,211,2015-11
1138,582,211,2015-11
1139,105,25,2015-11
1140,256,25,2015-11
1141,105,15,2015-11
1142,123,15,2015-11
1143,241,233,2015-11
1144,256,233,2015-11
1145,241,235,2015-11
1146,582,235,2015-11
1147,105,23,2015-11
1148,241,23,2015-11
1149,105,17,2015-11
1150,227,17,2015-11
1151,123,71,2015-11
1152,227,71,2015-11
1153,227,209,2015-11
1154,256,209,2015-11
1155,227,207,2015-11
1156,233,207,2015-11
1157,152,98,2015-12
1158,441,98,2015-12
1159,152,97,2015-12
1160,285,97,2015-12
1161,441,432,2015-12
1162,511,432,2015-12
1163,152,99,2015-12
1164,511,99,2015-12
1165,18,138,2016-02
1166,445,138,2016-02
1167,41,401,2016-03
1168,495,401,2016-03
1169,24,224,2016-03
1170,495,224,2016-03
1171,18,139,2016-03
1172,495,139,2016-03
1173,424,411,2016-03
1174,495,411,2016-03
1175,41,400,2016-03
1176,424,400,2016-03
1177,122,61,2016-04
1178,305,61,2016-04
1179,319,61,2016-04
1180,339,61,2016-04
1181,122,60,2016-04
1182,305,60,2016-04
1183,319,60,2016-04
1184,18,137,2016-04
1185,305,137,2016-04
1186,339,137,2016-04
1187,305,297,2016-04
1188,319,297,2016-04
1189,339,297,2016-04
1190,305,300,2016-04
1191,339,300,2016-04
1192,534,300,2016-04
1193,305,299,2016-04
1194,339,299,2016-04
1195,418,299,2016-04
1196,305,302,2016-04
1197,418,302,2016-04
1198,534,302,2016-04
1199,196,166,2016-04
1200,305,166,2016-04
1201,319,166,2016-04
1202,196,165,2016-04
1203,305,165,2016-04
1204,122,68,2016-04
1205,339,68,2016-04
1206,534,68,2016-04
1207,122,62,2016-04
1208,305,62,2016-04
1209,339,62,2016-04
1210,122,63,2016-04
1211,305,63,2016-04
1212,418,63,2016-04
1213,122,64,2016-04
1214,305,64,2016-04
1215,534,64,2016-04
1216,122,66,2016-04
1217,319,66,2016-04
1218,339,66,2016-04
1219,319,313,2016-04
1220,339,313,2016-04
1221,196,167,2016-04
1222,319,167,2016-04
1223,319,314,2016-04
1224,534,314,2016-04
1225,196,169,2016-04
1226,534,169,2016-04
1227,122,58,2016-04
1228,196,58,2016-04
1229,418,410,2016-04
1230,534,410,2016-04
1231,122,69,2016-04
1232,418,69,2016-04
1233,339,338,2016-04
1234,534,338,2016-04
1235,339,337,2016-04
1236,418,337,2016-04
1237,305,298,2016-04
1238,339,298,2016-04
1239,122,67,2016-04
1240,339,67,2016-04
1241,122,59,2016-04
1242,305,59,2016-04
1243,305,296,2016-04
1244,319,296,2016-04
1245,305,301,2016-04
1246,418,301,2016-04
1247,122,70,2016-04
1248,534,70,2016-04
1249,305,303,2016-04
1250,534,303,2016-04
1251,196,168,2016-04
1252,339,168,2016-04
1253,122,65,2016-04
1254,319,65,2016-04
1255,52,500,2016-07
1256,408,500,2016-07
1257,560,500,2016-07
1258,52,496,2016-07
1259,106,496,2016-07
1260,408,496,2016-07
1261,106,31,2016-07
1262,408,31,2016-07
1263,52,501,2016-07
1264,560,501,2016-07
1265,52,495,2016-07
1266,106,495,2016-07
1267,106,30,2016-07
1268,247,30,2016-07
1269,52,498,2016-07
1270,247,498,2016-07
1271,52,499,2016-07
1272,408,499,2016-07
1273,52,497,2016-07
1274,119,497,2016-07
1275,119,52,2016-07
1276,247,52,2016-07
1277,154,100,2017-02
1278,517,100,2017-02
1279,49,482,2017-04
1280,380,482,2017-04
1281,561,482,2017-04
1282,49,483,2017-04
1283,561,483,2017-04
1284,380,366,2017-04
1285,561,366,2017-04
1286,49,481,2017-04
1287,380,481,2017-04
1288,47,463,2017-05
1289,352,463,2017-05
1290,328,322,2017-05
1291,352,322,2017-05
1292,380,367,2017-05
1293,610,367,2017-05
1294,328,323,2017-05
1295,610,323,2017-05
1296,352,347,2017-05
1297,380,347,2017-05
1298,65,556,2017-05
1299,352,556,2017-05
1300,352,348,2017-05
1301,610,348,2017-05
1302,475,466,2017-06
1303,599,466,2017-06
1304,252,252,2017-06
1305,475,252,2017-06
1306,252,251,2017-06
1307,471,251,2017-06
1308,30,293,2017-07
1309,67,293,2017-07
1310,400,293,2017-07
1311,67,559,2017-07
1312,400,559,2017-07
1313,30,292,2017-07
1314,400,292,2017-07
1315,523,502,2017-08
1316,526,502,2017-08
1317,443,433,2017-08
1318,523,433,2017-08
1319,279,282,2017-09
1320,551,282,2017-09
1321,141,86,2017-12
1322,515,86,2017-12
1323,515,494,2017-12
1324,601,494,2017-12
1325,141,87,2017-12
1326,601,87,2017-12
1327,111,44,2018-01
1328,382,44,2018-01
1329,62,550,2018-03
1330,459,550,2018-03
1331,601,550,2018-03
1332,89,593,2018-03
1333,601,593,2018-03
1334,62,551,2018-03
1335,601,551,2018-03
1336,62,547,2018-03
1337,205,547,2018-03
1338,62,549,2018-03
1339,459,549,2018-03
1340,459,444,2018-03
1341,601,444,2018-03
1342,62,548,2018-04
1343,209,548,2018-04
1344,209,191,2018-04
1345,233,191,2018-04
1346,210,192,2018-05
1347,491,192,2018-05
1348,68,561,2018-05
1349,210,561,2018-05
1350,338,336,2018-06
1351,417,336,2018-06
1352,417,409,2018-06
1353,586,409,2018-06
1354,362,354,2018-07
1355,417,354,2018-07
1356,98,604,2018-07
1357,362,604,2018-07
1358,296,291,2018-07
1359,362,291,2018-07
1360,25,250,2018-08
1361,77,250,2018-08
1362,514,250,2018-08
1363,77,569,2018-08
1364,514,569,2018-08
1365,77,570,2018-08
1366,556,570,2018-08
1367,25,249,2018-08
1368,77,249,2018-08
1369,25,247,2018-08
1370,258,247,2018-08
1371,258,261,2018-08
1372,596,261,2018-08
1373,248,243,2018-08
1374,258,243,2018-08
1375,25,248,2018-08
1376,596,248,2018-08
1377,25,246,2018-08
1378,248,246,2018-08
1379,184,145,2018-09
1380,331,145,2018-09
