,user_id,group_id,period
0,40,190,1996-05
1,130,190,1996-05
2,134,190,1996-05
3,284,190,1996-05
4,444,190,1996-05
5,40,189,1996-05
6,107,189,1996-05
7,134,189,1996-05
8,284,189,1996-05
9,468,189,1996-05
10,40,192,1996-05
11,134,192,1996-05
12,145,192,1996-05
13,284,192,1996-05
14,353,192,1996-05
15,40,188,1996-05
16,107,188,1996-05
17,130,188,1996-05
18,468,188,1996-05
19,536,188,1996-05
20,40,191,1996-05
21,130,191,1996-05
22,284,191,1996-05
23,353,191,1996-05
24,604,191,1996-05
25,107,31,1996-05
26,130,31,1996-05
27,134,31,1996-05
28,136,31,1996-05
29,468,31,1996-05
30,40,193,1996-05
31,136,193,1996-05
32,284,193,1996-05
33,353,193,1996-05
34,604,193,1996-05
35,134,59,1996-05
36,145,59,1996-05
37,284,59,1996-05
38,353,59,1996-05
39,444,59,1996-05
40,134,60,1996-05
41,145,60,1996-05
42,284,60,1996-05
43,353,60,1996-05
44,468,60,1996-05
45,14,73,1996-06
46,56,73,1996-06
47,102,73,1996-06
48,349,73,1996-06
49,411,73,1996-06
50,541,73,1996-06
51,584,73,1996-06
52,56,349,1996-06
53,102,349,1996-06
54,314,349,1996-06
55,385,349,1996-06
56,411,349,1996-06
57,476,349,1996-06
58,541,349,1996-06
59,46,291,1996-06
60,56,291,1996-06
61,102,291,1996-06
62,242,291,1996-06
63,411,291,1996-06
64,541,291,1996-06
65,574,291,1996-06
66,56,356,1996-06
67,102,356,1996-06
68,385,356,1996-06
69,411,356,1996-06
70,476,356,1996-06
71,541,356,1996-06
72,584,356,1996-06
73,46,288,1996-06
74,56,288,1996-06
75,102,288,1996-06
76,242,288,1996-06
77,273,288,1996-06
78,411,288,1996-06
79,541,288,1996-06
80,584,288,1996-06
81,56,359,1996-06
82,102,359,1996-06
83,411,359,1996-06
84,541,359,1996-06
85,584,359,1996-06
86,46,289,1996-06
87,56,289,1996-06
88,102,289,1996-06
89,242,289,1996-06
90,385,289,1996-06
91,411,289,1996-06
92,476,289,1996-06
93,541,289,1996-06
94,56,355,1996-06
95,102,355,1996-06
96,385,355,1996-06
97,411,355,1996-06
98,476,355,1996-06
99,541,355,1996-06
100,46,290,1996-06
101,56,290,1996-06
102,102,290,1996-06
103,242,290,1996-06
104,411,290,1996-06
105,541,290,1996-06
106,56,347,1996-06
107,102,347,1996-06
108,314,347,1996-06
109,349,347,1996-06
110,411,347,1996-06
111,476,347,1996-06
112,584,347,1996-06
113,46,292,1996-06
114,56,292,1996-06
115,102,292,1996-06
116,273,292,1996-06
117,349,292,1996-06
118,411,292,1996-06
119,584,292,1996-06
120,56,353,1996-06
121,102,353,1996-06
122,349,353,1996-06
123,411,353,1996-06
124,584,353,1996-06
125,46,295,1996-06
126,56,295,1996-06
127,102,295,1996-06
128,314,295,1996-06
129,411,295,1996-06
130,476,295,1996-06
131,56,351,1996-06
132,102,351,1996-06
133,314,351,1996-06
134,411,351,1996-06
135,476,351,1996-06
136,46,293,1996-06
137,56,293,1996-06
138,102,293,1996-06
139,273,293,1996-06
140,411,293,1996-06
141,476,293,1996-06
142,584,293,1996-06
143,56,358,1996-06
144,102,358,1996-06
145,411,358,1996-06
146,476,358,1996-06
147,584,358,1996-06
148,46,294,1996-06
149,56,294,1996-06
150,102,294,1996-06
151,273,294,1996-06
152,411,294,1996-06
153,584,294,1996-06
154,46,296,1996-06
155,56,296,1996-06
156,102,296,1996-06
157,411,296,1996-06
158,476,296,1996-06
159,14,61,1996-06
160,102,61,1996-06
161,192,61,1996-06
162,349,61,1996-06
163,411,61,1996-06
164,476,61,1996-06
165,541,61,1996-06
166,584,61,1996-06
167,14,68,1996-06
168,46,68,1996-06
169,102,68,1996-06
170,349,68,1996-06
171,411,68,1996-06
172,541,68,1996-06
173,584,68,1996-06
174,14,62,1996-06
175,102,62,1996-06
176,349,62,1996-06
177,411,62,1996-06
178,541,62,1996-06
179,584,62,1996-06
180,46,276,1996-06
181,102,276,1996-06
182,349,276,1996-06
183,411,276,1996-06
184,476,276,1996-06
185,584,276,1996-06
186,102,3,1996-06
187,349,3,1996-06
188,411,3,1996-06
189,476,3,1996-06
190,584,3,1996-06
191,46,277,1996-06
192,102,277,1996-06
193,349,277,1996-06
194,411,277,1996-06
195,584,277,1996-06
196,14,75,1996-06
197,56,75,1996-06
198,314,75,1996-06
199,411,75,1996-06
200,541,75,1996-06
201,584,75,1996-06
202,14,71,1996-06
203,46,71,1996-06
204,56,71,1996-06
205,411,71,1996-06
206,541,71,1996-06
207,574,71,1996-06
208,584,71,1996-06
209,14,76,1996-06
210,56,76,1996-06
211,411,76,1996-06
212,541,76,1996-06
213,584,76,1996-06
214,46,302,1996-06
215,56,302,1996-06
216,314,302,1996-06
217,411,302,1996-06
218,541,302,1996-06
219,574,302,1996-06
220,46,303,1996-06
221,56,303,1996-06
222,314,303,1996-06
223,411,303,1996-06
224,584,303,1996-06
225,14,70,1996-06
226,46,70,1996-06
227,411,70,1996-06
228,541,70,1996-06
229,584,70,1996-06
230,14,64,1996-06
231,192,64,1996-06
232,314,64,1996-06
233,385,64,1996-06
234,411,64,1996-06
235,476,64,1996-06
236,584,64,1996-06
237,314,156,1996-06
238,385,156,1996-06
239,411,156,1996-06
240,476,156,1996-06
241,574,156,1996-06
242,14,65,1996-06
243,192,65,1996-06
244,411,65,1996-06
245,476,65,1996-06
246,584,65,1996-06
247,14,66,1996-06
248,314,66,1996-06
249,411,66,1996-06
250,574,66,1996-06
251,584,66,1996-06
252,56,376,1996-06
253,349,376,1996-06
254,411,376,1996-06
255,476,376,1996-06
256,541,376,1996-06
257,584,376,1996-06
258,56,364,1996-06
259,242,364,1996-06
260,349,364,1996-06
261,411,364,1996-06
262,541,364,1996-06
263,574,364,1996-06
264,584,364,1996-06
265,56,378,1996-06
266,349,378,1996-06
267,411,378,1996-06
268,541,378,1996-06
269,584,378,1996-06
270,56,366,1996-06
271,242,366,1996-06
272,411,366,1996-06
273,476,366,1996-06
274,541,366,1996-06
275,574,366,1996-06
276,56,367,1996-06
277,242,367,1996-06
278,411,367,1996-06
279,476,367,1996-06
280,541,367,1996-06
281,584,367,1996-06
282,56,365,1996-06
283,242,365,1996-06
284,411,365,1996-06
285,476,365,1996-06
286,541,365,1996-06
287,56,377,1996-06
288,349,377,1996-06
289,411,377,1996-06
290,476,377,1996-06
291,584,377,1996-06
292,349,158,1996-06
293,411,158,1996-06
294,476,158,1996-06
295,541,158,1996-06
296,584,158,1996-06
297,46,300,1996-06
298,56,300,1996-06
299,242,300,1996-06
300,411,300,1996-06
301,541,300,1996-06
302,574,300,1996-06
303,584,300,1996-06
304,46,299,1996-06
305,56,299,1996-06
306,242,299,1996-06
307,411,299,1996-06
308,541,299,1996-06
309,574,299,1996-06
310,46,301,1996-06
311,56,301,1996-06
312,242,301,1996-06
313,411,301,1996-06
314,541,301,1996-06
315,584,301,1996-06
316,46,298,1996-06
317,56,298,1996-06
318,242,298,1996-06
319,411,298,1996-06
320,541,298,1996-06
321,46,305,1996-06
322,56,305,1996-06
323,411,305,1996-06
324,541,305,1996-06
325,574,305,1996-06
326,584,305,1996-06
327,46,304,1996-06
328,56,304,1996-06
329,411,304,1996-06
330,541,304,1996-06
331,574,304,1996-06
332,46,306,1996-06
333,56,306,1996-06
334,411,306,1996-06
335,541,306,1996-06
336,584,306,1996-06
337,56,369,1996-06
338,242,369,1996-06
339,411,369,1996-06
340,541,369,1996-06
341,574,369,1996-06
342,584,369,1996-06
343,56,368,1996-06
344,242,368,1996-06
345,411,368,1996-06
346,541,368,1996-06
347,574,368,1996-06
348,56,370,1996-06
349,242,370,1996-06
350,411,370,1996-06
351,541,370,1996-06
352,584,370,1996-06
353,56,382,1996-06
354,411,382,1996-06
355,541,382,1996-06
356,574,382,1996-06
357,584,382,1996-06
358,56,362,1996-06
359,192,362,1996-06
360,385,362,1996-06
361,411,362,1996-06
362,476,362,1996-06
363,541,362,1996-06
364,584,362,1996-06
365,56,372,1996-06
366,273,372,1996-06
367,385,372,1996-06
368,411,372,1996-06
369,476,372,1996-06
370,541,372,1996-06
371,584,372,1996-06
372,56,380,1996-06
373,385,380,1996-06
374,411,380,1996-06
375,476,380,1996-06
376,541,380,1996-06
377,584,380,1996-06
378,56,375,1996-06
379,273,375,1996-06
380,411,375,1996-06
381,541,375,1996-06
382,584,375,1996-06
383,56,379,1996-06
384,385,379,1996-06
385,411,379,1996-06
386,476,379,1996-06
387,541,379,1996-06
388,56,374,1996-06
389,273,374,1996-06
390,411,374,1996-06
391,476,374,1996-06
392,584,374,1996-06
393,192,142,1996-06
394,385,142,1996-06
395,411,142,1996-06
396,476,142,1996-06
397,584,142,1996-06
398,56,381,1996-06
399,411,381,1996-06
400,476,381,1996-06
401,541,381,1996-06
402,584,381,1996-06
403,56,363,1996-06
404,192,363,1996-06
405,411,363,1996-06
406,541,363,1996-06
407,584,363,1996-06
408,56,346,1996-06
409,102,346,1996-06
410,314,346,1996-06
411,349,346,1996-06
412,385,346,1996-06
413,476,346,1996-06
414,584,346,1996-06
415,56,350,1996-06
416,102,350,1996-06
417,314,350,1996-06
418,385,350,1996-06
419,476,350,1996-06
420,56,344,1996-06
421,102,344,1996-06
422,273,344,1996-06
423,385,344,1996-06
424,476,344,1996-06
425,584,344,1996-06
426,56,357,1996-06
427,102,357,1996-06
428,385,357,1996-06
429,476,357,1996-06
430,584,357,1996-06
431,56,339,1996-06
432,102,339,1996-06
433,273,339,1996-06
434,314,339,1996-06
435,349,339,1996-06
436,476,339,1996-06
437,584,339,1996-06
438,56,348,1996-06
439,102,348,1996-06
440,314,348,1996-06
441,349,348,1996-06
442,476,348,1996-06
443,584,348,1996-06
444,56,343,1996-06
445,102,343,1996-06
446,273,343,1996-06
447,349,343,1996-06
448,584,343,1996-06
449,56,345,1996-06
450,102,345,1996-06
451,273,345,1996-06
452,476,345,1996-06
453,584,345,1996-06
454,56,373,1996-06
455,273,373,1996-06
456,385,373,1996-06
457,476,373,1996-06
458,584,373,1996-06
459,14,72,1996-06
460,56,72,1996-06
461,102,72,1996-06
462,242,72,1996-06
463,411,72,1996-06
464,574,72,1996-06
465,584,72,1996-06
466,14,74,1996-06
467,56,74,1996-06
468,102,74,1996-06
469,411,74,1996-06
470,584,74,1996-06
471,56,337,1996-06
472,102,337,1996-06
473,242,337,1996-06
474,411,337,1996-06
475,574,337,1996-06
476,56,338,1996-06
477,102,338,1996-06
478,242,338,1996-06
479,411,338,1996-06
480,584,338,1996-06
481,14,77,1996-06
482,56,77,1996-06
483,411,77,1996-06
484,574,77,1996-06
485,584,77,1996-06
486,56,352,1996-06
487,102,352,1996-06
488,349,352,1996-06
489,385,352,1996-06
490,411,352,1996-06
491,56,333,1996-06
492,102,333,1996-06
493,242,333,1996-06
494,273,333,1996-06
495,349,333,1996-06
496,411,333,1996-06
497,56,334,1996-06
498,102,334,1996-06
499,242,334,1996-06
500,273,334,1996-06
501,385,334,1996-06
502,411,334,1996-06
503,56,335,1996-06
504,102,335,1996-06
505,242,335,1996-06
506,273,335,1996-06
507,411,335,1996-06
508,56,336,1996-06
509,102,336,1996-06
510,242,336,1996-06
511,385,336,1996-06
512,411,336,1996-06
513,56,341,1996-06
514,102,341,1996-06
515,273,341,1996-06
516,349,341,1996-06
517,411,341,1996-06
518,56,340,1996-06
519,102,340,1996-06
520,273,340,1996-06
521,349,340,1996-06
522,385,340,1996-06
523,56,332,1996-06
524,102,332,1996-06
525,192,332,1996-06
526,349,332,1996-06
527,541,332,1996-06
528,584,332,1996-06
529,56,354,1996-06
530,102,354,1996-06
531,349,354,1996-06
532,541,354,1996-06
533,584,354,1996-06
534,102,0,1996-06
535,192,0,1996-06
536,349,0,1996-06
537,541,0,1996-06
538,584,0,1996-06
539,46,271,1996-06
540,102,271,1996-06
541,192,271,1996-06
542,411,271,1996-06
543,476,271,1996-06
544,541,271,1996-06
545,584,271,1996-06
546,102,1,1996-06
547,192,1,1996-06
548,411,1,1996-06
549,476,1,1996-06
550,541,1,1996-06
551,584,1,1996-06
552,46,280,1996-06
553,102,280,1996-06
554,411,280,1996-06
555,476,280,1996-06
556,541,280,1996-06
557,584,280,1996-06
558,102,4,1996-06
559,411,4,1996-06
560,476,4,1996-06
561,541,4,1996-06
562,584,4,1996-06
563,46,282,1996-06
564,102,282,1996-06
565,411,282,1996-06
566,541,282,1996-06
567,584,282,1996-06
568,46,279,1996-06
569,102,279,1996-06
570,411,279,1996-06
571,476,279,1996-06
572,541,279,1996-06
573,46,281,1996-06
574,102,281,1996-06
575,411,281,1996-06
576,476,281,1996-06
577,584,281,1996-06
578,46,284,1996-06
579,192,284,1996-06
580,411,284,1996-06
581,541,284,1996-06
582,584,284,1996-06
583,192,143,1996-06
584,411,143,1996-06
585,476,143,1996-06
586,541,143,1996-06
587,584,143,1996-06
588,46,273,1996-06
589,102,273,1996-06
590,273,273,1996-06
591,349,273,1996-06
592,574,273,1996-06
593,584,273,1996-06
594,46,272,1996-06
595,102,272,1996-06
596,273,272,1996-06
597,349,272,1996-06
598,476,272,1996-06
599,584,272,1996-06
600,46,274,1996-06
601,102,274,1996-06
602,273,274,1996-06
603,349,274,1996-06
604,584,274,1996-06
605,46,275,1996-06
606,102,275,1996-06
607,273,275,1996-06
608,476,275,1996-06
609,584,275,1996-06
610,46,278,1996-06
611,102,278,1996-06
612,349,278,1996-06
613,476,278,1996-06
614,584,278,1996-06
615,102,2,1996-06
616,273,2,1996-06
617,349,2,1996-06
618,476,2,1996-06
619,584,2,1996-06
620,46,285,1996-06
621,273,285,1996-06
622,385,285,1996-06
623,411,285,1996-06
624,476,285,1996-06
625,584,285,1996-06
626,46,286,1996-06
627,273,286,1996-06
628,411,286,1996-06
629,476,286,1996-06
630,584,286,1996-06
631,273,155,1996-06
632,385,155,1996-06
633,411,155,1996-06
634,476,155,1996-06
635,584,155,1996-06
636,56,360,1996-06
637,192,360,1996-06
638,242,360,1996-06
639,411,360,1996-06
640,574,360,1996-06
641,584,360,1996-06
642,56,371,1996-06
643,242,371,1996-06
644,411,371,1996-06
645,574,371,1996-06
646,584,371,1996-06
647,56,361,1996-06
648,192,361,1996-06
649,349,361,1996-06
650,541,361,1996-06
651,584,361,1996-06
652,46,297,1996-06
653,56,297,1996-06
654,192,297,1996-06
655,574,297,1996-06
656,584,297,1996-06
657,46,283,1996-06
658,192,283,1996-06
659,411,283,1996-06
660,541,283,1996-06
661,574,283,1996-06
662,56,342,1996-06
663,102,342,1996-06
664,273,342,1996-06
665,349,342,1996-06
666,574,342,1996-06
667,14,69,1996-06
668,46,69,1996-06
669,242,69,1996-06
670,574,69,1996-06
671,584,69,1996-06
672,14,67,1996-06
673,314,67,1996-06
674,476,67,1996-06
675,541,67,1996-06
676,584,67,1996-06
677,14,63,1996-06
678,102,63,1996-06
679,385,63,1996-06
680,411,63,1996-06
681,541,63,1996-06
682,46,287,1996-06
683,273,287,1996-06
684,476,287,1996-06
685,574,287,1996-06
686,584,287,1996-06
687,26,154,1996-07
688,229,154,1996-07
689,404,154,1996-07
690,447,154,1996-07
691,455,154,1996-07
692,485,154,1996-07
693,592,154,1996-07
694,162,109,1996-07
695,229,109,1996-07
696,404,109,1996-07
697,447,109,1996-07
698,455,109,1996-07
699,592,109,1996-07
700,229,147,1996-07
701,404,147,1996-07
702,447,147,1996-07
703,455,147,1996-07
704,485,147,1996-07
705,592,147,1996-07
706,229,148,1996-07
707,404,148,1996-07
708,447,148,1996-07
709,455,148,1996-07
710,592,148,1996-07
711,162,110,1996-07
712,229,110,1996-07
713,447,110,1996-07
714,485,110,1996-07
715,592,110,1996-07
716,243,152,1996-07
717,404,152,1996-07
718,455,152,1996-07
719,485,152,1996-07
720,592,152,1996-07
721,162,111,1996-07
722,404,111,1996-07
723,455,111,1996-07
724,485,111,1996-07
725,592,111,1996-07
726,38,160,1996-08
727,109,160,1996-08
728,170,160,1996-08
729,176,160,1996-08
730,179,160,1996-08
731,235,160,1996-08
732,486,160,1996-08
733,498,160,1996-08
734,512,160,1996-08
735,588,160,1996-08
736,602,160,1996-08
737,38,161,1996-08
738,109,161,1996-08
739,176,161,1996-08
740,179,161,1996-08
741,235,161,1996-08
742,394,161,1996-08
743,486,161,1996-08
744,498,161,1996-08
745,512,161,1996-08
746,588,161,1996-08
747,602,161,1996-08
748,38,162,1996-08
749,109,162,1996-08
750,176,162,1996-08
751,179,162,1996-08
752,235,162,1996-08
753,486,162,1996-08
754,498,162,1996-08
755,512,162,1996-08
756,588,162,1996-08
757,602,162,1996-08
758,109,40,1996-08
759,170,40,1996-08
760,179,40,1996-08
761,235,40,1996-08
762,394,40,1996-08
763,486,40,1996-08
764,498,40,1996-08
765,512,40,1996-08
766,109,41,1996-08
767,170,41,1996-08
768,179,41,1996-08
769,235,41,1996-08
770,444,41,1996-08
771,486,41,1996-08
772,498,41,1996-08
773,512,41,1996-08
774,109,42,1996-08
775,170,42,1996-08
776,179,42,1996-08
777,235,42,1996-08
778,486,42,1996-08
779,498,42,1996-08
780,512,42,1996-08
781,109,33,1996-08
782,142,33,1996-08
783,179,33,1996-08
784,235,33,1996-08
785,394,33,1996-08
786,486,33,1996-08
787,498,33,1996-08
788,507,33,1996-08
789,512,33,1996-08
790,109,45,1996-08
791,179,45,1996-08
792,235,45,1996-08
793,394,45,1996-08
794,486,45,1996-08
795,498,45,1996-08
796,512,45,1996-08
797,8,425,1996-08
798,109,425,1996-08
799,170,425,1996-08
800,176,425,1996-08
801,179,425,1996-08
802,235,425,1996-08
803,512,425,1996-08
804,588,425,1996-08
805,602,425,1996-08
806,109,39,1996-08
807,170,39,1996-08
808,176,39,1996-08
809,179,39,1996-08
810,235,39,1996-08
811,512,39,1996-08
812,588,39,1996-08
813,602,39,1996-08
814,109,32,1996-08
815,142,32,1996-08
816,176,32,1996-08
817,179,32,1996-08
818,235,32,1996-08
819,512,32,1996-08
820,588,32,1996-08
821,602,32,1996-08
822,109,44,1996-08
823,176,44,1996-08
824,179,44,1996-08
825,235,44,1996-08
826,512,44,1996-08
827,588,44,1996-08
828,602,44,1996-08
829,54,331,1996-08
830,109,331,1996-08
831,142,331,1996-08
832,170,331,1996-08
833,179,331,1996-08
834,235,331,1996-08
835,512,331,1996-08
836,109,43,1996-08
837,170,43,1996-08
838,179,43,1996-08
839,235,43,1996-08
840,512,43,1996-08
841,8,465,1996-08
842,38,465,1996-08
843,176,465,1996-08
844,179,465,1996-08
845,235,465,1996-08
846,486,465,1996-08
847,498,465,1996-08
848,512,465,1996-08
849,602,465,1996-08
850,38,167,1996-08
851,142,167,1996-08
852,176,167,1996-08
853,179,167,1996-08
854,235,167,1996-08
855,486,167,1996-08
856,498,167,1996-08
857,512,167,1996-08
858,602,167,1996-08
859,38,175,1996-08
860,176,175,1996-08
861,179,175,1996-08
862,235,175,1996-08
863,486,175,1996-08
864,498,175,1996-08
865,512,175,1996-08
866,602,175,1996-08
867,38,174,1996-08
868,170,174,1996-08
869,176,174,1996-08
870,179,174,1996-08
871,486,174,1996-08
872,498,174,1996-08
873,512,174,1996-08
874,588,174,1996-08
875,602,174,1996-08
876,38,168,1996-08
877,142,168,1996-08
878,176,168,1996-08
879,179,168,1996-08
880,486,168,1996-08
881,498,168,1996-08
882,512,168,1996-08
883,588,168,1996-08
884,602,168,1996-08
885,38,176,1996-08
886,176,176,1996-08
887,179,176,1996-08
888,486,176,1996-08
889,498,176,1996-08
890,512,176,1996-08
891,588,176,1996-08
892,602,176,1996-08
893,142,84,1996-08
894,170,84,1996-08
895,179,84,1996-08
896,486,84,1996-08
897,498,84,1996-08
898,512,84,1996-08
899,170,118,1996-08
900,179,118,1996-08
901,486,118,1996-08
902,498,118,1996-08
903,512,118,1996-08
904,142,79,1996-08
905,170,79,1996-08
906,176,79,1996-08
907,179,79,1996-08
908,512,79,1996-08
909,588,79,1996-08
910,602,79,1996-08
911,170,115,1996-08
912,176,115,1996-08
913,179,115,1996-08
914,512,115,1996-08
915,588,115,1996-08
916,602,115,1996-08
917,142,90,1996-08
918,176,90,1996-08
919,179,90,1996-08
920,512,90,1996-08
921,588,90,1996-08
922,602,90,1996-08
923,38,169,1996-08
924,142,169,1996-08
925,176,169,1996-08
926,179,169,1996-08
927,486,169,1996-08
928,498,169,1996-08
929,512,169,1996-08
930,602,169,1996-08
931,38,177,1996-08
932,176,177,1996-08
933,179,177,1996-08
934,486,177,1996-08
935,498,177,1996-08
936,512,177,1996-08
937,602,177,1996-08
938,8,426,1996-08
939,109,426,1996-08
940,179,426,1996-08
941,235,426,1996-08
942,486,426,1996-08
943,498,426,1996-08
944,512,426,1996-08
945,588,426,1996-08
946,602,426,1996-08
947,109,35,1996-08
948,142,35,1996-08
949,179,35,1996-08
950,235,35,1996-08
951,486,35,1996-08
952,498,35,1996-08
953,512,35,1996-08
954,588,35,1996-08
955,602,35,1996-08
956,109,47,1996-08
957,179,47,1996-08
958,235,47,1996-08
959,486,47,1996-08
960,498,47,1996-08
961,512,47,1996-08
962,588,47,1996-08
963,602,47,1996-08
964,109,34,1996-08
965,142,34,1996-08
966,179,34,1996-08
967,235,34,1996-08
968,486,34,1996-08
969,498,34,1996-08
970,512,34,1996-08
971,109,46,1996-08
972,179,46,1996-08
973,235,46,1996-08
974,486,46,1996-08
975,498,46,1996-08
976,512,46,1996-08
977,8,423,1996-08
978,109,423,1996-08
979,142,423,1996-08
980,179,423,1996-08
981,235,423,1996-08
982,512,423,1996-08
983,588,423,1996-08
984,602,423,1996-08
985,8,427,1996-08
986,109,427,1996-08
987,179,427,1996-08
988,235,427,1996-08
989,512,427,1996-08
990,588,427,1996-08
991,602,427,1996-08
992,109,37,1996-08
993,142,37,1996-08
994,179,37,1996-08
995,235,37,1996-08
996,512,37,1996-08
997,588,37,1996-08
998,602,37,1996-08
999,109,48,1996-08
1000,179,48,1996-08
1001,235,48,1996-08
1002,512,48,1996-08
1003,588,48,1996-08
1004,602,48,1996-08
1005,109,36,1996-08
1006,142,36,1996-08
1007,179,36,1996-08
1008,235,36,1996-08
1009,512,36,1996-08
1010,8,437,1996-08
1011,142,437,1996-08
1012,179,437,1996-08
1013,235,437,1996-08
1014,486,437,1996-08
1015,498,437,1996-08
1016,512,437,1996-08
1017,602,437,1996-08
1018,142,93,1996-08
1019,179,93,1996-08
1020,235,93,1996-08
1021,486,93,1996-08
1022,498,93,1996-08
1023,512,93,1996-08
1024,602,93,1996-08
1025,142,92,1996-08
1026,179,92,1996-08
1027,235,92,1996-08
1028,486,92,1996-08
1029,498,92,1996-08
1030,512,92,1996-08
1031,142,101,1996-08
1032,179,101,1996-08
1033,486,101,1996-08
1034,498,101,1996-08
1035,512,101,1996-08
1036,588,101,1996-08
1037,602,101,1996-08
1038,179,137,1996-08
1039,486,137,1996-08
1040,498,137,1996-08
1041,512,137,1996-08
1042,588,137,1996-08
1043,602,137,1996-08
1044,142,105,1996-08
1045,179,105,1996-08
1046,512,105,1996-08
1047,588,105,1996-08
1048,602,105,1996-08
1049,142,102,1996-08
1050,179,102,1996-08
1051,486,102,1996-08
1052,498,102,1996-08
1053,512,102,1996-08
1054,602,102,1996-08
1055,142,100,1996-08
1056,179,100,1996-08
1057,486,100,1996-08
1058,498,100,1996-08
1059,512,100,1996-08
1060,8,446,1996-08
1061,170,446,1996-08
1062,176,446,1996-08
1063,179,446,1996-08
1064,235,446,1996-08
1065,486,446,1996-08
1066,512,446,1996-08
1067,602,446,1996-08
1068,170,112,1996-08
1069,176,112,1996-08
1070,179,112,1996-08
1071,235,112,1996-08
1072,486,112,1996-08
1073,512,112,1996-08
1074,602,112,1996-08
1075,142,86,1996-08
1076,176,86,1996-08
1077,179,86,1996-08
1078,235,86,1996-08
1079,486,86,1996-08
1080,507,86,1996-08
1081,512,86,1996-08
1082,602,86,1996-08
1083,142,81,1996-08
1084,170,81,1996-08
1085,179,81,1996-08
1086,235,81,1996-08
1087,486,81,1996-08
1088,507,81,1996-08
1089,512,81,1996-08
1090,170,117,1996-08
1091,179,117,1996-08
1092,235,117,1996-08
1093,486,117,1996-08
1094,512,117,1996-08
1095,142,94,1996-08
1096,179,94,1996-08
1097,235,94,1996-08
1098,486,94,1996-08
1099,507,94,1996-08
1100,512,94,1996-08
1101,8,430,1996-08
1102,142,430,1996-08
1103,170,430,1996-08
1104,176,430,1996-08
1105,179,430,1996-08
1106,235,430,1996-08
1107,512,430,1996-08
1108,602,430,1996-08
1109,8,447,1996-08
1110,170,447,1996-08
1111,176,447,1996-08
1112,179,447,1996-08
1113,235,447,1996-08
1114,512,447,1996-08
1115,602,447,1996-08
1116,170,113,1996-08
1117,176,113,1996-08
1118,179,113,1996-08
1119,235,113,1996-08
1120,512,113,1996-08
1121,602,113,1996-08
1122,142,83,1996-08
1123,170,83,1996-08
1124,179,83,1996-08
1125,235,83,1996-08
1126,512,83,1996-08
1127,8,434,1996-08
1128,142,434,1996-08
1129,176,434,1996-08
1130,179,434,1996-08
1131,235,434,1996-08
1132,486,434,1996-08
1133,512,434,1996-08
1134,602,434,1996-08
1135,8,448,1996-08
1136,176,448,1996-08
1137,179,448,1996-08
1138,235,448,1996-08
1139,486,448,1996-08
1140,512,448,1996-08
1141,602,448,1996-08
1142,142,87,1996-08
1143,176,87,1996-08
1144,179,87,1996-08
1145,235,87,1996-08
1146,486,87,1996-08
1147,512,87,1996-08
1148,602,87,1996-08
1149,176,121,1996-08
1150,179,121,1996-08
1151,235,121,1996-08
1152,486,121,1996-08
1153,512,121,1996-08
1154,602,121,1996-08
1155,8,435,1996-08
1156,142,435,1996-08
1157,176,435,1996-08
1158,179,435,1996-08
1159,235,435,1996-08
1160,512,435,1996-08
1161,602,435,1996-08
1162,8,449,1996-08
1163,176,449,1996-08
1164,179,449,1996-08
1165,235,449,1996-08
1166,512,449,1996-08
1167,602,449,1996-08
1168,142,88,1996-08
1169,176,88,1996-08
1170,179,88,1996-08
1171,235,88,1996-08
1172,512,88,1996-08
1173,602,88,1996-08
1174,176,123,1996-08
1175,179,123,1996-08
1176,235,123,1996-08
1177,512,123,1996-08
1178,602,123,1996-08
1179,142,78,1996-08
1180,170,78,1996-08
1181,176,78,1996-08
1182,179,78,1996-08
1183,486,78,1996-08
1184,512,78,1996-08
1185,602,78,1996-08
1186,170,114,1996-08
1187,176,114,1996-08
1188,179,114,1996-08
1189,486,114,1996-08
1190,512,114,1996-08
1191,602,114,1996-08
1192,142,85,1996-08
1193,170,85,1996-08
1194,179,85,1996-08
1195,486,85,1996-08
1196,512,85,1996-08
1197,142,80,1996-08
1198,170,80,1996-08
1199,176,80,1996-08
1200,179,80,1996-08
1201,512,80,1996-08
1202,602,80,1996-08
1203,170,116,1996-08
1204,176,116,1996-08
1205,179,116,1996-08
1206,512,116,1996-08
1207,602,116,1996-08
1208,142,89,1996-08
1209,176,89,1996-08
1210,179,89,1996-08
1211,486,89,1996-08
1212,512,89,1996-08
1213,602,89,1996-08
1214,176,126,1996-08
1215,179,126,1996-08
1216,486,126,1996-08
1217,512,126,1996-08
1218,602,126,1996-08
1219,8,438,1996-08
1220,142,438,1996-08
1221,179,438,1996-08
1222,235,438,1996-08
1223,486,438,1996-08
1224,512,438,1996-08
1225,602,438,1996-08
1226,142,96,1996-08
1227,179,96,1996-08
1228,235,96,1996-08
1229,486,96,1996-08
1230,512,96,1996-08
1231,602,96,1996-08
1232,142,95,1996-08
1233,179,95,1996-08
1234,235,95,1996-08
1235,486,95,1996-08
1236,512,95,1996-08
1237,142,103,1996-08
1238,179,103,1996-08
1239,486,103,1996-08
1240,512,103,1996-08
1241,602,103,1996-08
1242,179,128,1996-08
1243,235,128,1996-08
1244,395,128,1996-08
1245,486,128,1996-08
1246,498,128,1996-08
1247,512,128,1996-08
1248,602,128,1996-08
1249,179,130,1996-08
1250,235,130,1996-08
1251,486,130,1996-08
1252,498,130,1996-08
1253,507,130,1996-08
1254,512,130,1996-08
1255,602,130,1996-08
1256,179,129,1996-08
1257,235,129,1996-08
1258,486,129,1996-08
1259,498,129,1996-08
1260,507,129,1996-08
1261,512,129,1996-08
1262,8,451,1996-08
1263,179,451,1996-08
1264,235,451,1996-08
1265,486,451,1996-08
1266,498,451,1996-08
1267,512,451,1996-08
1268,602,451,1996-08
1269,179,132,1996-08
1270,235,132,1996-08
1271,486,132,1996-08
1272,498,132,1996-08
1273,512,132,1996-08
1274,602,132,1996-08
1275,179,131,1996-08
1276,235,131,1996-08
1277,486,131,1996-08
1278,498,131,1996-08
1279,512,131,1996-08
1280,179,138,1996-08
1281,486,138,1996-08
1282,498,138,1996-08
1283,512,138,1996-08
1284,602,138,1996-08
1285,8,452,1996-08
1286,179,452,1996-08
1287,235,452,1996-08
1288,486,452,1996-08
1289,507,452,1996-08
1290,512,452,1996-08
1291,602,452,1996-08
1292,179,134,1996-08
1293,235,134,1996-08
1294,486,134,1996-08
1295,507,134,1996-08
1296,512,134,1996-08
1297,602,134,1996-08
1298,179,133,1996-08
1299,235,133,1996-08
1300,486,133,1996-08
1301,507,133,1996-08
1302,512,133,1996-08
1303,8,453,1996-08
1304,179,453,1996-08
1305,235,453,1996-08
1306,486,453,1996-08
1307,512,453,1996-08
1308,602,453,1996-08
1309,179,135,1996-08
1310,235,135,1996-08
1311,486,135,1996-08
1312,512,135,1996-08
1313,602,135,1996-08
1314,8,458,1996-08
1315,38,458,1996-08
1316,109,458,1996-08
1317,512,458,1996-08
1318,588,458,1996-08
1319,602,458,1996-08
1320,38,159,1996-08
1321,109,159,1996-08
1322,142,159,1996-08
1323,394,159,1996-08
1324,512,159,1996-08
1325,588,159,1996-08
1326,602,159,1996-08
1327,38,163,1996-08
1328,109,163,1996-08
1329,394,163,1996-08
1330,512,163,1996-08
1331,588,163,1996-08
1332,602,163,1996-08
1333,38,164,1996-08
1334,109,164,1996-08
1335,512,164,1996-08
1336,588,164,1996-08
1337,602,164,1996-08
1338,8,424,1996-08
1339,109,424,1996-08
1340,142,424,1996-08
1341,512,424,1996-08
1342,588,424,1996-08
1343,602,424,1996-08
1344,8,428,1996-08
1345,109,428,1996-08
1346,512,428,1996-08
1347,588,428,1996-08
1348,602,428,1996-08
1349,109,38,1996-08
1350,142,38,1996-08
1351,512,38,1996-08
1352,588,38,1996-08
1353,602,38,1996-08
1354,8,467,1996-08
1355,38,467,1996-08
1356,235,467,1996-08
1357,444,467,1996-08
1358,512,467,1996-08
1359,588,467,1996-08
1360,602,467,1996-08
1361,38,170,1996-08
1362,142,170,1996-08
1363,235,170,1996-08
1364,512,170,1996-08
1365,588,170,1996-08
1366,602,170,1996-08
1367,8,460,1996-08
1368,38,460,1996-08
1369,142,460,1996-08
1370,235,460,1996-08
1371,512,460,1996-08
1372,602,460,1996-08
1373,8,469,1996-08
1374,38,469,1996-08
1375,235,469,1996-08
1376,512,469,1996-08
1377,602,469,1996-08
1378,38,171,1996-08
1379,142,171,1996-08
1380,235,171,1996-08
1381,512,171,1996-08
1382,602,171,1996-08
1383,8,442,1996-08
1384,142,442,1996-08
1385,235,442,1996-08
1386,512,442,1996-08
1387,588,442,1996-08
1388,602,442,1996-08
1389,8,456,1996-08
1390,235,456,1996-08
1391,512,456,1996-08
1392,588,456,1996-08
1393,602,456,1996-08
1394,142,106,1996-08
1395,235,106,1996-08
1396,512,106,1996-08
1397,588,106,1996-08
1398,602,106,1996-08
1399,8,461,1996-08
1400,38,461,1996-08
1401,142,461,1996-08
1402,512,461,1996-08
1403,588,461,1996-08
1404,602,461,1996-08
1405,8,470,1996-08
1406,38,470,1996-08
1407,512,470,1996-08
1408,588,470,1996-08
1409,602,470,1996-08
1410,8,462,1996-08
1411,38,462,1996-08
1412,142,462,1996-08
1413,512,462,1996-08
1414,602,462,1996-08
1415,38,172,1996-08
1416,142,172,1996-08
1417,512,172,1996-08
1418,588,172,1996-08
1419,602,172,1996-08
1420,8,444,1996-08
1421,142,444,1996-08
1422,512,444,1996-08
1423,588,444,1996-08
1424,602,444,1996-08
1425,8,439,1996-08
1426,142,439,1996-08
1427,179,439,1996-08
1428,235,439,1996-08
1429,498,439,1996-08
1430,512,439,1996-08
1431,602,439,1996-08
1432,142,98,1996-08
1433,179,98,1996-08
1434,235,98,1996-08
1435,498,98,1996-08
1436,512,98,1996-08
1437,602,98,1996-08
1438,142,97,1996-08
1439,179,97,1996-08
1440,235,97,1996-08
1441,498,97,1996-08
1442,512,97,1996-08
1443,142,104,1996-08
1444,179,104,1996-08
1445,498,104,1996-08
1446,512,104,1996-08
1447,602,104,1996-08
1448,8,440,1996-08
1449,142,440,1996-08
1450,179,440,1996-08
1451,235,440,1996-08
1452,512,440,1996-08
1453,602,440,1996-08
1454,142,99,1996-08
1455,179,99,1996-08
1456,235,99,1996-08
1457,512,99,1996-08
1458,602,99,1996-08
1459,8,454,1996-08
1460,179,454,1996-08
1461,235,454,1996-08
1462,498,454,1996-08
1463,512,454,1996-08
1464,602,454,1996-08
1465,179,136,1996-08
1466,235,136,1996-08
1467,498,136,1996-08
1468,512,136,1996-08
1469,602,136,1996-08
1470,8,455,1996-08
1471,179,455,1996-08
1472,235,455,1996-08
1473,512,455,1996-08
1474,602,455,1996-08
1475,8,443,1996-08
1476,142,443,1996-08
1477,235,443,1996-08
1478,512,443,1996-08
1479,602,443,1996-08
1480,8,463,1996-08
1481,38,463,1996-08
1482,170,463,1996-08
1483,176,463,1996-08
1484,179,463,1996-08
1485,235,463,1996-08
1486,38,173,1996-08
1487,170,173,1996-08
1488,176,173,1996-08
1489,179,173,1996-08
1490,235,173,1996-08
1491,8,459,1996-08
1492,38,459,1996-08
1493,142,459,1996-08
1494,176,459,1996-08
1495,179,459,1996-08
1496,235,459,1996-08
1497,8,464,1996-08
1498,38,464,1996-08
1499,176,464,1996-08
1500,179,464,1996-08
1501,235,464,1996-08
1502,38,166,1996-08
1503,142,166,1996-08
1504,176,166,1996-08
1505,179,166,1996-08
1506,235,166,1996-08
1507,38,165,1996-08
1508,142,165,1996-08
1509,170,165,1996-08
1510,176,165,1996-08
1511,179,165,1996-08
1512,8,429,1996-08
1513,142,429,1996-08
1514,170,429,1996-08
1515,176,429,1996-08
1516,179,429,1996-08
1517,235,429,1996-08
1518,8,445,1996-08
1519,170,445,1996-08
1520,176,445,1996-08
1521,179,445,1996-08
1522,235,445,1996-08
1523,8,432,1996-08
1524,142,432,1996-08
1525,170,432,1996-08
1526,179,432,1996-08
1527,235,432,1996-08
1528,507,432,1996-08
1529,142,82,1996-08
1530,170,82,1996-08
1531,179,82,1996-08
1532,235,82,1996-08
1533,507,82,1996-08
1534,8,431,1996-08
1535,142,431,1996-08
1536,170,431,1996-08
1537,179,431,1996-08
1538,235,431,1996-08
1539,8,436,1996-08
1540,142,436,1996-08
1541,176,436,1996-08
1542,179,436,1996-08
1543,512,436,1996-08
1544,602,436,1996-08
1545,8,450,1996-08
1546,176,450,1996-08
1547,179,450,1996-08
1548,512,450,1996-08
1549,602,450,1996-08
1550,142,91,1996-08
1551,176,91,1996-08
1552,179,91,1996-08
1553,512,91,1996-08
1554,602,91,1996-08
1555,8,441,1996-08
1556,142,441,1996-08
1557,179,441,1996-08
1558,512,441,1996-08
1559,602,441,1996-08
1560,38,179,1996-08
1561,235,179,1996-08
1562,498,179,1996-08
1563,512,179,1996-08
1564,588,179,1996-08
1565,602,179,1996-08
1566,38,180,1996-08
1567,235,180,1996-08
1568,498,180,1996-08
1569,512,180,1996-08
1570,602,180,1996-08
1571,38,183,1996-08
1572,498,183,1996-08
1573,512,183,1996-08
1574,588,183,1996-08
1575,602,183,1996-08
1576,235,149,1996-08
1577,498,149,1996-08
1578,512,149,1996-08
1579,588,149,1996-08
1580,602,149,1996-08
1581,38,181,1996-08
1582,235,181,1996-08
1583,512,181,1996-08
1584,588,181,1996-08
1585,602,181,1996-08
1586,176,124,1996-08
1587,179,124,1996-08
1588,486,124,1996-08
1589,498,124,1996-08
1590,588,124,1996-08
1591,602,124,1996-08
1592,176,125,1996-08
1593,179,125,1996-08
1594,486,125,1996-08
1595,498,125,1996-08
1596,602,125,1996-08
1597,179,139,1996-08
1598,486,139,1996-08
1599,498,139,1996-08
1600,588,139,1996-08
1601,602,139,1996-08
1602,8,457,1996-08
1603,38,457,1996-08
1604,109,457,1996-08
1605,235,457,1996-08
1606,444,457,1996-08
1607,602,457,1996-08
1608,8,468,1996-08
1609,38,468,1996-08
1610,235,468,1996-08
1611,444,468,1996-08
1612,602,468,1996-08
1613,8,466,1996-08
1614,38,466,1996-08
1615,176,466,1996-08
1616,179,466,1996-08
1617,498,466,1996-08
1618,512,466,1996-08
1619,38,178,1996-08
1620,176,178,1996-08
1621,179,178,1996-08
1622,498,178,1996-08
1623,512,178,1996-08
1624,176,120,1996-08
1625,179,120,1996-08
1626,235,120,1996-08
1627,444,120,1996-08
1628,486,120,1996-08
1629,602,120,1996-08
1630,176,122,1996-08
1631,179,122,1996-08
1632,235,122,1996-08
1633,486,122,1996-08
1634,602,122,1996-08
1635,176,127,1996-08
1636,179,127,1996-08
1637,512,127,1996-08
1638,588,127,1996-08
1639,602,127,1996-08
1640,8,433,1996-08
1641,142,433,1996-08
1642,176,433,1996-08
1643,179,433,1996-08
1644,235,433,1996-08
1645,38,182,1996-08
1646,395,182,1996-08
1647,486,182,1996-08
1648,498,182,1996-08
1649,602,182,1996-08
1650,6,416,1996-10
1651,37,416,1996-10
1652,117,416,1996-10
1653,126,416,1996-10
1654,181,416,1996-10
1655,458,416,1996-10
1656,565,416,1996-10
1657,6,418,1996-10
1658,37,418,1996-10
1659,117,418,1996-10
1660,126,418,1996-10
1661,559,418,1996-10
1662,565,418,1996-10
1663,6,421,1996-10
1664,81,421,1996-10
1665,117,421,1996-10
1666,181,421,1996-10
1667,458,421,1996-10
1668,6,417,1996-10
1669,37,417,1996-10
1670,117,417,1996-10
1671,126,417,1996-10
1672,458,417,1996-10
1673,6,420,1996-10
1674,37,420,1996-10
1675,126,420,1996-10
1676,181,420,1996-10
1677,458,420,1996-10
1678,6,413,1996-10
1679,117,413,1996-10
1680,126,413,1996-10
1681,458,413,1996-10
1682,559,413,1996-10
1683,6,415,1996-10
1684,126,415,1996-10
1685,458,415,1996-10
1686,559,415,1996-10
1687,565,415,1996-10
1688,6,414,1996-10
1689,117,414,1996-10
1690,181,414,1996-10
1691,458,414,1996-10
1692,559,414,1996-10
1693,6,419,1996-10
1694,37,419,1996-10
1695,117,419,1996-10
1696,126,419,1996-10
1697,565,419,1996-10
1698,6,412,1996-10
1699,117,412,1996-10
1700,126,412,1996-10
1701,181,412,1996-10
1702,458,412,1996-10
1703,43,200,1996-11
1704,174,200,1996-11
1705,240,200,1996-11
1706,340,200,1996-11
1707,373,200,1996-11
1708,379,200,1996-11
1709,470,200,1996-11
1710,566,200,1996-11
1711,569,200,1996-11
1712,43,253,1996-11
1713,58,253,1996-11
1714,240,253,1996-11
1715,347,253,1996-11
1716,373,253,1996-11
1717,374,253,1996-11
1718,379,253,1996-11
1719,470,253,1996-11
1720,566,253,1996-11
1721,43,195,1996-11
1722,121,195,1996-11
1723,240,195,1996-11
1724,373,195,1996-11
1725,379,195,1996-11
1726,470,195,1996-11
1727,566,195,1996-11
1728,609,195,1996-11
1729,43,229,1996-11
1730,240,229,1996-11
1731,373,229,1996-11
1732,379,229,1996-11
1733,470,229,1996-11
1734,566,229,1996-11
1735,58,399,1996-11
1736,240,399,1996-11
1737,340,399,1996-11
1738,373,399,1996-11
1739,374,399,1996-11
1740,379,399,1996-11
1741,470,399,1996-11
1742,566,399,1996-11
1743,5,307,1996-11
1744,121,307,1996-11
1745,240,307,1996-11
1746,340,307,1996-11
1747,373,307,1996-11
1748,379,307,1996-11
1749,470,307,1996-11
1750,566,307,1996-11
1751,240,150,1996-11
1752,340,150,1996-11
1753,373,150,1996-11
1754,379,150,1996-11
1755,470,150,1996-11
1756,566,150,1996-11
1757,58,387,1996-11
1758,121,387,1996-11
1759,240,387,1996-11
1760,373,387,1996-11
1761,374,387,1996-11
1762,379,387,1996-11
1763,470,387,1996-11
1764,566,387,1996-11
1765,58,404,1996-11
1766,240,404,1996-11
1767,373,404,1996-11
1768,374,404,1996-11
1769,379,404,1996-11
1770,470,404,1996-11
1771,566,404,1996-11
1772,121,50,1996-11
1773,240,50,1996-11
1774,373,50,1996-11
1775,379,50,1996-11
1776,470,50,1996-11
1777,566,50,1996-11
1778,240,151,1996-11
1779,373,151,1996-11
1780,379,151,1996-11
1781,470,151,1996-11
1782,566,151,1996-11
1783,43,245,1996-11
1784,58,245,1996-11
1785,174,245,1996-11
1786,340,245,1996-11
1787,347,245,1996-11
1788,379,245,1996-11
1789,470,245,1996-11
1790,566,245,1996-11
1791,5,316,1996-11
1792,43,316,1996-11
1793,174,316,1996-11
1794,340,316,1996-11
1795,379,316,1996-11
1796,470,316,1996-11
1797,566,316,1996-11
1798,609,316,1996-11
1799,43,220,1996-11
1800,174,220,1996-11
1801,340,220,1996-11
1802,379,220,1996-11
1803,470,220,1996-11
1804,566,220,1996-11
1805,43,268,1996-11
1806,58,268,1996-11
1807,347,268,1996-11
1808,379,268,1996-11
1809,470,268,1996-11
1810,566,268,1996-11
1811,609,268,1996-11
1812,43,267,1996-11
1813,58,267,1996-11
1814,347,267,1996-11
1815,379,267,1996-11
1816,470,267,1996-11
1817,566,267,1996-11
1818,43,235,1996-11
1819,379,235,1996-11
1820,470,235,1996-11
1821,566,235,1996-11
1822,609,235,1996-11
1823,5,327,1996-11
1824,58,327,1996-11
1825,340,327,1996-11
1826,379,327,1996-11
1827,470,327,1996-11
1828,566,327,1996-11
1829,58,409,1996-11
1830,340,409,1996-11
1831,379,409,1996-11
1832,470,409,1996-11
1833,566,409,1996-11
1834,5,311,1996-11
1835,340,311,1996-11
1836,379,311,1996-11
1837,470,311,1996-11
1838,566,311,1996-11
1839,58,408,1996-11
1840,340,408,1996-11
1841,373,408,1996-11
1842,374,408,1996-11
1843,566,408,1996-11
1844,569,408,1996-11
1845,5,309,1996-11
1846,121,309,1996-11
1847,340,309,1996-11
1848,373,309,1996-11
1849,566,309,1996-11
1850,569,309,1996-11
1851,609,309,1996-11
1852,5,325,1996-11
1853,58,325,1996-11
1854,121,325,1996-11
1855,340,325,1996-11
1856,373,325,1996-11
1857,374,325,1996-11
1858,566,325,1996-11
1859,5,308,1996-11
1860,121,308,1996-11
1861,340,308,1996-11
1862,373,308,1996-11
1863,566,308,1996-11
1864,5,328,1996-11
1865,58,328,1996-11
1866,340,328,1996-11
1867,566,328,1996-11
1868,609,328,1996-11
1869,43,260,1996-11
1870,58,260,1996-11
1871,340,260,1996-11
1872,373,260,1996-11
1873,374,260,1996-11
1874,470,260,1996-11
1875,566,260,1996-11
1876,43,196,1996-11
1877,121,196,1996-11
1878,340,196,1996-11
1879,373,196,1996-11
1880,470,196,1996-11
1881,566,196,1996-11
1882,609,196,1996-11
1883,43,231,1996-11
1884,340,231,1996-11
1885,373,231,1996-11
1886,470,231,1996-11
1887,566,231,1996-11
1888,43,236,1996-11
1889,58,236,1996-11
1890,121,236,1996-11
1891,373,236,1996-11
1892,374,236,1996-11
1893,470,236,1996-11
1894,566,236,1996-11
1895,609,236,1996-11
1896,43,269,1996-11
1897,58,269,1996-11
1898,373,269,1996-11
1899,374,269,1996-11
1900,470,269,1996-11
1901,566,269,1996-11
1902,43,197,1996-11
1903,121,197,1996-11
1904,373,197,1996-11
1905,470,197,1996-11
1906,566,197,1996-11
1907,609,197,1996-11
1908,58,388,1996-11
1909,121,388,1996-11
1910,340,388,1996-11
1911,373,388,1996-11
1912,374,388,1996-11
1913,470,388,1996-11
1914,566,388,1996-11
1915,58,406,1996-11
1916,340,406,1996-11
1917,373,406,1996-11
1918,374,406,1996-11
1919,470,406,1996-11
1920,566,406,1996-11
1921,121,51,1996-11
1922,340,51,1996-11
1923,373,51,1996-11
1924,470,51,1996-11
1925,566,51,1996-11
1926,58,392,1996-11
1927,121,392,1996-11
1928,373,392,1996-11
1929,374,392,1996-11
1930,470,392,1996-11
1931,566,392,1996-11
1932,58,411,1996-11
1933,373,411,1996-11
1934,374,411,1996-11
1935,470,411,1996-11
1936,566,411,1996-11
1937,43,265,1996-11
1938,58,265,1996-11
1939,340,265,1996-11
1940,470,265,1996-11
1941,566,265,1996-11
1942,609,265,1996-11
1943,43,264,1996-11
1944,58,264,1996-11
1945,340,264,1996-11
1946,470,264,1996-11
1947,566,264,1996-11
1948,43,234,1996-11
1949,340,234,1996-11
1950,470,234,1996-11
1951,566,234,1996-11
1952,609,234,1996-11
1953,43,270,1996-11
1954,58,270,1996-11
1955,470,270,1996-11
1956,566,270,1996-11
1957,609,270,1996-11
1958,58,390,1996-11
1959,121,390,1996-11
1960,340,390,1996-11
1961,373,390,1996-11
1962,374,390,1996-11
1963,566,390,1996-11
1964,609,390,1996-11
1965,121,52,1996-11
1966,340,52,1996-11
1967,373,52,1996-11
1968,566,52,1996-11
1969,609,52,1996-11
1970,58,394,1996-11
1971,121,394,1996-11
1972,373,394,1996-11
1973,374,394,1996-11
1974,566,394,1996-11
1975,609,394,1996-11
1976,58,389,1996-11
1977,121,389,1996-11
1978,340,389,1996-11
1979,373,389,1996-11
1980,374,389,1996-11
1981,566,389,1996-11
1982,58,407,1996-11
1983,340,407,1996-11
1984,373,407,1996-11
1985,374,407,1996-11
1986,566,407,1996-11
1987,58,393,1996-11
1988,121,393,1996-11
1989,373,393,1996-11
1990,374,393,1996-11
1991,566,393,1996-11
1992,43,210,1996-11
1993,174,210,1996-11
1994,240,210,1996-11
1995,347,210,1996-11
1996,373,210,1996-11
1997,379,210,1996-11
1998,470,210,1996-11
1999,5,314,1996-11
2000,43,314,1996-11
2001,174,314,1996-11
2002,240,314,1996-11
2003,373,314,1996-11
2004,379,314,1996-11
2005,470,314,1996-11
2006,43,212,1996-11
2007,174,212,1996-11
2008,240,212,1996-11
2009,373,212,1996-11
2010,379,212,1996-11
2011,470,212,1996-11
2012,43,224,1996-11
2013,240,224,1996-11
2014,347,224,1996-11
2015,373,224,1996-11
2016,379,224,1996-11
2017,470,224,1996-11
2018,43,228,1996-11
2019,240,228,1996-11
2020,373,228,1996-11
2021,379,228,1996-11
2022,470,228,1996-11
2023,5,310,1996-11
2024,240,310,1996-11
2025,373,310,1996-11
2026,379,310,1996-11
2027,470,310,1996-11
2028,5,317,1996-11
2029,43,317,1996-11
2030,174,317,1996-11
2031,347,317,1996-11
2032,379,317,1996-11
2033,470,317,1996-11
2034,43,222,1996-11
2035,174,222,1996-11
2036,347,222,1996-11
2037,379,222,1996-11
2038,470,222,1996-11
2039,5,318,1996-11
2040,43,318,1996-11
2041,174,318,1996-11
2042,379,318,1996-11
2043,470,318,1996-11
2044,43,199,1996-11
2045,174,199,1996-11
2046,240,199,1996-11
2047,340,199,1996-11
2048,347,199,1996-11
2049,373,199,1996-11
2050,566,199,1996-11
2051,43,202,1996-11
2052,174,202,1996-11
2053,240,202,1996-11
2054,340,202,1996-11
2055,373,202,1996-11
2056,566,202,1996-11
2057,609,202,1996-11
2058,43,201,1996-11
2059,174,201,1996-11
2060,240,201,1996-11
2061,340,201,1996-11
2062,373,201,1996-11
2063,566,201,1996-11
2064,43,227,1996-11
2065,240,227,1996-11
2066,347,227,1996-11
2067,373,227,1996-11
2068,566,227,1996-11
2069,609,227,1996-11
2070,43,226,1996-11
2071,240,226,1996-11
2072,347,226,1996-11
2073,373,226,1996-11
2074,566,226,1996-11
2075,43,230,1996-11
2076,240,230,1996-11
2077,373,230,1996-11
2078,566,230,1996-11
2079,609,230,1996-11
2080,43,217,1996-11
2081,174,217,1996-11
2082,340,217,1996-11
2083,347,217,1996-11
2084,566,217,1996-11
2085,609,217,1996-11
2086,43,221,1996-11
2087,174,221,1996-11
2088,340,221,1996-11
2089,566,221,1996-11
2090,609,221,1996-11
2091,43,232,1996-11
2092,340,232,1996-11
2093,373,232,1996-11
2094,566,232,1996-11
2095,609,232,1996-11
2096,43,209,1996-11
2097,174,209,1996-11
2098,240,209,1996-11
2099,347,209,1996-11
2100,373,209,1996-11
2101,43,237,1996-11
2102,58,237,1996-11
2103,174,237,1996-11
2104,240,237,1996-11
2105,340,237,1996-11
2106,347,237,1996-11
2107,379,237,1996-11
2108,43,255,1996-11
2109,58,255,1996-11
2110,240,255,1996-11
2111,347,255,1996-11
2112,379,255,1996-11
2113,43,244,1996-11
2114,58,244,1996-11
2115,174,244,1996-11
2116,340,244,1996-11
2117,347,244,1996-11
2118,379,244,1996-11
2119,43,211,1996-11
2120,174,211,1996-11
2121,240,211,1996-11
2122,347,211,1996-11
2123,379,211,1996-11
2124,43,198,1996-11
2125,174,198,1996-11
2126,240,198,1996-11
2127,340,198,1996-11
2128,347,198,1996-11
2129,43,250,1996-11
2130,58,250,1996-11
2131,240,250,1996-11
2132,340,250,1996-11
2133,374,250,1996-11
2134,379,250,1996-11
2135,566,250,1996-11
2136,43,223,1996-11
2137,240,223,1996-11
2138,340,223,1996-11
2139,379,223,1996-11
2140,566,223,1996-11
2141,43,256,1996-11
2142,58,256,1996-11
2143,240,256,1996-11
2144,374,256,1996-11
2145,379,256,1996-11
2146,566,256,1996-11
2147,58,400,1996-11
2148,240,400,1996-11
2149,340,400,1996-11
2150,374,400,1996-11
2151,379,400,1996-11
2152,566,400,1996-11
2153,58,405,1996-11
2154,240,405,1996-11
2155,374,405,1996-11
2156,379,405,1996-11
2157,566,405,1996-11
2158,43,263,1996-11
2159,58,263,1996-11
2160,340,263,1996-11
2161,379,263,1996-11
2162,566,263,1996-11
2163,43,262,1996-11
2164,58,262,1996-11
2165,340,262,1996-11
2166,374,262,1996-11
2167,566,262,1996-11
2168,121,49,1996-11
2169,174,49,1996-11
2170,379,49,1996-11
2171,470,49,1996-11
2172,566,49,1996-11
2173,58,391,1996-11
2174,121,391,1996-11
2175,347,391,1996-11
2176,379,391,1996-11
2177,470,391,1996-11
2178,566,391,1996-11
2179,58,395,1996-11
2180,121,395,1996-11
2181,379,395,1996-11
2182,470,395,1996-11
2183,566,395,1996-11
2184,58,397,1996-11
2185,174,397,1996-11
2186,347,397,1996-11
2187,379,397,1996-11
2188,470,397,1996-11
2189,566,397,1996-11
2190,58,410,1996-11
2191,347,410,1996-11
2192,379,410,1996-11
2193,470,410,1996-11
2194,566,410,1996-11
2195,43,241,1996-11
2196,58,241,1996-11
2197,174,241,1996-11
2198,240,241,1996-11
2199,347,241,1996-11
2200,569,241,1996-11
2201,5,315,1996-11
2202,43,315,1996-11
2203,174,315,1996-11
2204,240,315,1996-11
2205,569,315,1996-11
2206,5,321,1996-11
2207,43,321,1996-11
2208,58,321,1996-11
2209,174,321,1996-11
2210,347,321,1996-11
2211,5,313,1996-11
2212,43,313,1996-11
2213,174,313,1996-11
2214,240,313,1996-11
2215,347,313,1996-11
2216,43,240,1996-11
2217,58,240,1996-11
2218,174,240,1996-11
2219,240,240,1996-11
2220,347,240,1996-11
2221,43,239,1996-11
2222,58,239,1996-11
2223,174,239,1996-11
2224,240,239,1996-11
2225,340,239,1996-11
2226,379,239,1996-11
2227,470,239,1996-11
2228,43,205,1996-11
2229,174,205,1996-11
2230,240,205,1996-11
2231,340,205,1996-11
2232,379,205,1996-11
2233,470,205,1996-11
2234,43,257,1996-11
2235,58,257,1996-11
2236,240,257,1996-11
2237,379,257,1996-11
2238,470,257,1996-11
2239,58,401,1996-11
2240,240,401,1996-11
2241,340,401,1996-11
2242,379,401,1996-11
2243,470,401,1996-11
2244,43,248,1996-11
2245,58,248,1996-11
2246,174,248,1996-11
2247,340,248,1996-11
2248,379,248,1996-11
2249,470,248,1996-11
2250,43,219,1996-11
2251,174,219,1996-11
2252,340,219,1996-11
2253,379,219,1996-11
2254,470,219,1996-11
2255,43,213,1996-11
2256,174,213,1996-11
2257,240,213,1996-11
2258,379,213,1996-11
2259,470,213,1996-11
2260,43,238,1996-11
2261,58,238,1996-11
2262,174,238,1996-11
2263,240,238,1996-11
2264,340,238,1996-11
2265,379,238,1996-11
2266,43,204,1996-11
2267,174,204,1996-11
2268,240,204,1996-11
2269,340,204,1996-11
2270,379,204,1996-11
2271,43,247,1996-11
2272,58,247,1996-11
2273,174,247,1996-11
2274,340,247,1996-11
2275,379,247,1996-11
2276,43,251,1996-11
2277,58,251,1996-11
2278,240,251,1996-11
2279,340,251,1996-11
2280,379,251,1996-11
2281,43,243,1996-11
2282,58,243,1996-11
2283,174,243,1996-11
2284,340,243,1996-11
2285,347,243,1996-11
2286,373,243,1996-11
2287,566,243,1996-11
2288,43,266,1996-11
2289,58,266,1996-11
2290,347,266,1996-11
2291,373,266,1996-11
2292,566,266,1996-11
2293,43,246,1996-11
2294,58,246,1996-11
2295,174,246,1996-11
2296,340,246,1996-11
2297,347,246,1996-11
2298,566,246,1996-11
2299,43,261,1996-11
2300,58,261,1996-11
2301,340,261,1996-11
2302,373,261,1996-11
2303,566,261,1996-11
2304,43,215,1996-11
2305,174,215,1996-11
2306,340,215,1996-11
2307,347,215,1996-11
2308,373,215,1996-11
2309,566,215,1996-11
2310,43,218,1996-11
2311,174,218,1996-11
2312,340,218,1996-11
2313,373,218,1996-11
2314,566,218,1996-11
2315,43,216,1996-11
2316,174,216,1996-11
2317,340,216,1996-11
2318,347,216,1996-11
2319,566,216,1996-11
2320,43,242,1996-11
2321,58,242,1996-11
2322,174,242,1996-11
2323,340,242,1996-11
2324,347,242,1996-11
2325,5,312,1996-11
2326,43,312,1996-11
2327,121,312,1996-11
2328,240,312,1996-11
2329,470,312,1996-11
2330,43,194,1996-11
2331,121,194,1996-11
2332,240,194,1996-11
2333,347,194,1996-11
2334,470,194,1996-11
2335,5,319,1996-11
2336,43,319,1996-11
2337,240,319,1996-11
2338,347,319,1996-11
2339,470,319,1996-11
2340,58,396,1996-11
2341,174,396,1996-11
2342,240,396,1996-11
2343,347,396,1996-11
2344,566,396,1996-11
2345,58,386,1996-11
2346,121,386,1996-11
2347,240,386,1996-11
2348,347,386,1996-11
2349,566,386,1996-11
2350,58,383,1996-11
2351,121,383,1996-11
2352,174,383,1996-11
2353,347,383,1996-11
2354,566,383,1996-11
2355,43,207,1996-11
2356,174,207,1996-11
2357,240,207,1996-11
2358,340,207,1996-11
2359,566,207,1996-11
2360,569,207,1996-11
2361,43,206,1996-11
2362,174,206,1996-11
2363,240,206,1996-11
2364,340,206,1996-11
2365,566,206,1996-11
2366,43,203,1996-11
2367,174,203,1996-11
2368,240,203,1996-11
2369,340,203,1996-11
2370,374,203,1996-11
2371,569,203,1996-11
2372,43,208,1996-11
2373,174,208,1996-11
2374,240,208,1996-11
2375,340,208,1996-11
2376,569,208,1996-11
2377,43,254,1996-11
2378,58,254,1996-11
2379,240,254,1996-11
2380,347,254,1996-11
2381,373,254,1996-11
2382,470,254,1996-11
2383,43,225,1996-11
2384,240,225,1996-11
2385,347,225,1996-11
2386,373,225,1996-11
2387,470,225,1996-11
2388,5,320,1996-11
2389,43,320,1996-11
2390,240,320,1996-11
2391,470,320,1996-11
2392,566,320,1996-11
2393,43,258,1996-11
2394,58,258,1996-11
2395,240,258,1996-11
2396,470,258,1996-11
2397,566,258,1996-11
2398,5,326,1996-11
2399,58,326,1996-11
2400,240,326,1996-11
2401,470,326,1996-11
2402,566,326,1996-11
2403,5,324,1996-11
2404,43,324,1996-11
2405,58,324,1996-11
2406,470,324,1996-11
2407,566,324,1996-11
2408,58,403,1996-11
2409,240,403,1996-11
2410,347,403,1996-11
2411,470,403,1996-11
2412,566,403,1996-11
2413,569,403,1996-11
2414,58,402,1996-11
2415,240,402,1996-11
2416,347,402,1996-11
2417,470,402,1996-11
2418,566,402,1996-11
2419,43,259,1996-11
2420,58,259,1996-11
2421,340,259,1996-11
2422,347,259,1996-11
2423,569,259,1996-11
2424,5,322,1996-11
2425,43,322,1996-11
2426,58,322,1996-11
2427,340,322,1996-11
2428,347,322,1996-11
2429,5,323,1996-11
2430,43,323,1996-11
2431,58,323,1996-11
2432,347,323,1996-11
2433,569,323,1996-11
2434,58,398,1996-11
2435,240,398,1996-11
2436,340,398,1996-11
2437,347,398,1996-11
2438,374,398,1996-11
2439,58,385,1996-11
2440,121,385,1996-11
2441,240,385,1996-11
2442,347,385,1996-11
2443,374,385,1996-11
2444,58,384,1996-11
2445,121,384,1996-11
2446,240,384,1996-11
2447,340,384,1996-11
2448,374,384,1996-11
2449,43,233,1996-11
2450,340,233,1996-11
2451,374,233,1996-11
2452,470,233,1996-11
2453,569,233,1996-11
2454,43,252,1996-11
2455,58,252,1996-11
2456,240,252,1996-11
2457,340,252,1996-11
2458,569,252,1996-11
2459,43,214,1996-11
2460,174,214,1996-11
2461,240,214,1996-11
2462,379,214,1996-11
2463,569,214,1996-11
2464,174,119,1996-11
2465,340,119,1996-11
2466,379,119,1996-11
2467,470,119,1996-11
2468,569,119,1996-11
2469,5,329,1996-11
2470,58,329,1996-11
2471,373,329,1996-11
2472,470,329,1996-11
2473,566,329,1996-11
2474,43,249,1996-11
2475,58,249,1996-11
2476,174,249,1996-11
2477,347,249,1996-11
2478,470,249,1996-11
2479,150,107,1997-01
2480,179,107,1997-01
2481,270,107,1997-01
2482,302,107,1997-01
2483,521,107,1997-01
2484,150,108,1997-01
2485,270,108,1997-01
2486,302,108,1997-01
2487,451,108,1997-01
2488,521,108,1997-01
2489,33,157,1999-10
2490,199,157,1999-10
2491,208,157,1999-10
2492,268,157,1999-10
2493,535,157,1999-10
2494,199,146,1999-10
2495,201,146,1999-10
2496,268,146,1999-10
2497,535,146,1999-10
2498,597,146,1999-10
2499,199,145,1999-10
2500,201,145,1999-10
2501,268,145,1999-10
2502,412,145,1999-10
2503,597,145,1999-10
2504,19,141,2000-08
2505,57,141,2000-08
2506,265,141,2000-08
2507,294,141,2000-08
2508,469,141,2000-08
2509,19,140,2000-08
2510,27,140,2000-08
2511,57,140,2000-08
2512,294,140,2000-08
2513,469,140,2000-08
2514,39,185,2000-11
2515,195,185,2000-11
2516,202,185,2000-11
2517,290,185,2000-11
2518,450,185,2000-11
2519,39,186,2000-11
2520,79,186,2000-11
2521,195,186,2000-11
2522,202,186,2000-11
2523,290,186,2000-11
2524,39,187,2000-11
2525,79,187,2000-11
2526,202,187,2000-11
2527,290,187,2000-11
2528,450,187,2000-11
2529,79,422,2000-11
2530,202,422,2000-11
2531,244,422,2000-11
2532,292,422,2000-11
2533,450,422,2000-11
2534,195,144,2000-11
2535,202,144,2000-11
2536,290,144,2000-11
2537,450,144,2000-11
2538,474,144,2000-11
2539,39,184,2000-11
2540,195,184,2000-11
2541,202,184,2000-11
2542,244,184,2000-11
2543,290,184,2000-11
2544,105,11,2015-11
2545,123,11,2015-11
2546,227,11,2015-11
2547,241,11,2015-11
2548,256,11,2015-11
2549,298,11,2015-11
2550,581,11,2015-11
2551,105,14,2015-11
2552,123,14,2015-11
2553,227,14,2015-11
2554,256,14,2015-11
2555,298,14,2015-11
2556,582,14,2015-11
2557,105,13,2015-11
2558,123,13,2015-11
2559,227,13,2015-11
2560,256,13,2015-11
2561,298,13,2015-11
2562,105,7,2015-11
2563,123,7,2015-11
2564,227,7,2015-11
2565,233,7,2015-11
2566,241,7,2015-11
2567,298,7,2015-11
2568,105,6,2015-11
2569,123,6,2015-11
2570,227,6,2015-11
2571,233,6,2015-11
2572,241,6,2015-11
2573,256,6,2015-11
2574,105,10,2015-11
2575,123,10,2015-11
2576,227,10,2015-11
2577,241,10,2015-11
2578,256,10,2015-11
2579,105,5,2015-11
2580,123,5,2015-11
2581,227,5,2015-11
2582,233,5,2015-11
2583,241,5,2015-11
2584,105,9,2015-11
2585,123,9,2015-11
2586,227,9,2015-11
2587,233,9,2015-11
2588,298,9,2015-11
2589,581,9,2015-11
2590,105,8,2015-11
2591,123,8,2015-11
2592,227,8,2015-11
2593,233,8,2015-11
2594,298,8,2015-11
2595,105,23,2015-11
2596,123,23,2015-11
2597,233,23,2015-11
2598,298,23,2015-11
2599,581,23,2015-11
2600,105,22,2015-11
2601,123,22,2015-11
2602,233,22,2015-11
2603,241,22,2015-11
2604,256,22,2015-11
2605,105,19,2015-11
2606,123,19,2015-11
2607,227,19,2015-11
2608,298,19,2015-11
2609,581,19,2015-11
2610,582,19,2015-11
2611,105,26,2015-11
2612,123,26,2015-11
2613,298,26,2015-11
2614,581,26,2015-11
2615,582,26,2015-11
2616,105,16,2015-11
2617,123,16,2015-11
2618,227,16,2015-11
2619,256,16,2015-11
2620,581,16,2015-11
2621,582,16,2015-11
2622,105,17,2015-11
2623,123,17,2015-11
2624,227,17,2015-11
2625,256,17,2015-11
2626,582,17,2015-11
2627,105,21,2015-11
2628,123,21,2015-11
2629,227,21,2015-11
2630,581,21,2015-11
2631,582,21,2015-11
2632,105,25,2015-11
2633,123,25,2015-11
2634,241,25,2015-11
2635,298,25,2015-11
2636,581,25,2015-11
2637,105,12,2015-11
2638,123,12,2015-11
2639,227,12,2015-11
2640,241,12,2015-11
2641,298,12,2015-11
2642,105,27,2015-11
2643,227,27,2015-11
2644,233,27,2015-11
2645,241,27,2015-11
2646,581,27,2015-11
2647,123,58,2015-11
2648,227,58,2015-11
2649,256,58,2015-11
2650,298,58,2015-11
2651,582,58,2015-11
2652,105,28,2015-11
2653,233,28,2015-11
2654,241,28,2015-11
2655,256,28,2015-11
2656,581,28,2015-11
2657,105,30,2015-11
2658,241,30,2015-11
2659,298,30,2015-11
2660,581,30,2015-11
2661,582,30,2015-11
2662,105,18,2015-11
2663,123,18,2015-11
2664,227,18,2015-11
2665,298,18,2015-11
2666,581,18,2015-11
2667,105,20,2015-11
2668,123,20,2015-11
2669,227,20,2015-11
2670,298,20,2015-11
2671,582,20,2015-11
2672,105,29,2015-11
2673,241,29,2015-11
2674,256,29,2015-11
2675,581,29,2015-11
2676,582,29,2015-11
2677,105,24,2015-11
2678,123,24,2015-11
2679,241,24,2015-11
2680,256,24,2015-11
2681,582,24,2015-11
2682,105,15,2015-11
2683,123,15,2015-11
2684,227,15,2015-11
2685,256,15,2015-11
2686,581,15,2015-11
2687,122,55,2016-04
2688,305,55,2016-04
2689,319,55,2016-04
2690,339,55,2016-04
2691,418,55,2016-04
2692,534,55,2016-04
2693,122,57,2016-04
2694,305,57,2016-04
2695,339,57,2016-04
2696,418,57,2016-04
2697,534,57,2016-04
2698,122,53,2016-04
2699,196,53,2016-04
2700,305,53,2016-04
2701,319,53,2016-04
2702,534,53,2016-04
2703,122,54,2016-04
2704,305,54,2016-04
2705,319,54,2016-04
2706,339,54,2016-04
2707,418,54,2016-04
2708,122,56,2016-04
2709,305,56,2016-04
2710,319,56,2016-04
2711,339,56,2016-04
2712,534,56,2016-04
2713,52,330,2016-07
2714,106,330,2016-07
2715,247,330,2016-07
2716,408,330,2016-07
2717,560,330,2016-07
2718,25,153,2018-08
2719,77,153,2018-08
2720,248,153,2018-08
2721,514,153,2018-08
2722,596,153,2018-08
