,user_id,group_id,period
0,5,127,1996
1,6,127,1996
2,37,127,1996
3,58,127,1996
4,81,127,1996
5,94,127,1996
6,102,127,1996
7,117,127,1996
8,145,127,1996
9,170,127,1996
10,173,127,1996
11,176,127,1996
12,179,127,1996
13,229,127,1996
14,235,127,1996
15,240,127,1996
16,347,127,1996
17,373,127,1996
18,379,127,1996
19,385,127,1996
20,394,127,1996
21,468,127,1996
22,498,127,1996
23,524,127,1996
24,541,127,1996
25,559,127,1996
26,574,127,1996
27,584,127,1996
28,592,127,1996
29,58,195,1996
30,94,195,1996
31,102,195,1996
32,121,195,1996
33,130,195,1996
34,133,195,1996
35,145,195,1996
36,240,195,1996
37,243,195,1996
38,347,195,1996
39,385,195,1996
40,394,195,1996
41,395,195,1996
42,436,195,1996
43,455,195,1996
44,458,195,1996
45,498,195,1996
46,559,195,1996
47,566,195,1996
48,569,195,1996
49,26,37,1996
50,38,37,1996
51,40,37,1996
52,58,37,1996
53,94,37,1996
54,102,37,1996
55,109,37,1996
56,136,37,1996
57,145,37,1996
58,174,37,1996
59,240,37,1996
60,347,37,1996
61,353,37,1996
62,385,37,1996
63,394,37,1996
64,476,37,1996
65,498,37,1996
66,559,37,1996
67,604,37,1996
68,58,196,1996
69,94,196,1996
70,102,196,1996
71,145,196,1996
72,240,196,1996
73,347,196,1996
74,385,196,1996
75,394,196,1996
76,498,196,1996
77,559,196,1996
78,56,184,1996
79,94,184,1996
80,102,184,1996
81,117,184,1996
82,121,184,1996
83,126,184,1996
84,130,184,1996
85,134,184,1996
86,142,184,1996
87,145,184,1996
88,229,184,1996
89,235,184,1996
90,240,184,1996
91,347,184,1996
92,373,184,1996
93,374,184,1996
94,379,184,1996
95,411,184,1996
96,436,184,1996
97,455,184,1996
98,468,184,1996
99,470,184,1996
100,498,184,1996
101,541,184,1996
102,592,184,1996
103,609,184,1996
104,40,101,1996
105,94,101,1996
106,102,101,1996
107,107,101,1996
108,117,101,1996
109,136,101,1996
110,145,101,1996
111,229,101,1996
112,235,101,1996
113,240,101,1996
114,347,101,1996
115,353,101,1996
116,373,101,1996
117,379,101,1996
118,468,101,1996
119,476,101,1996
120,498,101,1996
121,541,101,1996
122,592,101,1996
123,94,252,1996
124,102,252,1996
125,117,252,1996
126,145,252,1996
127,229,252,1996
128,235,252,1996
129,240,252,1996
130,347,252,1996
131,373,252,1996
132,379,252,1996
133,468,252,1996
134,498,252,1996
135,541,252,1996
136,592,252,1996
137,40,103,1996
138,94,103,1996
139,102,103,1996
140,121,103,1996
141,130,103,1996
142,136,103,1996
143,145,103,1996
144,240,103,1996
145,347,103,1996
146,353,103,1996
147,404,103,1996
148,436,103,1996
149,455,103,1996
150,476,103,1996
151,486,103,1996
152,498,103,1996
153,512,103,1996
154,588,103,1996
155,602,103,1996
156,94,253,1996
157,102,253,1996
158,121,253,1996
159,130,253,1996
160,145,253,1996
161,240,253,1996
162,347,253,1996
163,436,253,1996
164,455,253,1996
165,498,253,1996
166,40,104,1996
167,94,104,1996
168,102,104,1996
169,136,104,1996
170,145,104,1996
171,240,104,1996
172,347,104,1996
173,353,104,1996
174,476,104,1996
175,498,104,1996
176,37,48,1996
177,54,48,1996
178,56,48,1996
179,117,48,1996
180,130,48,1996
181,145,48,1996
182,179,48,1996
183,235,48,1996
184,240,48,1996
185,242,48,1996
186,314,48,1996
187,374,48,1996
188,395,48,1996
189,411,48,1996
190,446,48,1996
191,455,48,1996
192,524,48,1996
193,559,48,1996
194,566,48,1996
195,592,48,1996
196,609,48,1996
197,37,47,1996
198,38,47,1996
199,40,47,1996
200,107,47,1996
201,117,47,1996
202,145,47,1996
203,174,47,1996
204,179,47,1996
205,235,47,1996
206,240,47,1996
207,284,47,1996
208,476,47,1996
209,524,47,1996
210,559,47,1996
211,592,47,1996
212,604,47,1996
213,38,56,1996
214,40,56,1996
215,130,56,1996
216,145,56,1996
217,174,56,1996
218,240,56,1996
219,386,56,1996
220,395,56,1996
221,455,56,1996
222,476,56,1996
223,559,56,1996
224,566,56,1996
225,602,56,1996
226,604,56,1996
227,40,97,1996
228,56,97,1996
229,107,97,1996
230,117,97,1996
231,130,97,1996
232,145,97,1996
233,235,97,1996
234,240,97,1996
235,374,97,1996
236,411,97,1996
237,455,97,1996
238,476,97,1996
239,592,97,1996
240,602,97,1996
241,609,97,1996
242,56,174,1996
243,117,174,1996
244,130,174,1996
245,145,174,1996
246,235,174,1996
247,240,174,1996
248,374,174,1996
249,411,174,1996
250,455,174,1996
251,592,174,1996
252,609,174,1996
253,6,224,1996
254,56,224,1996
255,81,224,1996
256,102,224,1996
257,117,224,1996
258,142,224,1996
259,145,224,1996
260,229,224,1996
261,347,224,1996
262,374,224,1996
263,395,224,1996
264,411,224,1996
265,436,224,1996
266,446,224,1996
267,455,224,1996
268,468,224,1996
269,470,224,1996
270,524,224,1996
271,541,224,1996
272,559,224,1996
273,566,224,1996
274,592,224,1996
275,6,230,1996
276,81,230,1996
277,102,230,1996
278,107,230,1996
279,109,230,1996
280,117,230,1996
281,145,230,1996
282,174,230,1996
283,229,230,1996
284,347,230,1996
285,468,230,1996
286,476,230,1996
287,507,230,1996
288,524,230,1996
289,541,230,1996
290,559,230,1996
291,592,230,1996
292,6,231,1996
293,81,231,1996
294,102,231,1996
295,117,231,1996
296,145,231,1996
297,229,231,1996
298,347,231,1996
299,468,231,1996
300,524,231,1996
301,541,231,1996
302,559,231,1996
303,592,231,1996
304,102,2,1996
305,109,2,1996
306,145,2,1996
307,174,2,1996
308,347,2,1996
309,395,2,1996
310,404,2,1996
311,436,2,1996
312,455,2,1996
313,476,2,1996
314,486,2,1996
315,559,2,1996
316,566,2,1996
317,56,159,1996
318,102,159,1996
319,107,159,1996
320,117,159,1996
321,142,159,1996
322,145,159,1996
323,229,159,1996
324,347,159,1996
325,374,159,1996
326,404,159,1996
327,411,159,1996
328,436,159,1996
329,455,159,1996
330,468,159,1996
331,470,159,1996
332,476,159,1996
333,486,159,1996
334,541,159,1996
335,592,159,1996
336,56,160,1996
337,102,160,1996
338,117,160,1996
339,142,160,1996
340,145,160,1996
341,229,160,1996
342,347,160,1996
343,374,160,1996
344,411,160,1996
345,436,160,1996
346,455,160,1996
347,468,160,1996
348,470,160,1996
349,541,160,1996
350,592,160,1996
351,102,0,1996
352,107,0,1996
353,117,0,1996
354,145,0,1996
355,229,0,1996
356,347,0,1996
357,468,0,1996
358,476,0,1996
359,541,0,1996
360,592,0,1996
361,56,163,1996
362,107,163,1996
363,117,163,1996
364,145,163,1996
365,174,163,1996
366,374,163,1996
367,395,163,1996
368,411,163,1996
369,446,163,1996
370,455,163,1996
371,476,163,1996
372,524,163,1996
373,559,163,1996
374,566,163,1996
375,592,163,1996
376,56,178,1996
377,117,178,1996
378,145,178,1996
379,374,178,1996
380,395,178,1996
381,411,178,1996
382,446,178,1996
383,455,178,1996
384,524,178,1996
385,559,178,1996
386,566,178,1996
387,592,178,1996
388,56,168,1996
389,117,168,1996
390,121,168,1996
391,130,168,1996
392,173,168,1996
393,179,168,1996
394,242,168,1996
395,347,168,1996
396,374,168,1996
397,379,168,1996
398,395,168,1996
399,447,168,1996
400,455,168,1996
401,470,168,1996
402,485,168,1996
403,524,168,1996
404,559,168,1996
405,584,168,1996
406,40,86,1996
407,107,86,1996
408,117,86,1996
409,173,86,1996
410,179,86,1996
411,347,86,1996
412,353,86,1996
413,379,86,1996
414,507,86,1996
415,524,86,1996
416,559,86,1996
417,584,86,1996
418,40,88,1996
419,121,88,1996
420,130,88,1996
421,347,88,1996
422,353,88,1996
423,386,88,1996
424,395,88,1996
425,404,88,1996
426,455,88,1996
427,486,88,1996
428,512,88,1996
429,559,88,1996
430,602,88,1996
431,40,96,1996
432,56,96,1996
433,107,96,1996
434,117,96,1996
435,121,96,1996
436,130,96,1996
437,347,96,1996
438,353,96,1996
439,374,96,1996
440,379,96,1996
441,404,96,1996
442,455,96,1996
443,470,96,1996
444,486,96,1996
445,512,96,1996
446,602,96,1996
447,40,89,1996
448,121,89,1996
449,130,89,1996
450,347,89,1996
451,353,89,1996
452,404,89,1996
453,455,89,1996
454,486,89,1996
455,512,89,1996
456,602,89,1996
457,40,98,1996
458,56,98,1996
459,107,98,1996
460,117,98,1996
461,130,98,1996
462,179,98,1996
463,242,98,1996
464,374,98,1996
465,386,98,1996
466,395,98,1996
467,429,98,1996
468,455,98,1996
469,524,98,1996
470,559,98,1996
471,602,98,1996
472,56,175,1996
473,117,175,1996
474,130,175,1996
475,179,175,1996
476,242,175,1996
477,374,175,1996
478,395,175,1996
479,455,175,1996
480,524,175,1996
481,559,175,1996
482,56,164,1996
483,107,164,1996
484,117,164,1996
485,181,164,1996
486,347,164,1996
487,374,164,1996
488,395,164,1996
489,404,164,1996
490,455,164,1996
491,470,164,1996
492,486,164,1996
493,507,164,1996
494,524,164,1996
495,559,164,1996
496,5,129,1996
497,6,129,1996
498,46,129,1996
499,94,129,1996
500,121,129,1996
501,134,129,1996
502,170,129,1996
503,179,129,1996
504,229,129,1996
505,242,129,1996
506,347,129,1996
507,373,129,1996
508,385,129,1996
509,444,129,1996
510,447,129,1996
511,455,129,1996
512,458,129,1996
513,468,129,1996
514,470,129,1996
515,524,129,1996
516,541,129,1996
517,559,129,1996
518,5,126,1996
519,6,126,1996
520,26,126,1996
521,94,126,1996
522,107,126,1996
523,170,126,1996
524,179,126,1996
525,229,126,1996
526,347,126,1996
527,373,126,1996
528,385,126,1996
529,468,126,1996
530,524,126,1996
531,541,126,1996
532,559,126,1996
533,5,137,1996
534,6,137,1996
535,94,137,1996
536,170,137,1996
537,179,137,1996
538,229,137,1996
539,347,137,1996
540,373,137,1996
541,385,137,1996
542,468,137,1996
543,524,137,1996
544,541,137,1996
545,559,137,1996
546,26,44,1996
547,94,44,1996
548,121,44,1996
549,347,44,1996
550,385,44,1996
551,455,44,1996
552,458,44,1996
553,486,44,1996
554,559,44,1996
555,588,44,1996
556,94,254,1996
557,107,254,1996
558,121,254,1996
559,134,254,1996
560,229,254,1996
561,347,254,1996
562,373,254,1996
563,455,254,1996
564,468,254,1996
565,470,254,1996
566,486,254,1996
567,541,254,1996
568,588,254,1996
569,94,262,1996
570,121,262,1996
571,134,262,1996
572,229,262,1996
573,347,262,1996
574,373,262,1996
575,455,262,1996
576,468,262,1996
577,470,262,1996
578,541,262,1996
579,6,199,1996
580,107,199,1996
581,181,199,1996
582,229,199,1996
583,321,199,1996
584,347,199,1996
585,455,199,1996
586,468,199,1996
587,470,199,1996
588,486,199,1996
589,524,199,1996
590,541,199,1996
591,559,199,1996
592,565,199,1996
593,107,3,1996
594,121,3,1996
595,179,3,1996
596,181,3,1996
597,242,3,1996
598,347,3,1996
599,447,3,1996
600,455,3,1996
601,470,3,1996
602,486,3,1996
603,524,3,1996
604,559,3,1996
605,5,132,1996
606,6,132,1996
607,54,132,1996
608,56,132,1996
609,94,132,1996
610,117,132,1996
611,173,132,1996
612,179,132,1996
613,229,132,1996
614,240,132,1996
615,242,132,1996
616,314,132,1996
617,373,132,1996
618,395,132,1996
619,436,132,1996
620,447,132,1996
621,468,132,1996
622,541,132,1996
623,559,132,1996
624,584,132,1996
625,5,128,1996
626,6,128,1996
627,38,128,1996
628,40,128,1996
629,94,128,1996
630,107,128,1996
631,109,128,1996
632,117,128,1996
633,136,128,1996
634,173,128,1996
635,174,128,1996
636,179,128,1996
637,229,128,1996
638,240,128,1996
639,284,128,1996
640,373,128,1996
641,468,128,1996
642,541,128,1996
643,559,128,1996
644,584,128,1996
645,5,136,1996
646,6,136,1996
647,94,136,1996
648,117,136,1996
649,173,136,1996
650,179,136,1996
651,229,136,1996
652,240,136,1996
653,373,136,1996
654,468,136,1996
655,541,136,1996
656,559,136,1996
657,584,136,1996
658,38,66,1996
659,40,66,1996
660,94,66,1996
661,109,66,1996
662,136,66,1996
663,174,66,1996
664,240,66,1996
665,386,66,1996
666,395,66,1996
667,436,66,1996
668,559,66,1996
669,40,100,1996
670,56,100,1996
671,94,100,1996
672,107,100,1996
673,117,100,1996
674,136,100,1996
675,229,100,1996
676,240,100,1996
677,373,100,1996
678,436,100,1996
679,468,100,1996
680,541,100,1996
681,40,105,1996
682,94,105,1996
683,107,105,1996
684,117,105,1996
685,136,105,1996
686,229,105,1996
687,240,105,1996
688,373,105,1996
689,468,105,1996
690,541,105,1996
691,38,61,1996
692,40,61,1996
693,54,61,1996
694,56,61,1996
695,107,61,1996
696,117,61,1996
697,174,61,1996
698,179,61,1996
699,240,61,1996
700,242,61,1996
701,284,61,1996
702,314,61,1996
703,386,61,1996
704,395,61,1996
705,559,61,1996
706,6,220,1996
707,56,220,1996
708,107,220,1996
709,109,220,1996
710,117,220,1996
711,174,220,1996
712,229,220,1996
713,321,220,1996
714,395,220,1996
715,436,220,1996
716,468,220,1996
717,541,220,1996
718,559,220,1996
719,40,99,1996
720,56,99,1996
721,107,99,1996
722,117,99,1996
723,173,99,1996
724,179,99,1996
725,242,99,1996
726,386,99,1996
727,395,99,1996
728,447,99,1996
729,559,99,1996
730,584,99,1996
731,5,134,1996
732,6,134,1996
733,94,134,1996
734,107,134,1996
735,179,134,1996
736,229,134,1996
737,242,134,1996
738,321,134,1996
739,373,134,1996
740,447,134,1996
741,468,134,1996
742,541,134,1996
743,559,134,1996
744,5,138,1996
745,6,138,1996
746,94,138,1996
747,179,138,1996
748,229,138,1996
749,242,138,1996
750,373,138,1996
751,447,138,1996
752,468,138,1996
753,541,138,1996
754,559,138,1996
755,5,135,1996
756,6,135,1996
757,94,135,1996
758,107,135,1996
759,179,135,1996
760,229,135,1996
761,373,135,1996
762,468,135,1996
763,541,135,1996
764,559,135,1996
765,8,244,1996
766,94,244,1996
767,121,244,1996
768,126,244,1996
769,142,244,1996
770,145,244,1996
771,170,244,1996
772,176,244,1996
773,242,244,1996
774,347,244,1996
775,373,244,1996
776,411,244,1996
777,436,244,1996
778,446,244,1996
779,447,244,1996
780,455,244,1996
781,498,244,1996
782,559,244,1996
783,566,244,1996
784,609,244,1996
785,38,68,1996
786,40,68,1996
787,94,68,1996
788,136,68,1996
789,145,68,1996
790,170,68,1996
791,176,68,1996
792,347,68,1996
793,373,68,1996
794,498,68,1996
795,559,68,1996
796,604,68,1996
797,38,67,1996
798,40,67,1996
799,94,67,1996
800,121,67,1996
801,136,67,1996
802,145,67,1996
803,347,67,1996
804,404,67,1996
805,436,67,1996
806,455,67,1996
807,498,67,1996
808,512,67,1996
809,559,67,1996
810,566,67,1996
811,588,67,1996
812,602,67,1996
813,604,67,1996
814,40,106,1996
815,94,106,1996
816,121,106,1996
817,126,106,1996
818,136,106,1996
819,142,106,1996
820,145,106,1996
821,347,106,1996
822,373,106,1996
823,404,106,1996
824,411,106,1996
825,436,106,1996
826,455,106,1996
827,498,106,1996
828,512,106,1996
829,588,106,1996
830,602,106,1996
831,609,106,1996
832,94,261,1996
833,121,261,1996
834,126,261,1996
835,142,261,1996
836,145,261,1996
837,347,261,1996
838,373,261,1996
839,411,261,1996
840,436,261,1996
841,455,261,1996
842,498,261,1996
843,609,261,1996
844,40,107,1996
845,94,107,1996
846,121,107,1996
847,136,107,1996
848,145,107,1996
849,347,107,1996
850,404,107,1996
851,436,107,1996
852,455,107,1996
853,498,107,1996
854,512,107,1996
855,588,107,1996
856,602,107,1996
857,38,58,1996
858,40,58,1996
859,145,58,1996
860,242,58,1996
861,411,58,1996
862,446,58,1996
863,455,58,1996
864,559,58,1996
865,566,58,1996
866,602,58,1996
867,604,58,1996
868,609,58,1996
869,142,34,1996
870,145,34,1996
871,347,34,1996
872,404,34,1996
873,411,34,1996
874,436,34,1996
875,446,34,1996
876,455,34,1996
877,559,34,1996
878,566,34,1996
879,40,92,1996
880,121,92,1996
881,242,92,1996
882,347,92,1996
883,404,92,1996
884,447,92,1996
885,455,92,1996
886,512,92,1996
887,559,92,1996
888,602,92,1996
889,94,263,1996
890,121,263,1996
891,170,263,1996
892,242,263,1996
893,347,263,1996
894,373,263,1996
895,447,263,1996
896,455,263,1996
897,559,263,1996
898,588,263,1996
899,5,123,1996
900,46,123,1996
901,58,123,1996
902,117,123,1996
903,121,123,1996
904,142,123,1996
905,235,123,1996
906,240,123,1996
907,242,123,1996
908,314,123,1996
909,374,123,1996
910,385,123,1996
911,411,123,1996
912,436,123,1996
913,446,123,1996
914,559,123,1996
915,566,123,1996
916,5,118,1996
917,26,118,1996
918,58,118,1996
919,109,118,1996
920,117,118,1996
921,235,118,1996
922,240,118,1996
923,284,118,1996
924,385,118,1996
925,476,118,1996
926,507,118,1996
927,559,118,1996
928,26,39,1996
929,43,39,1996
930,58,39,1996
931,109,39,1996
932,121,39,1996
933,240,39,1996
934,385,39,1996
935,436,39,1996
936,476,39,1996
937,512,39,1996
938,559,39,1996
939,566,39,1996
940,117,14,1996
941,121,14,1996
942,142,14,1996
943,235,14,1996
944,240,14,1996
945,349,14,1996
946,374,14,1996
947,411,14,1996
948,436,14,1996
949,476,14,1996
950,512,14,1996
951,117,20,1996
952,235,20,1996
953,240,20,1996
954,242,20,1996
955,284,20,1996
956,314,20,1996
957,374,20,1996
958,402,20,1996
959,411,20,1996
960,429,20,1996
961,446,20,1996
962,476,20,1996
963,559,20,1996
964,566,20,1996
965,117,21,1996
966,235,21,1996
967,240,21,1996
968,242,21,1996
969,314,21,1996
970,374,21,1996
971,411,21,1996
972,446,21,1996
973,559,21,1996
974,566,21,1996
975,109,8,1996
976,117,8,1996
977,142,8,1996
978,321,8,1996
979,374,8,1996
980,411,8,1996
981,436,8,1996
982,446,8,1996
983,476,8,1996
984,507,8,1996
985,559,8,1996
986,566,8,1996
987,5,113,1996
988,109,113,1996
989,117,113,1996
990,240,113,1996
991,242,113,1996
992,284,113,1996
993,314,113,1996
994,321,113,1996
995,436,113,1996
996,559,113,1996
997,54,149,1996
998,126,149,1996
999,133,149,1996
1000,134,149,1996
1001,170,149,1996
1002,173,149,1996
1003,176,149,1996
1004,242,149,1996
1005,243,149,1996
1006,314,149,1996
1007,374,149,1996
1008,436,149,1996
1009,446,149,1996
1010,455,149,1996
1011,468,149,1996
1012,470,149,1996
1013,541,149,1996
1014,566,149,1996
1015,38,50,1996
1016,109,50,1996
1017,136,50,1996
1018,170,50,1996
1019,173,50,1996
1020,176,50,1996
1021,353,50,1996
1022,468,50,1996
1023,541,50,1996
1024,604,50,1996
1025,38,49,1996
1026,109,49,1996
1027,133,49,1996
1028,136,49,1996
1029,243,49,1996
1030,353,49,1996
1031,436,49,1996
1032,455,49,1996
1033,486,49,1996
1034,512,49,1996
1035,566,49,1996
1036,588,49,1996
1037,604,49,1996
1038,126,26,1996
1039,134,26,1996
1040,136,26,1996
1041,353,26,1996
1042,374,26,1996
1043,436,26,1996
1044,455,26,1996
1045,468,26,1996
1046,470,26,1996
1047,486,26,1996
1048,512,26,1996
1049,541,26,1996
1050,588,26,1996
1051,109,13,1996
1052,321,13,1996
1053,374,13,1996
1054,436,13,1996
1055,446,13,1996
1056,455,13,1996
1057,468,13,1996
1058,470,13,1996
1059,486,13,1996
1060,541,13,1996
1061,565,13,1996
1062,566,13,1996
1063,134,31,1996
1064,170,31,1996
1065,242,31,1996
1066,321,31,1996
1067,455,31,1996
1068,468,31,1996
1069,470,31,1996
1070,486,31,1996
1071,541,31,1996
1072,565,31,1996
1073,588,31,1996
1074,38,71,1996
1075,54,71,1996
1076,109,71,1996
1077,136,71,1996
1078,173,71,1996
1079,242,71,1996
1080,314,71,1996
1081,321,71,1996
1082,436,71,1996
1083,468,71,1996
1084,541,71,1996
1085,38,53,1996
1086,126,53,1996
1087,136,53,1996
1088,170,53,1996
1089,176,53,1996
1090,242,53,1996
1091,436,53,1996
1092,446,53,1996
1093,455,53,1996
1094,512,53,1996
1095,566,53,1996
1096,588,53,1996
1097,604,53,1996
1098,54,154,1996
1099,56,154,1996
1100,58,154,1996
1101,117,154,1996
1102,121,154,1996
1103,133,154,1996
1104,170,154,1996
1105,235,154,1996
1106,240,154,1996
1107,242,154,1996
1108,347,154,1996
1109,436,154,1996
1110,444,154,1996
1111,446,154,1996
1112,455,154,1996
1113,470,154,1996
1114,524,154,1996
1115,559,154,1996
1116,592,154,1996
1117,609,154,1996
1118,58,192,1996
1119,109,192,1996
1120,117,192,1996
1121,136,192,1996
1122,170,192,1996
1123,235,192,1996
1124,240,192,1996
1125,347,192,1996
1126,507,192,1996
1127,524,192,1996
1128,559,192,1996
1129,592,192,1996
1130,58,193,1996
1131,109,193,1996
1132,121,193,1996
1133,133,193,1996
1134,136,193,1996
1135,240,193,1996
1136,347,193,1996
1137,404,193,1996
1138,436,193,1996
1139,455,193,1996
1140,559,193,1996
1141,588,193,1996
1142,602,193,1996
1143,56,169,1996
1144,117,169,1996
1145,121,169,1996
1146,136,169,1996
1147,235,169,1996
1148,240,169,1996
1149,347,169,1996
1150,404,169,1996
1151,436,169,1996
1152,455,169,1996
1153,470,169,1996
1154,588,169,1996
1155,592,169,1996
1156,602,169,1996
1157,609,169,1996
1158,56,170,1996
1159,117,170,1996
1160,121,170,1996
1161,235,170,1996
1162,240,170,1996
1163,347,170,1996
1164,436,170,1996
1165,455,170,1996
1166,470,170,1996
1167,592,170,1996
1168,609,170,1996
1169,54,152,1996
1170,56,152,1996
1171,117,152,1996
1172,235,152,1996
1173,240,152,1996
1174,242,152,1996
1175,446,152,1996
1176,455,152,1996
1177,524,152,1996
1178,559,152,1996
1179,592,152,1996
1180,602,152,1996
1181,609,152,1996
1182,54,153,1996
1183,56,153,1996
1184,117,153,1996
1185,235,153,1996
1186,240,153,1996
1187,242,153,1996
1188,446,153,1996
1189,455,153,1996
1190,524,153,1996
1191,559,153,1996
1192,592,153,1996
1193,609,153,1996
1194,56,166,1996
1195,109,166,1996
1196,117,166,1996
1197,347,166,1996
1198,404,166,1996
1199,436,166,1996
1200,446,166,1996
1201,455,166,1996
1202,470,166,1996
1203,507,166,1996
1204,524,166,1996
1205,559,166,1996
1206,592,166,1996
1207,56,180,1996
1208,117,180,1996
1209,347,180,1996
1210,436,180,1996
1211,446,180,1996
1212,455,180,1996
1213,470,180,1996
1214,524,180,1996
1215,559,180,1996
1216,592,180,1996
1217,56,171,1996
1218,117,171,1996
1219,121,171,1996
1220,242,171,1996
1221,347,171,1996
1222,404,171,1996
1223,455,171,1996
1224,470,171,1996
1225,507,171,1996
1226,524,171,1996
1227,559,171,1996
1228,602,171,1996
1229,121,24,1996
1230,170,24,1996
1231,242,24,1996
1232,347,24,1996
1233,444,24,1996
1234,455,24,1996
1235,470,24,1996
1236,524,24,1996
1237,559,24,1996
1238,588,24,1996
1239,121,22,1996
1240,136,22,1996
1241,170,22,1996
1242,242,22,1996
1243,347,22,1996
1244,404,22,1996
1245,436,22,1996
1246,446,22,1996
1247,455,22,1996
1248,559,22,1996
1249,588,22,1996
1250,602,22,1996
1251,609,22,1996
1252,58,191,1996
1253,109,191,1996
1254,117,191,1996
1255,121,191,1996
1256,235,191,1996
1257,240,191,1996
1258,242,191,1996
1259,436,191,1996
1260,446,191,1996
1261,507,191,1996
1262,559,191,1996
1263,54,144,1996
1264,109,144,1996
1265,133,144,1996
1266,136,144,1996
1267,170,144,1996
1268,242,144,1996
1269,436,144,1996
1270,446,144,1996
1271,455,144,1996
1272,470,144,1996
1273,588,144,1996
1274,6,223,1996
1275,56,223,1996
1276,58,223,1996
1277,117,223,1996
1278,126,223,1996
1279,130,223,1996
1280,170,223,1996
1281,242,223,1996
1282,347,223,1996
1283,373,223,1996
1284,374,223,1996
1285,394,223,1996
1286,444,223,1996
1287,468,223,1996
1288,470,223,1996
1289,498,223,1996
1290,524,223,1996
1291,559,223,1996
1292,592,223,1996
1293,609,223,1996
1294,6,208,1996
1295,26,208,1996
1296,58,208,1996
1297,117,208,1996
1298,136,208,1996
1299,170,208,1996
1300,347,208,1996
1301,373,208,1996
1302,394,208,1996
1303,468,208,1996
1304,476,208,1996
1305,498,208,1996
1306,524,208,1996
1307,559,208,1996
1308,592,208,1996
1309,6,226,1996
1310,58,226,1996
1311,117,226,1996
1312,170,226,1996
1313,347,226,1996
1314,373,226,1996
1315,394,226,1996
1316,468,226,1996
1317,498,226,1996
1318,524,226,1996
1319,559,226,1996
1320,592,226,1996
1321,26,42,1996
1322,58,42,1996
1323,130,42,1996
1324,136,42,1996
1325,347,42,1996
1326,394,42,1996
1327,476,42,1996
1328,498,42,1996
1329,512,42,1996
1330,559,42,1996
1331,602,42,1996
1332,56,172,1996
1333,117,172,1996
1334,126,172,1996
1335,130,172,1996
1336,136,172,1996
1337,347,172,1996
1338,373,172,1996
1339,374,172,1996
1340,468,172,1996
1341,470,172,1996
1342,476,172,1996
1343,498,172,1996
1344,512,172,1996
1345,592,172,1996
1346,602,172,1996
1347,609,172,1996
1348,56,173,1996
1349,117,173,1996
1350,126,173,1996
1351,130,173,1996
1352,347,173,1996
1353,373,173,1996
1354,374,173,1996
1355,468,173,1996
1356,470,173,1996
1357,498,173,1996
1358,592,173,1996
1359,609,173,1996
1360,56,177,1996
1361,117,177,1996
1362,130,177,1996
1363,242,177,1996
1364,374,177,1996
1365,476,177,1996
1366,524,177,1996
1367,559,177,1996
1368,592,177,1996
1369,602,177,1996
1370,609,177,1996
1371,6,221,1996
1372,56,221,1996
1373,117,221,1996
1374,347,221,1996
1375,374,221,1996
1376,468,221,1996
1377,470,221,1996
1378,476,221,1996
1379,524,221,1996
1380,559,221,1996
1381,592,221,1996
1382,6,222,1996
1383,56,222,1996
1384,117,222,1996
1385,347,222,1996
1386,374,222,1996
1387,468,222,1996
1388,470,222,1996
1389,524,222,1996
1390,559,222,1996
1391,592,222,1996
1392,56,176,1996
1393,117,176,1996
1394,130,176,1996
1395,242,176,1996
1396,347,176,1996
1397,374,176,1996
1398,470,176,1996
1399,512,176,1996
1400,524,176,1996
1401,559,176,1996
1402,602,176,1996
1403,6,206,1996
1404,26,206,1996
1405,170,206,1996
1406,242,206,1996
1407,347,206,1996
1408,373,206,1996
1409,444,206,1996
1410,468,206,1996
1411,470,206,1996
1412,524,206,1996
1413,559,206,1996
1414,6,204,1996
1415,170,204,1996
1416,242,204,1996
1417,347,204,1996
1418,373,204,1996
1419,444,204,1996
1420,468,204,1996
1421,470,204,1996
1422,524,204,1996
1423,559,204,1996
1424,126,27,1996
1425,136,27,1996
1426,170,27,1996
1427,242,27,1996
1428,347,27,1996
1429,373,27,1996
1430,498,27,1996
1431,512,27,1996
1432,559,27,1996
1433,602,27,1996
1434,609,27,1996
1435,56,182,1996
1436,58,182,1996
1437,117,182,1996
1438,136,182,1996
1439,170,182,1996
1440,242,182,1996
1441,340,182,1996
1442,347,182,1996
1443,444,182,1996
1444,470,182,1996
1445,524,182,1996
1446,559,182,1996
1447,592,182,1996
1448,602,182,1996
1449,609,182,1996
1450,56,183,1996
1451,58,183,1996
1452,117,183,1996
1453,170,183,1996
1454,242,183,1996
1455,347,183,1996
1456,444,183,1996
1457,470,183,1996
1458,524,183,1996
1459,559,183,1996
1460,592,183,1996
1461,609,183,1996
1462,5,122,1996
1463,46,122,1996
1464,121,122,1996
1465,130,122,1996
1466,133,122,1996
1467,145,122,1996
1468,179,122,1996
1469,229,122,1996
1470,373,122,1996
1471,411,122,1996
1472,444,122,1996
1473,446,122,1996
1474,458,122,1996
1475,485,122,1996
1476,566,122,1996
1477,574,122,1996
1478,584,122,1996
1479,5,116,1996
1480,26,116,1996
1481,109,116,1996
1482,136,116,1996
1483,145,116,1996
1484,179,116,1996
1485,229,116,1996
1486,373,116,1996
1487,574,116,1996
1488,584,116,1996
1489,604,116,1996
1490,26,38,1996
1491,43,38,1996
1492,109,38,1996
1493,121,38,1996
1494,130,38,1996
1495,133,38,1996
1496,136,38,1996
1497,145,38,1996
1498,262,38,1996
1499,386,38,1996
1500,458,38,1996
1501,566,38,1996
1502,604,38,1996
1503,6,217,1996
1504,46,217,1996
1505,94,217,1996
1506,117,217,1996
1507,170,217,1996
1508,173,217,1996
1509,240,217,1996
1510,314,217,1996
1511,385,217,1996
1512,395,217,1996
1513,411,217,1996
1514,446,217,1996
1515,447,217,1996
1516,470,217,1996
1517,498,217,1996
1518,559,217,1996
1519,566,217,1996
1520,592,217,1996
1521,6,209,1996
1522,26,209,1996
1523,94,209,1996
1524,117,209,1996
1525,170,209,1996
1526,173,209,1996
1527,174,209,1996
1528,240,209,1996
1529,353,209,1996
1530,385,209,1996
1531,476,209,1996
1532,498,209,1996
1533,559,209,1996
1534,592,209,1996
1535,6,232,1996
1536,94,232,1996
1537,117,232,1996
1538,170,232,1996
1539,173,232,1996
1540,240,232,1996
1541,385,232,1996
1542,498,232,1996
1543,559,232,1996
1544,592,232,1996
1545,26,45,1996
1546,94,45,1996
1547,174,45,1996
1548,240,45,1996
1549,353,45,1996
1550,385,45,1996
1551,386,45,1996
1552,395,45,1996
1553,476,45,1996
1554,498,45,1996
1555,559,45,1996
1556,566,45,1996
1557,588,45,1996
1558,602,45,1996
1559,94,260,1996
1560,117,260,1996
1561,240,260,1996
1562,353,260,1996
1563,411,260,1996
1564,470,260,1996
1565,476,260,1996
1566,498,260,1996
1567,588,260,1996
1568,592,260,1996
1569,602,260,1996
1570,117,18,1996
1571,174,18,1996
1572,240,18,1996
1573,314,18,1996
1574,386,18,1996
1575,395,18,1996
1576,411,18,1996
1577,446,18,1996
1578,476,18,1996
1579,559,18,1996
1580,566,18,1996
1581,592,18,1996
1582,602,18,1996
1583,6,201,1996
1584,117,201,1996
1585,174,201,1996
1586,395,201,1996
1587,411,201,1996
1588,446,201,1996
1589,470,201,1996
1590,476,201,1996
1591,559,201,1996
1592,566,201,1996
1593,592,201,1996
1594,6,207,1996
1595,26,207,1996
1596,46,207,1996
1597,94,207,1996
1598,170,207,1996
1599,385,207,1996
1600,447,207,1996
1601,470,207,1996
1602,559,207,1996
1603,588,207,1996
1604,6,233,1996
1605,94,233,1996
1606,117,233,1996
1607,173,233,1996
1608,174,233,1996
1609,240,233,1996
1610,314,233,1996
1611,386,233,1996
1612,395,233,1996
1613,447,233,1996
1614,559,233,1996
1615,94,265,1996
1616,170,265,1996
1617,411,265,1996
1618,446,265,1996
1619,447,265,1996
1620,498,265,1996
1621,559,265,1996
1622,566,265,1996
1623,588,265,1996
1624,602,265,1996
1625,26,40,1996
1626,46,40,1996
1627,117,40,1996
1628,240,40,1996
1629,314,40,1996
1630,385,40,1996
1631,411,40,1996
1632,446,40,1996
1633,476,40,1996
1634,559,40,1996
1635,566,40,1996
1636,6,205,1996
1637,26,205,1996
1638,117,205,1996
1639,170,205,1996
1640,470,205,1996
1641,476,205,1996
1642,498,205,1996
1643,559,205,1996
1644,592,205,1996
1645,602,205,1996
1646,8,241,1996
1647,56,241,1996
1648,94,241,1996
1649,117,241,1996
1650,133,241,1996
1651,134,241,1996
1652,179,241,1996
1653,229,241,1996
1654,314,241,1996
1655,385,241,1996
1656,394,241,1996
1657,436,241,1996
1658,446,241,1996
1659,455,241,1996
1660,458,241,1996
1661,559,241,1996
1662,584,241,1996
1663,94,255,1996
1664,109,255,1996
1665,117,255,1996
1666,179,255,1996
1667,229,255,1996
1668,353,255,1996
1669,385,255,1996
1670,394,255,1996
1671,559,255,1996
1672,584,255,1996
1673,604,255,1996
1674,94,256,1996
1675,109,256,1996
1676,133,256,1996
1677,262,256,1996
1678,353,256,1996
1679,385,256,1996
1680,394,256,1996
1681,404,256,1996
1682,436,256,1996
1683,455,256,1996
1684,458,256,1996
1685,512,256,1996
1686,559,256,1996
1687,604,256,1996
1688,56,188,1996
1689,94,188,1996
1690,117,188,1996
1691,134,188,1996
1692,229,188,1996
1693,353,188,1996
1694,404,188,1996
1695,436,188,1996
1696,455,188,1996
1697,512,188,1996
1698,56,165,1996
1699,109,165,1996
1700,117,165,1996
1701,181,165,1996
1702,229,165,1996
1703,404,165,1996
1704,436,165,1996
1705,446,165,1996
1706,455,165,1996
1707,559,165,1996
1708,565,165,1996
1709,56,179,1996
1710,117,179,1996
1711,179,179,1996
1712,181,179,1996
1713,353,179,1996
1714,404,179,1996
1715,455,179,1996
1716,512,179,1996
1717,559,179,1996
1718,584,179,1996
1719,94,264,1996
1720,134,264,1996
1721,179,264,1996
1722,181,264,1996
1723,229,264,1996
1724,385,264,1996
1725,455,264,1996
1726,458,264,1996
1727,559,264,1996
1728,565,264,1996
1729,56,187,1996
1730,94,187,1996
1731,109,187,1996
1732,117,187,1996
1733,179,187,1996
1734,229,187,1996
1735,314,187,1996
1736,436,187,1996
1737,559,187,1996
1738,584,187,1996
1739,109,11,1996
1740,133,11,1996
1741,134,11,1996
1742,314,11,1996
1743,353,11,1996
1744,436,11,1996
1745,446,11,1996
1746,455,11,1996
1747,512,11,1996
1748,565,11,1996
1749,604,11,1996
1750,6,229,1996
1751,8,229,1996
1752,46,229,1996
1753,130,229,1996
1754,145,229,1996
1755,179,229,1996
1756,347,229,1996
1757,374,229,1996
1758,379,229,1996
1759,444,229,1996
1760,458,229,1996
1761,468,229,1996
1762,470,229,1996
1763,498,229,1996
1764,609,229,1996
1765,6,198,1996
1766,107,198,1996
1767,136,198,1996
1768,145,198,1996
1769,179,198,1996
1770,347,198,1996
1771,379,198,1996
1772,468,198,1996
1773,498,198,1996
1774,604,198,1996
1775,107,4,1996
1776,130,4,1996
1777,136,4,1996
1778,145,4,1996
1779,347,4,1996
1780,374,4,1996
1781,379,4,1996
1782,468,4,1996
1783,470,4,1996
1784,498,4,1996
1785,512,4,1996
1786,602,4,1996
1787,609,4,1996
1788,107,5,1996
1789,130,5,1996
1790,145,5,1996
1791,179,5,1996
1792,374,5,1996
1793,429,5,1996
1794,530,5,1996
1795,602,5,1996
1796,604,5,1996
1797,609,5,1996
1798,107,6,1996
1799,130,6,1996
1800,179,6,1996
1801,347,6,1996
1802,374,6,1996
1803,379,6,1996
1804,429,6,1996
1805,470,6,1996
1806,512,6,1996
1807,602,6,1996
1808,6,213,1996
1809,46,213,1996
1810,107,213,1996
1811,179,213,1996
1812,321,213,1996
1813,347,213,1996
1814,444,213,1996
1815,458,213,1996
1816,468,213,1996
1817,470,213,1996
1818,6,203,1996
1819,130,203,1996
1820,136,203,1996
1821,340,203,1996
1822,347,203,1996
1823,374,203,1996
1824,444,203,1996
1825,468,203,1996
1826,470,203,1996
1827,498,203,1996
1828,512,203,1996
1829,602,203,1996
1830,609,203,1996
1831,130,29,1996
1832,136,29,1996
1833,347,29,1996
1834,374,29,1996
1835,468,29,1996
1836,470,29,1996
1837,498,29,1996
1838,512,29,1996
1839,602,29,1996
1840,609,29,1996
1841,54,158,1996
1842,81,158,1996
1843,94,158,1996
1844,102,158,1996
1845,117,158,1996
1846,121,158,1996
1847,133,158,1996
1848,173,158,1996
1849,314,158,1996
1850,395,158,1996
1851,411,158,1996
1852,446,158,1996
1853,447,158,1996
1854,541,158,1996
1855,592,158,1996
1856,38,81,1996
1857,81,81,1996
1858,94,81,1996
1859,102,81,1996
1860,109,81,1996
1861,117,81,1996
1862,173,81,1996
1863,476,81,1996
1864,541,81,1996
1865,592,81,1996
1866,38,69,1996
1867,43,69,1996
1868,94,69,1996
1869,102,69,1996
1870,109,69,1996
1871,121,69,1996
1872,133,69,1996
1873,386,69,1996
1874,395,69,1996
1875,476,69,1996
1876,38,73,1996
1877,54,73,1996
1878,117,73,1996
1879,314,73,1996
1880,386,73,1996
1881,395,73,1996
1882,411,73,1996
1883,446,73,1996
1884,476,73,1996
1885,530,73,1996
1886,592,73,1996
1887,81,247,1996
1888,102,247,1996
1889,109,247,1996
1890,117,247,1996
1891,181,247,1996
1892,321,247,1996
1893,395,247,1996
1894,411,247,1996
1895,446,247,1996
1896,476,247,1996
1897,541,247,1996
1898,592,247,1996
1899,38,74,1996
1900,54,74,1996
1901,94,74,1996
1902,109,74,1996
1903,117,74,1996
1904,173,74,1996
1905,314,74,1996
1906,321,74,1996
1907,386,74,1996
1908,395,74,1996
1909,447,74,1996
1910,541,74,1996
1911,94,259,1996
1912,117,259,1996
1913,173,259,1996
1914,314,259,1996
1915,386,259,1996
1916,395,259,1996
1917,411,259,1996
1918,446,259,1996
1919,447,259,1996
1920,476,259,1996
1921,592,259,1996
1922,5,124,1996
1923,54,124,1996
1924,81,124,1996
1925,102,124,1996
1926,121,124,1996
1927,133,124,1996
1928,145,124,1996
1929,170,124,1996
1930,242,124,1996
1931,273,124,1996
1932,374,124,1996
1933,394,124,1996
1934,446,124,1996
1935,455,124,1996
1936,470,124,1996
1937,559,124,1996
1938,566,124,1996
1939,609,124,1996
1940,5,119,1996
1941,26,119,1996
1942,81,119,1996
1943,102,119,1996
1944,109,119,1996
1945,145,119,1996
1946,170,119,1996
1947,394,119,1996
1948,507,119,1996
1949,559,119,1996
1950,26,36,1996
1951,102,36,1996
1952,109,36,1996
1953,121,36,1996
1954,133,36,1996
1955,145,36,1996
1956,394,36,1996
1957,455,36,1996
1958,559,36,1996
1959,566,36,1996
1960,588,36,1996
1961,81,248,1996
1962,102,248,1996
1963,109,248,1996
1964,145,248,1996
1965,374,248,1996
1966,446,248,1996
1967,455,248,1996
1968,470,248,1996
1969,507,248,1996
1970,559,248,1996
1971,565,248,1996
1972,566,248,1996
1973,5,117,1996
1974,26,117,1996
1975,121,117,1996
1976,170,117,1996
1977,242,117,1996
1978,455,117,1996
1979,470,117,1996
1980,559,117,1996
1981,565,117,1996
1982,588,117,1996
1983,121,23,1996
1984,145,23,1996
1985,170,23,1996
1986,242,23,1996
1987,446,23,1996
1988,455,23,1996
1989,559,23,1996
1990,566,23,1996
1991,588,23,1996
1992,609,23,1996
1993,5,115,1996
1994,26,115,1996
1995,109,115,1996
1996,121,115,1996
1997,242,115,1996
1998,374,115,1996
1999,446,115,1996
2000,507,115,1996
2001,559,115,1996
2002,566,115,1996
2003,54,145,1996
2004,109,145,1996
2005,133,145,1996
2006,170,145,1996
2007,242,145,1996
2008,374,145,1996
2009,446,145,1996
2010,455,145,1996
2011,470,145,1996
2012,565,145,1996
2013,566,145,1996
2014,588,145,1996
2015,54,142,1996
2016,109,142,1996
2017,121,142,1996
2018,133,142,1996
2019,170,142,1996
2020,242,142,1996
2021,446,142,1996
2022,455,142,1996
2023,470,142,1996
2024,507,142,1996
2025,559,142,1996
2026,588,142,1996
2027,609,142,1996
2028,54,146,1996
2029,121,146,1996
2030,133,146,1996
2031,170,146,1996
2032,242,146,1996
2033,446,146,1996
2034,455,146,1996
2035,470,146,1996
2036,559,146,1996
2037,609,146,1996
2038,6,215,1996
2039,46,215,1996
2040,94,215,1996
2041,102,215,1996
2042,134,215,1996
2043,142,215,1996
2044,145,215,1996
2045,179,215,1996
2046,242,215,1996
2047,395,215,1996
2048,470,215,1996
2049,569,215,1996
2050,592,215,1996
2051,609,215,1996
2052,94,249,1996
2053,102,249,1996
2054,107,249,1996
2055,134,249,1996
2056,142,249,1996
2057,145,249,1996
2058,470,249,1996
2059,486,249,1996
2060,592,249,1996
2061,609,249,1996
2062,6,197,1996
2063,102,197,1996
2064,107,197,1996
2065,109,197,1996
2066,142,197,1996
2067,145,197,1996
2068,174,197,1996
2069,321,197,1996
2070,395,197,1996
2071,470,197,1996
2072,486,197,1996
2073,565,197,1996
2074,592,197,1996
2075,6,216,1996
2076,46,216,1996
2077,94,216,1996
2078,107,216,1996
2079,134,216,1996
2080,179,216,1996
2081,242,216,1996
2082,321,216,1996
2083,470,216,1996
2084,486,216,1996
2085,565,216,1996
2086,8,239,1996
2087,54,239,1996
2088,117,239,1996
2089,126,239,1996
2090,145,239,1996
2091,179,239,1996
2092,240,239,1996
2093,379,239,1996
2094,385,239,1996
2095,394,239,1996
2096,411,239,1996
2097,436,239,1996
2098,446,239,1996
2099,447,239,1996
2100,455,239,1996
2101,609,239,1996
2102,38,54,1996
2103,40,54,1996
2104,117,54,1996
2105,145,54,1996
2106,174,54,1996
2107,179,54,1996
2108,240,54,1996
2109,379,54,1996
2110,385,54,1996
2111,394,54,1996
2112,604,54,1996
2113,38,57,1996
2114,40,57,1996
2115,145,57,1996
2116,174,57,1996
2117,240,57,1996
2118,385,57,1996
2119,394,57,1996
2120,404,57,1996
2121,436,57,1996
2122,455,57,1996
2123,602,57,1996
2124,604,57,1996
2125,40,87,1996
2126,117,87,1996
2127,126,87,1996
2128,145,87,1996
2129,240,87,1996
2130,379,87,1996
2131,404,87,1996
2132,411,87,1996
2133,436,87,1996
2134,455,87,1996
2135,602,87,1996
2136,609,87,1996
2137,38,59,1996
2138,40,59,1996
2139,54,59,1996
2140,117,59,1996
2141,145,59,1996
2142,174,59,1996
2143,179,59,1996
2144,240,59,1996
2145,411,59,1996
2146,446,59,1996
2147,455,59,1996
2148,602,59,1996
2149,604,59,1996
2150,609,59,1996
2151,38,60,1996
2152,40,60,1996
2153,54,60,1996
2154,117,60,1996
2155,174,60,1996
2156,179,60,1996
2157,240,60,1996
2158,321,60,1996
2159,436,60,1996
2160,447,60,1996
2161,8,237,1996
2162,38,237,1996
2163,40,237,1996
2164,126,237,1996
2165,145,237,1996
2166,404,237,1996
2167,411,237,1996
2168,436,237,1996
2169,446,237,1996
2170,447,237,1996
2171,455,237,1996
2172,602,237,1996
2173,604,237,1996
2174,609,237,1996
2175,8,236,1996
2176,117,236,1996
2177,179,236,1996
2178,385,236,1996
2179,394,236,1996
2180,404,236,1996
2181,436,236,1996
2182,446,236,1996
2183,455,236,1996
2184,604,236,1996
2185,54,148,1996
2186,121,148,1996
2187,170,148,1996
2188,173,148,1996
2189,240,148,1996
2190,243,148,1996
2191,314,148,1996
2192,374,148,1996
2193,385,148,1996
2194,395,148,1996
2195,436,148,1996
2196,455,148,1996
2197,470,148,1996
2198,541,148,1996
2199,559,148,1996
2200,40,93,1996
2201,136,93,1996
2202,170,93,1996
2203,173,93,1996
2204,174,93,1996
2205,240,93,1996
2206,385,93,1996
2207,507,93,1996
2208,541,93,1996
2209,559,93,1996
2210,604,93,1996
2211,40,90,1996
2212,121,90,1996
2213,136,90,1996
2214,174,90,1996
2215,240,90,1996
2216,243,90,1996
2217,385,90,1996
2218,395,90,1996
2219,436,90,1996
2220,455,90,1996
2221,559,90,1996
2222,604,90,1996
2223,40,91,1996
2224,121,91,1996
2225,136,91,1996
2226,240,91,1996
2227,349,91,1996
2228,374,91,1996
2229,436,91,1996
2230,455,91,1996
2231,470,91,1996
2232,541,91,1996
2233,40,95,1996
2234,54,95,1996
2235,174,95,1996
2236,240,95,1996
2237,314,95,1996
2238,374,95,1996
2239,395,95,1996
2240,455,95,1996
2241,559,95,1996
2242,604,95,1996
2243,174,35,1996
2244,321,35,1996
2245,374,35,1996
2246,395,35,1996
2247,436,35,1996
2248,455,35,1996
2249,470,35,1996
2250,507,35,1996
2251,541,35,1996
2252,559,35,1996
2253,35,46,1996
2254,40,46,1996
2255,121,46,1996
2256,173,46,1996
2257,374,46,1996
2258,395,46,1996
2259,455,46,1996
2260,470,46,1996
2261,507,46,1996
2262,559,46,1996
2263,40,94,1996
2264,54,94,1996
2265,136,94,1996
2266,173,94,1996
2267,174,94,1996
2268,240,94,1996
2269,314,94,1996
2270,321,94,1996
2271,395,94,1996
2272,436,94,1996
2273,541,94,1996
2274,559,94,1996
2275,121,25,1996
2276,240,25,1996
2277,314,25,1996
2278,321,25,1996
2279,349,25,1996
2280,374,25,1996
2281,385,25,1996
2282,436,25,1996
2283,507,25,1996
2284,559,25,1996
2285,54,150,1996
2286,136,150,1996
2287,170,150,1996
2288,173,150,1996
2289,243,150,1996
2290,314,150,1996
2291,321,150,1996
2292,374,150,1996
2293,436,150,1996
2294,455,150,1996
2295,470,150,1996
2296,541,150,1996
2297,604,150,1996
2298,54,151,1996
2299,170,151,1996
2300,173,151,1996
2301,243,151,1996
2302,314,151,1996
2303,374,151,1996
2304,436,151,1996
2305,455,151,1996
2306,470,151,1996
2307,541,151,1996
2308,54,147,1996
2309,121,147,1996
2310,136,147,1996
2311,170,147,1996
2312,240,147,1996
2313,436,147,1996
2314,455,147,1996
2315,470,147,1996
2316,507,147,1996
2317,559,147,1996
2318,5,140,1996
2319,8,140,1996
2320,46,140,1996
2321,102,140,1996
2322,117,140,1996
2323,176,140,1996
2324,235,140,1996
2325,242,140,1996
2326,314,140,1996
2327,446,140,1996
2328,470,140,1996
2329,559,140,1996
2330,5,120,1996
2331,38,120,1996
2332,102,120,1996
2333,109,120,1996
2334,117,120,1996
2335,176,120,1996
2336,235,120,1996
2337,284,120,1996
2338,507,120,1996
2339,559,120,1996
2340,604,120,1996
2341,38,52,1996
2342,117,52,1996
2343,235,52,1996
2344,242,52,1996
2345,284,52,1996
2346,314,52,1996
2347,386,52,1996
2348,446,52,1996
2349,559,52,1996
2350,604,52,1996
2351,5,121,1996
2352,46,121,1996
2353,109,121,1996
2354,117,121,1996
2355,235,121,1996
2356,242,121,1996
2357,284,121,1996
2358,314,121,1996
2359,446,121,1996
2360,507,121,1996
2361,559,121,1996
2362,5,133,1996
2363,6,133,1996
2364,56,133,1996
2365,102,133,1996
2366,121,133,1996
2367,173,133,1996
2368,229,133,1996
2369,273,133,1996
2370,379,133,1996
2371,411,133,1996
2372,446,133,1996
2373,455,133,1996
2374,470,133,1996
2375,524,133,1996
2376,559,133,1996
2377,584,133,1996
2378,5,125,1996
2379,6,125,1996
2380,102,125,1996
2381,109,125,1996
2382,173,125,1996
2383,229,125,1996
2384,353,125,1996
2385,379,125,1996
2386,507,125,1996
2387,524,125,1996
2388,559,125,1996
2389,584,125,1996
2390,56,162,1996
2391,102,162,1996
2392,121,162,1996
2393,229,162,1996
2394,349,162,1996
2395,353,162,1996
2396,379,162,1996
2397,411,162,1996
2398,455,162,1996
2399,470,162,1996
2400,602,162,1996
2401,6,218,1996
2402,56,218,1996
2403,102,218,1996
2404,109,218,1996
2405,229,218,1996
2406,321,218,1996
2407,411,218,1996
2408,446,218,1996
2409,455,218,1996
2410,470,218,1996
2411,507,218,1996
2412,524,218,1996
2413,559,218,1996
2414,6,219,1996
2415,56,219,1996
2416,102,219,1996
2417,229,219,1996
2418,411,219,1996
2419,446,219,1996
2420,455,219,1996
2421,470,219,1996
2422,524,219,1996
2423,559,219,1996
2424,56,181,1996
2425,121,181,1996
2426,173,181,1996
2427,353,181,1996
2428,379,181,1996
2429,455,181,1996
2430,470,181,1996
2431,507,181,1996
2432,524,181,1996
2433,559,181,1996
2434,584,181,1996
2435,602,181,1996
2436,56,167,1996
2437,109,167,1996
2438,121,167,1996
2439,446,167,1996
2440,455,167,1996
2441,470,167,1996
2442,507,167,1996
2443,524,167,1996
2444,559,167,1996
2445,602,167,1996
2446,5,109,1996
2447,102,109,1996
2448,109,109,1996
2449,121,109,1996
2450,273,109,1996
2451,446,109,1996
2452,455,109,1996
2453,470,109,1996
2454,507,109,1996
2455,559,109,1996
2456,5,131,1996
2457,6,131,1996
2458,54,131,1996
2459,126,131,1996
2460,133,131,1996
2461,142,131,1996
2462,173,131,1996
2463,347,131,1996
2464,373,131,1996
2465,395,131,1996
2466,411,131,1996
2467,455,131,1996
2468,458,131,1996
2469,541,131,1996
2470,609,131,1996
2471,126,28,1996
2472,142,28,1996
2473,347,28,1996
2474,373,28,1996
2475,411,28,1996
2476,455,28,1996
2477,512,28,1996
2478,541,28,1996
2479,588,28,1996
2480,609,28,1996
2481,6,200,1996
2482,109,200,1996
2483,142,200,1996
2484,321,200,1996
2485,347,200,1996
2486,395,200,1996
2487,411,200,1996
2488,455,200,1996
2489,507,200,1996
2490,541,200,1996
2491,5,130,1996
2492,6,130,1996
2493,54,130,1996
2494,109,130,1996
2495,173,130,1996
2496,321,130,1996
2497,373,130,1996
2498,386,130,1996
2499,395,130,1996
2500,541,130,1996
2501,54,143,1996
2502,109,143,1996
2503,126,143,1996
2504,133,143,1996
2505,173,143,1996
2506,321,143,1996
2507,455,143,1996
2508,512,143,1996
2509,541,143,1996
2510,588,143,1996
2511,5,139,1996
2512,8,139,1996
2513,117,139,1996
2514,121,139,1996
2515,173,139,1996
2516,229,139,1996
2517,314,139,1996
2518,379,139,1996
2519,411,139,1996
2520,436,139,1996
2521,446,139,1996
2522,541,139,1996
2523,559,139,1996
2524,566,139,1996
2525,584,139,1996
2526,592,139,1996
2527,5,112,1996
2528,109,112,1996
2529,117,112,1996
2530,173,112,1996
2531,229,112,1996
2532,379,112,1996
2533,476,112,1996
2534,541,112,1996
2535,559,112,1996
2536,584,112,1996
2537,592,112,1996
2538,117,15,1996
2539,121,15,1996
2540,229,15,1996
2541,379,15,1996
2542,404,15,1996
2543,411,15,1996
2544,436,15,1996
2545,476,15,1996
2546,541,15,1996
2547,592,15,1996
2548,109,10,1996
2549,117,10,1996
2550,229,10,1996
2551,321,10,1996
2552,404,10,1996
2553,411,10,1996
2554,436,10,1996
2555,446,10,1996
2556,476,10,1996
2557,541,10,1996
2558,559,10,1996
2559,565,10,1996
2560,566,10,1996
2561,592,10,1996
2562,5,111,1996
2563,109,111,1996
2564,117,111,1996
2565,173,111,1996
2566,229,111,1996
2567,314,111,1996
2568,321,111,1996
2569,436,111,1996
2570,541,111,1996
2571,559,111,1996
2572,584,111,1996
2573,5,110,1996
2574,109,110,1996
2575,117,110,1996
2576,121,110,1996
2577,314,110,1996
2578,321,110,1996
2579,411,110,1996
2580,436,110,1996
2581,446,110,1996
2582,476,110,1996
2583,559,110,1996
2584,566,110,1996
2585,8,234,1996
2586,109,234,1996
2587,117,234,1996
2588,229,234,1996
2589,314,234,1996
2590,404,234,1996
2591,436,234,1996
2592,446,234,1996
2593,559,234,1996
2594,565,234,1996
2595,584,234,1996
2596,14,32,1996
2597,109,32,1996
2598,117,32,1996
2599,121,32,1996
2600,173,32,1996
2601,314,32,1996
2602,321,32,1996
2603,411,32,1996
2604,446,32,1996
2605,476,32,1996
2606,541,32,1996
2607,592,32,1996
2608,5,114,1996
2609,109,114,1996
2610,121,114,1996
2611,173,114,1996
2612,229,114,1996
2613,321,114,1996
2614,379,114,1996
2615,411,114,1996
2616,446,114,1996
2617,559,114,1996
2618,584,114,1996
2619,8,242,1996
2620,58,242,1996
2621,94,242,1996
2622,117,242,1996
2623,130,242,1996
2624,242,242,1996
2625,395,242,1996
2626,436,242,1996
2627,446,242,1996
2628,455,242,1996
2629,468,242,1996
2630,559,242,1996
2631,38,77,1996
2632,58,77,1996
2633,94,77,1996
2634,117,77,1996
2635,136,77,1996
2636,174,77,1996
2637,468,77,1996
2638,476,77,1996
2639,559,77,1996
2640,604,77,1996
2641,38,78,1996
2642,58,78,1996
2643,94,78,1996
2644,130,78,1996
2645,136,78,1996
2646,174,78,1996
2647,262,78,1996
2648,395,78,1996
2649,436,78,1996
2650,455,78,1996
2651,476,78,1996
2652,512,78,1996
2653,559,78,1996
2654,604,78,1996
2655,38,51,1996
2656,117,51,1996
2657,130,51,1996
2658,174,51,1996
2659,242,51,1996
2660,395,51,1996
2661,446,51,1996
2662,455,51,1996
2663,476,51,1996
2664,559,51,1996
2665,604,51,1996
2666,117,17,1996
2667,174,17,1996
2668,181,17,1996
2669,395,17,1996
2670,436,17,1996
2671,446,17,1996
2672,455,17,1996
2673,468,17,1996
2674,476,17,1996
2675,559,17,1996
2676,38,85,1996
2677,94,85,1996
2678,117,85,1996
2679,136,85,1996
2680,174,85,1996
2681,242,85,1996
2682,395,85,1996
2683,436,85,1996
2684,468,85,1996
2685,559,85,1996
2686,8,238,1996
2687,38,238,1996
2688,94,238,1996
2689,136,238,1996
2690,242,238,1996
2691,436,238,1996
2692,446,238,1996
2693,455,238,1996
2694,512,238,1996
2695,559,238,1996
2696,604,238,1996
2697,8,243,1996
2698,94,243,1996
2699,117,243,1996
2700,181,243,1996
2701,262,243,1996
2702,436,243,1996
2703,446,243,1996
2704,455,243,1996
2705,512,243,1996
2706,559,243,1996
2707,604,243,1996
2708,54,156,1996
2709,58,156,1996
2710,94,156,1996
2711,314,156,1996
2712,347,156,1996
2713,379,156,1996
2714,385,156,1996
2715,395,156,1996
2716,444,156,1996
2717,446,156,1996
2718,447,156,1996
2719,455,156,1996
2720,458,156,1996
2721,559,156,1996
2722,38,76,1996
2723,58,76,1996
2724,94,76,1996
2725,109,76,1996
2726,347,76,1996
2727,385,76,1996
2728,395,76,1996
2729,455,76,1996
2730,458,76,1996
2731,476,76,1996
2732,512,76,1996
2733,559,76,1996
2734,94,257,1996
2735,109,257,1996
2736,181,257,1996
2737,314,257,1996
2738,385,257,1996
2739,446,257,1996
2740,455,257,1996
2741,458,257,1996
2742,512,257,1996
2743,559,257,1996
2744,38,75,1996
2745,54,75,1996
2746,94,75,1996
2747,109,75,1996
2748,181,75,1996
2749,314,75,1996
2750,395,75,1996
2751,446,75,1996
2752,447,75,1996
2753,476,75,1996
2754,530,75,1996
2755,38,79,1996
2756,58,79,1996
2757,94,79,1996
2758,181,79,1996
2759,395,79,1996
2760,446,79,1996
2761,455,79,1996
2762,476,79,1996
2763,512,79,1996
2764,559,79,1996
2765,8,245,1996
2766,94,245,1996
2767,170,245,1996
2768,173,245,1996
2769,229,245,1996
2770,235,245,1996
2771,243,245,1996
2772,373,245,1996
2773,395,245,1996
2774,444,245,1996
2775,446,245,1996
2776,524,245,1996
2777,38,82,1996
2778,94,82,1996
2779,109,82,1996
2780,170,82,1996
2781,173,82,1996
2782,229,82,1996
2783,235,82,1996
2784,373,82,1996
2785,476,82,1996
2786,524,82,1996
2787,14,33,1996
2788,38,33,1996
2789,94,33,1996
2790,109,33,1996
2791,173,33,1996
2792,321,33,1996
2793,386,33,1996
2794,395,33,1996
2795,446,33,1996
2796,476,33,1996
2797,530,33,1996
2798,38,83,1996
2799,94,83,1996
2800,109,83,1996
2801,349,83,1996
2802,395,83,1996
2803,444,83,1996
2804,446,83,1996
2805,476,83,1996
2806,512,83,1996
2807,530,83,1996
2808,46,108,1996
2809,54,108,1996
2810,56,108,1996
2811,58,108,1996
2812,81,108,1996
2813,373,108,1996
2814,411,108,1996
2815,444,108,1996
2816,470,108,1996
2817,609,108,1996
2818,54,157,1996
2819,81,157,1996
2820,133,157,1996
2821,176,157,1996
2822,395,157,1996
2823,468,157,1996
2824,470,157,1996
2825,559,157,1996
2826,574,157,1996
2827,584,157,1996
2828,38,80,1996
2829,81,80,1996
2830,107,80,1996
2831,174,80,1996
2832,176,80,1996
2833,468,80,1996
2834,476,80,1996
2835,559,80,1996
2836,574,80,1996
2837,584,80,1996
2838,38,62,1996
2839,40,62,1996
2840,94,62,1996
2841,102,62,1996
2842,109,62,1996
2843,117,62,1996
2844,136,62,1996
2845,174,62,1996
2846,284,62,1996
2847,353,62,1996
2848,559,62,1996
2849,592,62,1996
2850,604,62,1996
2851,38,63,1996
2852,40,63,1996
2853,94,63,1996
2854,102,63,1996
2855,109,63,1996
2856,136,63,1996
2857,174,63,1996
2858,353,63,1996
2859,436,63,1996
2860,455,63,1996
2861,559,63,1996
2862,604,63,1996
2863,38,64,1996
2864,40,64,1996
2865,94,64,1996
2866,102,64,1996
2867,109,64,1996
2868,136,64,1996
2869,174,64,1996
2870,353,64,1996
2871,559,64,1996
2872,604,64,1996
2873,40,102,1996
2874,94,102,1996
2875,102,102,1996
2876,117,102,1996
2877,136,102,1996
2878,353,102,1996
2879,411,102,1996
2880,436,102,1996
2881,455,102,1996
2882,592,102,1996
2883,38,55,1996
2884,40,55,1996
2885,117,55,1996
2886,174,55,1996
2887,284,55,1996
2888,411,55,1996
2889,429,55,1996
2890,455,55,1996
2891,559,55,1996
2892,592,55,1996
2893,604,55,1996
2894,102,1,1996
2895,109,1,1996
2896,117,1,1996
2897,174,1,1996
2898,181,1,1996
2899,411,1,1996
2900,436,1,1996
2901,455,1,1996
2902,559,1,1996
2903,592,1,1996
2904,38,65,1996
2905,40,65,1996
2906,94,65,1996
2907,109,65,1996
2908,117,65,1996
2909,136,65,1996
2910,174,65,1996
2911,284,65,1996
2912,436,65,1996
2913,559,65,1996
2914,38,84,1996
2915,94,84,1996
2916,117,84,1996
2917,136,84,1996
2918,174,84,1996
2919,181,84,1996
2920,436,84,1996
2921,455,84,1996
2922,559,84,1996
2923,604,84,1996
2924,54,155,1996
2925,58,155,1996
2926,130,155,1996
2927,229,155,1996
2928,242,155,1996
2929,347,155,1996
2930,374,155,1996
2931,385,155,1996
2932,395,155,1996
2933,447,155,1996
2934,498,155,1996
2935,58,194,1996
2936,109,194,1996
2937,130,194,1996
2938,136,194,1996
2939,347,194,1996
2940,385,194,1996
2941,395,194,1996
2942,498,194,1996
2943,512,194,1996
2944,588,194,1996
2945,602,194,1996
2946,130,30,1996
2947,181,30,1996
2948,242,30,1996
2949,347,30,1996
2950,374,30,1996
2951,395,30,1996
2952,447,30,1996
2953,507,30,1996
2954,512,30,1996
2955,602,30,1996
2956,6,214,1996
2957,46,214,1996
2958,54,214,1996
2959,81,214,1996
2960,102,214,1996
2961,117,214,1996
2962,121,214,1996
2963,126,214,1996
2964,235,214,1996
2965,470,214,1996
2966,559,214,1996
2967,609,214,1996
2968,56,186,1996
2969,94,186,1996
2970,102,186,1996
2971,117,186,1996
2972,170,186,1996
2973,179,186,1996
2974,395,186,1996
2975,436,186,1996
2976,447,186,1996
2977,455,186,1996
2978,470,186,1996
2979,559,186,1996
2980,592,186,1996
2981,94,250,1996
2982,102,250,1996
2983,117,250,1996
2984,136,250,1996
2985,170,250,1996
2986,179,250,1996
2987,284,250,1996
2988,559,250,1996
2989,592,250,1996
2990,604,250,1996
2991,56,161,1996
2992,102,161,1996
2993,117,161,1996
2994,181,161,1996
2995,395,161,1996
2996,436,161,1996
2997,455,161,1996
2998,470,161,1996
2999,559,161,1996
3000,565,161,1996
3001,592,161,1996
3002,56,189,1996
3003,94,189,1996
3004,117,189,1996
3005,136,189,1996
3006,179,189,1996
3007,284,189,1996
3008,395,189,1996
3009,436,189,1996
3010,447,189,1996
3011,559,189,1996
3012,56,190,1996
3013,94,190,1996
3014,117,190,1996
3015,179,190,1996
3016,181,190,1996
3017,436,190,1996
3018,455,190,1996
3019,559,190,1996
3020,565,190,1996
3021,604,190,1996
3022,94,251,1996
3023,102,251,1996
3024,117,251,1996
3025,136,251,1996
3026,181,251,1996
3027,284,251,1996
3028,436,251,1996
3029,455,251,1996
3030,559,251,1996
3031,592,251,1996
3032,604,251,1996
3033,54,141,1996
3034,102,141,1996
3035,126,141,1996
3036,133,141,1996
3037,142,141,1996
3038,170,141,1996
3039,229,141,1996
3040,314,141,1996
3041,394,141,1996
3042,436,141,1996
3043,444,141,1996
3044,455,141,1996
3045,609,141,1996
3046,38,70,1996
3047,54,70,1996
3048,109,70,1996
3049,126,70,1996
3050,133,70,1996
3051,170,70,1996
3052,314,70,1996
3053,436,70,1996
3054,455,70,1996
3055,588,70,1996
3056,6,228,1996
3057,8,228,1996
3058,102,228,1996
3059,133,228,1996
3060,240,228,1996
3061,273,228,1996
3062,373,228,1996
3063,385,228,1996
3064,411,228,1996
3065,436,228,1996
3066,446,228,1996
3067,38,72,1996
3068,54,72,1996
3069,109,72,1996
3070,242,72,1996
3071,314,72,1996
3072,321,72,1996
3073,446,72,1996
3074,470,72,1996
3075,565,72,1996
3076,588,72,1996
3077,117,19,1996
3078,229,19,1996
3079,240,19,1996
3080,273,19,1996
3081,411,19,1996
3082,436,19,1996
3083,446,19,1996
3084,524,19,1996
3085,541,19,1996
3086,559,19,1996
3087,109,12,1996
3088,136,12,1996
3089,174,12,1996
3090,240,12,1996
3091,386,12,1996
3092,436,12,1996
3093,486,12,1996
3094,512,12,1996
3095,559,12,1996
3096,602,12,1996
3097,117,16,1996
3098,136,16,1996
3099,229,16,1996
3100,240,16,1996
3101,411,16,1996
3102,436,16,1996
3103,486,16,1996
3104,512,16,1996
3105,541,16,1996
3106,602,16,1996
3107,109,9,1996
3108,117,9,1996
3109,174,9,1996
3110,229,9,1996
3111,411,9,1996
3112,436,9,1996
3113,446,9,1996
3114,486,9,1996
3115,524,9,1996
3116,541,9,1996
3117,559,9,1996
3118,109,7,1996
3119,117,7,1996
3120,136,7,1996
3121,174,7,1996
3122,229,7,1996
3123,240,7,1996
3124,386,7,1996
3125,436,7,1996
3126,541,7,1996
3127,559,7,1996
3128,26,43,1996
3129,58,43,1996
3130,94,43,1996
3131,121,43,1996
3132,174,43,1996
3133,262,43,1996
3134,353,43,1996
3135,455,43,1996
3136,512,43,1996
3137,588,43,1996
3138,602,43,1996
3139,94,258,1996
3140,117,258,1996
3141,121,258,1996
3142,353,258,1996
3143,455,258,1996
3144,470,258,1996
3145,512,258,1996
3146,588,258,1996
3147,592,258,1996
3148,602,258,1996
3149,26,41,1996
3150,46,41,1996
3151,94,41,1996
3152,117,41,1996
3153,174,41,1996
3154,353,41,1996
3155,470,41,1996
3156,588,41,1996
3157,592,41,1996
3158,602,41,1996
3159,8,246,1996
3160,94,246,1996
3161,173,246,1996
3162,229,246,1996
3163,273,246,1996
3164,373,246,1996
3165,379,246,1996
3166,446,246,1996
3167,559,246,1996
3168,566,246,1996
3169,8,235,1996
3170,109,235,1996
3171,173,235,1996
3172,229,235,1996
3173,321,235,1996
3174,379,235,1996
3175,404,235,1996
3176,446,235,1996
3177,559,235,1996
3178,566,235,1996
3179,6,225,1996
3180,58,225,1996
3181,102,225,1996
3182,117,225,1996
3183,121,225,1996
3184,134,225,1996
3185,235,225,1996
3186,240,225,1996
3187,446,225,1996
3188,559,225,1996
3189,6,211,1996
3190,40,211,1996
3191,58,211,1996
3192,102,211,1996
3193,117,211,1996
3194,174,211,1996
3195,235,211,1996
3196,240,211,1996
3197,559,211,1996
3198,604,211,1996
3199,99,266,1996
3200,102,266,1996
3201,117,266,1996
3202,134,266,1996
3203,136,266,1996
3204,240,266,1996
3205,353,266,1996
3206,404,266,1996
3207,436,266,1996
3208,455,266,1996
3209,602,266,1996
3210,8,240,1996
3211,54,240,1996
3212,121,240,1996
3213,170,240,1996
3214,240,240,1996
3215,314,240,1996
3216,373,240,1996
3217,374,240,1996
3218,446,240,1996
3219,559,240,1996
3220,6,202,1996
3221,117,202,1996
3222,176,202,1996
3223,243,202,1996
3224,314,202,1996
3225,385,202,1996
3226,436,202,1996
3227,485,202,1996
3228,559,202,1996
3229,592,202,1996
3230,56,185,1996
3231,94,185,1996
3232,102,185,1996
3233,117,185,1996
3234,134,185,1996
3235,136,185,1996
3236,347,185,1996
3237,411,185,1996
3238,592,185,1996
3239,602,185,1996
3240,6,212,1996
3241,40,212,1996
3242,58,212,1996
3243,136,212,1996
3244,174,212,1996
3245,229,212,1996
3246,240,212,1996
3247,347,212,1996
3248,584,212,1996
3249,592,212,1996
3250,6,210,1996
3251,38,210,1996
3252,58,210,1996
3253,102,210,1996
3254,136,210,1996
3255,240,210,1996
3256,284,210,1996
3257,385,210,1996
3258,541,210,1996
3259,559,210,1996
3260,6,227,1996
3261,58,227,1996
3262,117,227,1996
3263,176,227,1996
3264,240,227,1996
3265,273,227,1996
3266,314,227,1996
3267,447,227,1996
3268,524,227,1996
3269,559,227,1996
