,user_id,group_id,period
0,81,1272,1996
1,126,1272,1996
2,235,1272,1996
3,314,1272,1996
4,394,1272,1996
5,81,1270,1996
6,117,1270,1996
7,126,1270,1996
8,136,1270,1996
9,411,1270,1996
10,436,1270,1996
11,584,1270,1996
12,602,1270,1996
13,40,942,1996
14,81,942,1996
15,126,942,1996
16,373,942,1996
17,446,942,1996
18,485,942,1996
19,566,942,1996
20,588,942,1996
21,81,1271,1996
22,126,1271,1996
23,14,118,1996
24,58,118,1996
25,117,118,1996
26,379,118,1996
27,602,118,1996
28,604,118,1996
29,40,943,1996
30,94,943,1996
31,373,943,1996
32,541,943,1996
33,40,937,1996
34,117,937,1996
35,373,937,1996
36,602,937,1996
37,94,1333,1996
38,126,1333,1996
39,386,1333,1996
40,541,1333,1996
41,117,46,1996
42,126,46,1996
43,468,46,1996
44,584,46,1996
45,117,47,1996
46,126,47,1996
47,584,47,1996
48,6,1197,1996
49,94,1197,1996
50,117,1197,1996
51,541,1197,1996
52,126,58,1996
53,136,58,1996
54,145,58,1996
55,314,58,1996
56,394,58,1996
57,436,58,1996
58,498,58,1996
59,126,64,1996
60,191,64,1996
61,314,64,1996
62,394,64,1996
63,588,64,1996
64,126,67,1996
65,314,67,1996
66,394,67,1996
67,126,62,1996
68,136,62,1996
69,436,62,1996
70,588,62,1996
71,126,61,1996
72,136,61,1996
73,436,61,1996
74,38,880,1996
75,94,880,1996
76,235,880,1996
77,373,880,1996
78,94,1330,1996
79,121,1330,1996
80,373,1330,1996
81,559,1330,1996
82,94,1346,1996
83,455,1346,1996
84,14,112,1996
85,314,112,1996
86,191,390,1996
87,314,390,1996
88,386,390,1996
89,446,390,1996
90,126,60,1996
91,136,60,1996
92,314,60,1996
93,379,60,1996
94,6,1182,1996
95,126,1182,1996
96,126,59,1996
97,136,59,1996
98,314,59,1996
99,126,66,1996
100,314,66,1996
101,126,57,1996
102,136,57,1996
103,14,119,1996
104,81,119,1996
105,379,119,1996
106,411,119,1996
107,38,876,1996
108,81,876,1996
109,373,876,1996
110,386,876,1996
111,541,876,1996
112,588,876,1996
113,81,1277,1996
114,373,1277,1996
115,411,1277,1996
116,588,1277,1996
117,81,1281,1996
118,411,1281,1996
119,81,1278,1996
120,373,1278,1996
121,588,1278,1996
122,14,113,1996
123,373,113,1996
124,379,113,1996
125,541,113,1996
126,14,114,1996
127,379,114,1996
128,386,910,1996
129,541,910,1996
130,58,1162,1996
131,109,1162,1996
132,373,846,1996
133,386,846,1996
134,524,846,1996
135,373,849,1996
136,444,849,1996
137,38,862,1996
138,191,862,1996
139,524,862,1996
140,117,50,1996
141,136,50,1996
142,584,50,1996
143,602,50,1996
144,117,53,1996
145,602,53,1996
146,117,52,1996
147,584,52,1996
148,58,1165,1996
149,126,1165,1996
150,38,879,1996
151,94,879,1996
152,126,879,1996
153,485,879,1996
154,588,879,1996
155,126,69,1996
156,485,69,1996
157,588,69,1996
158,94,1332,1996
159,126,1332,1996
160,133,1332,1996
161,94,1331,1996
162,126,1331,1996
163,126,70,1996
164,588,70,1996
165,38,873,1996
166,588,873,1996
167,81,1276,1996
168,314,1276,1996
169,446,1276,1996
170,81,1275,1996
171,314,1275,1996
172,81,1282,1996
173,446,1282,1996
174,5,1064,1996
175,314,1064,1996
176,26,581,1996
177,38,581,1996
178,314,581,1996
179,386,581,1996
180,446,581,1996
181,566,581,1996
182,446,1003,1996
183,566,1003,1996
184,385,898,1996
185,386,898,1996
186,38,870,1996
187,559,870,1996
188,38,866,1996
189,386,866,1996
190,58,1164,1996
191,117,1164,1996
192,136,1164,1996
193,94,1344,1996
194,373,1344,1996
195,386,1344,1996
196,117,49,1996
197,136,49,1996
198,373,49,1996
199,58,1174,1996
200,94,1174,1996
201,117,1174,1996
202,121,1174,1996
203,373,1174,1996
204,58,1163,1996
205,117,1163,1996
206,117,51,1996
207,373,51,1996
208,94,1328,1996
209,117,1328,1996
210,386,1328,1996
211,94,1327,1996
212,117,1327,1996
213,94,1329,1996
214,121,1329,1996
215,373,1329,1996
216,94,1343,1996
217,373,1343,1996
218,117,48,1996
219,136,48,1996
220,58,1173,1996
221,94,1173,1996
222,373,852,1996
223,468,852,1996
224,99,1365,1996
225,353,1365,1996
226,373,1365,1996
227,559,1365,1996
228,136,93,1996
229,314,93,1996
230,604,93,1996
231,136,99,1996
232,446,99,1996
233,136,89,1996
234,181,89,1996
235,314,89,1996
236,136,92,1996
237,314,92,1996
238,181,249,1996
239,314,249,1996
240,446,249,1996
241,181,248,1996
242,314,248,1996
243,314,768,1996
244,386,768,1996
245,446,768,1996
246,314,771,1996
247,446,771,1996
248,94,1340,1996
249,314,1340,1996
250,386,1340,1996
251,588,1340,1996
252,94,1335,1996
253,133,1335,1996
254,386,1335,1996
255,314,772,1996
256,588,772,1996
257,94,1336,1996
258,133,1336,1996
259,588,1336,1996
260,94,1350,1996
261,588,1350,1996
262,94,1334,1996
263,133,1334,1996
264,94,1345,1996
265,386,1345,1996
266,99,1362,1996
267,181,1362,1996
268,373,1362,1996
269,58,1171,1996
270,536,1171,1996
271,58,1167,1996
272,373,1167,1996
273,386,1167,1996
274,373,845,1996
275,386,845,1996
276,99,1368,1996
277,373,1368,1996
278,99,1360,1996
279,136,1360,1996
280,588,1360,1996
281,136,102,1996
282,588,102,1996
283,102,10,1996
284,386,10,1996
285,386,911,1996
286,559,911,1996
287,99,1367,1996
288,353,1367,1996
289,559,1367,1996
290,136,95,1996
291,353,95,1996
292,386,95,1996
293,136,97,1996
294,386,97,1996
295,99,1369,1996
296,386,1369,1996
297,14,116,1996
298,386,116,1996
299,565,116,1996
300,14,117,1996
301,386,117,1996
302,588,117,1996
303,14,115,1996
304,386,115,1996
305,536,1100,1996
306,588,1100,1996
307,181,256,1996
308,386,256,1996
309,536,256,1996
310,436,995,1996
311,584,995,1996
312,6,1196,1996
313,584,1196,1996
314,99,1370,1996
315,436,1370,1996
316,314,767,1996
317,386,767,1996
318,394,767,1996
319,314,769,1996
320,394,769,1996
321,133,83,1996
322,314,83,1996
323,386,83,1996
324,81,1274,1996
325,235,1274,1996
326,181,247,1996
327,235,247,1996
328,81,1273,1996
329,181,1273,1996
330,386,908,1996
331,524,908,1996
332,588,908,1996
333,386,907,1996
334,524,907,1996
335,284,648,1996
336,386,648,1996
337,588,648,1996
338,386,913,1996
339,588,913,1996
340,386,912,1996
341,566,912,1996
342,181,255,1996
343,386,255,1996
344,386,906,1996
345,501,906,1996
346,38,861,1996
347,181,861,1996
348,373,861,1996
349,38,864,1996
350,373,864,1996
351,541,864,1996
352,373,855,1996
353,541,855,1996
354,38,863,1996
355,373,863,1996
356,38,860,1996
357,136,860,1996
358,40,940,1996
359,373,940,1996
360,446,940,1996
361,524,940,1996
362,40,939,1996
363,373,939,1996
364,446,939,1996
365,373,853,1996
366,524,853,1996
367,284,649,1996
368,524,649,1996
369,5,1065,1996
370,446,1065,1996
371,38,865,1996
372,385,865,1996
373,446,865,1996
374,349,810,1996
375,468,810,1996
376,133,85,1996
377,386,85,1996
378,468,85,1996
379,133,84,1996
380,386,84,1996
381,126,65,1996
382,235,65,1996
383,394,65,1996
384,126,68,1996
385,394,68,1996
386,126,63,1996
387,170,63,1996
388,99,1361,1996
389,174,1361,1996
390,99,1366,1996
391,353,1366,1996
392,429,1366,1996
393,99,1364,1996
394,353,1364,1996
395,468,1027,1996
396,566,1027,1996
397,602,1027,1996
398,121,54,1996
399,602,54,1996
400,58,1168,1996
401,373,1168,1996
402,559,1168,1996
403,373,851,1996
404,455,851,1996
405,559,851,1996
406,58,1166,1996
407,373,1166,1996
408,373,848,1996
409,436,848,1996
410,6,1190,1996
411,373,1190,1996
412,559,1190,1996
413,181,253,1996
414,373,253,1996
415,559,253,1996
416,6,1193,1996
417,436,1193,1996
418,373,856,1996
419,559,856,1996
420,58,1169,1996
421,411,1169,1996
422,512,1169,1996
423,602,1169,1996
424,411,955,1996
425,602,955,1996
426,58,1172,1996
427,602,1172,1996
428,38,868,1996
429,411,868,1996
430,38,872,1996
431,58,872,1996
432,81,1280,1996
433,394,1280,1996
434,588,1280,1996
435,81,1279,1996
436,394,1279,1996
437,394,927,1996
438,588,927,1996
439,81,1284,1996
440,588,1284,1996
441,6,1189,1996
442,373,1189,1996
443,379,1189,1996
444,6,1185,1996
445,181,1185,1996
446,379,1185,1996
447,6,1191,1996
448,379,1191,1996
449,6,1184,1996
450,181,1184,1996
451,373,1184,1996
452,6,1188,1996
453,373,1188,1996
454,94,1338,1996
455,191,1338,1996
456,94,1349,1996
457,584,1349,1996
458,94,1342,1996
459,353,1342,1996
460,191,395,1996
461,584,395,1996
462,191,391,1996
463,353,391,1996
464,353,820,1996
465,584,820,1996
466,136,91,1996
467,191,91,1996
468,191,392,1996
469,373,392,1996
470,284,647,1996
471,373,647,1996
472,314,765,1996
473,379,765,1996
474,379,858,1996
475,386,858,1996
476,314,766,1996
477,386,766,1996
478,136,90,1996
479,181,90,1996
480,373,90,1996
481,373,847,1996
482,395,847,1996
483,38,867,1996
484,40,867,1996
485,446,867,1996
486,40,941,1996
487,446,941,1996
488,38,869,1996
489,446,869,1996
490,314,770,1996
491,411,770,1996
492,6,1194,1996
493,486,1194,1996
494,6,1187,1996
495,314,1187,1996
496,411,954,1996
497,566,954,1996
498,181,251,1996
499,353,251,1996
500,373,251,1996
501,170,224,1996
502,181,224,1996
503,181,250,1996
504,353,250,1996
505,94,1337,1996
506,181,1337,1996
507,94,1347,1996
508,536,1347,1996
509,5,1063,1996
510,181,1063,1996
511,181,260,1996
512,536,260,1996
513,541,1101,1996
514,559,1101,1996
515,353,818,1996
516,436,818,1996
517,386,904,1996
518,485,904,1996
519,109,18,1996
520,386,18,1996
521,385,901,1996
522,559,901,1996
523,181,258,1996
524,436,258,1996
525,559,258,1996
526,181,261,1996
527,559,261,1996
528,181,259,1996
529,446,259,1996
530,181,264,1996
531,592,264,1996
532,373,850,1996
533,446,850,1996
534,181,252,1996
535,373,252,1996
536,94,1341,1996
537,314,1341,1996
538,541,1341,1996
539,94,1348,1996
540,541,1348,1996
541,94,1339,1996
542,314,1339,1996
543,191,389,1996
544,314,389,1996
545,191,394,1996
546,468,394,1996
547,436,994,1996
548,559,994,1996
549,235,567,1996
550,566,567,1996
551,385,902,1996
552,566,902,1996
553,353,817,1996
554,411,817,1996
555,353,819,1996
556,559,819,1996
557,446,1004,1996
558,602,1004,1996
559,191,393,1996
560,386,393,1996
561,386,909,1996
562,536,909,1996
563,99,1363,1996
564,191,1363,1996
565,6,1198,1996
566,99,1198,1996
567,6,1186,1996
568,191,1186,1996
569,102,8,1996
570,109,8,1996
571,102,9,1996
572,136,9,1996
573,136,100,1996
574,524,100,1996
575,38,877,1996
576,81,877,1996
577,566,877,1996
578,81,1283,1996
579,566,1283,1996
580,38,875,1996
581,81,875,1996
582,38,871,1996
583,566,871,1996
584,235,566,1996
585,314,566,1996
586,602,566,1996
587,235,565,1996
588,314,565,1996
589,181,257,1996
590,411,257,1996
591,385,899,1996
592,411,899,1996
593,181,254,1996
594,385,254,1996
595,109,17,1996
596,136,17,1996
597,373,854,1996
598,536,854,1996
599,541,1102,1996
600,602,1102,1996
601,385,900,1996
602,541,900,1996
603,566,1109,1996
604,602,1109,1996
605,181,262,1996
606,566,262,1996
607,136,94,1996
608,353,94,1996
609,136,96,1996
610,373,96,1996
611,353,816,1996
612,373,816,1996
613,94,1351,1996
614,602,1351,1996
615,38,878,1996
616,94,878,1996
617,38,874,1996
618,602,874,1996
619,136,103,1996
620,602,103,1996
621,314,764,1996
622,373,764,1996
623,6,1192,1996
624,411,1192,1996
625,385,903,1996
626,602,903,1996
627,386,905,1996
628,486,905,1996
629,40,936,1996
630,109,936,1996
631,181,263,1996
632,588,263,1996
633,136,101,1996
634,559,101,1996
635,40,938,1996
636,373,938,1996
637,58,1170,1996
638,436,1170,1996
639,181,246,1996
640,191,246,1996
641,136,98,1996
642,411,98,1996
643,373,844,1996
644,379,844,1996
645,136,88,1996
646,181,88,1996
647,6,1195,1996
648,541,1195,1996
649,314,763,1996
650,353,763,1996
651,130,71,1996
652,394,71,1996
653,6,1183,1996
654,181,1183,1996
655,38,859,1996
656,117,859,1996
657,524,1094,1996
658,566,1094,1996
659,84,1291,1997
660,270,1291,1997
661,437,1291,1997
662,270,601,1997
663,437,601,1997
664,297,697,1998
665,481,697,1998
666,263,583,1999
667,266,583,1999
668,263,585,1999
669,597,585,1999
670,4,933,1999
671,263,933,1999
672,266,593,1999
673,412,593,1999
674,199,404,1999
675,201,404,1999
676,4,932,1999
677,199,932,1999
678,266,592,1999
679,268,592,1999
680,199,408,1999
681,597,408,1999
682,266,594,1999
683,597,594,1999
684,236,568,1999
685,597,568,1999
686,199,405,1999
687,268,405,1999
688,263,584,1999
689,535,584,1999
690,199,407,1999
691,577,407,1999
692,208,430,1999
693,263,430,1999
694,554,1106,1999
695,577,1106,1999
696,115,36,2000
697,160,36,2000
698,469,36,2000
699,19,357,2000
700,57,357,2000
701,160,357,2000
702,217,357,2000
703,414,357,2000
704,115,35,2000
705,160,35,2000
706,244,35,2000
707,57,1113,2000
708,115,1113,2000
709,294,1113,2000
710,160,179,2000
711,244,179,2000
712,288,179,2000
713,19,370,2000
714,57,370,2000
715,217,370,2000
716,469,370,2000
717,160,175,2000
718,217,175,2000
719,414,175,2000
720,469,175,2000
721,19,366,2000
722,57,366,2000
723,217,366,2000
724,294,366,2000
725,414,366,2000
726,19,360,2000
727,57,360,2000
728,160,360,2000
729,294,360,2000
730,57,1120,2000
731,160,1120,2000
732,265,1120,2000
733,288,1120,2000
734,57,1121,2000
735,160,1121,2000
736,265,1121,2000
737,294,1121,2000
738,57,1154,2000
739,414,1154,2000
740,546,1154,2000
741,19,362,2000
742,57,362,2000
743,160,362,2000
744,368,362,2000
745,414,362,2000
746,160,163,2000
747,216,163,2000
748,469,163,2000
749,19,363,2000
750,57,363,2000
751,160,363,2000
752,414,363,2000
753,19,373,2000
754,57,373,2000
755,294,373,2000
756,414,373,2000
757,19,368,2000
758,57,368,2000
759,217,368,2000
760,368,368,2000
761,414,368,2000
762,57,1137,2000
763,217,1137,2000
764,603,1137,2000
765,19,378,2000
766,57,378,2000
767,368,378,2000
768,474,378,2000
769,57,1143,2000
770,294,1143,2000
771,368,1143,2000
772,474,1143,2000
773,57,1150,2000
774,368,1150,2000
775,474,1150,2000
776,19,382,2000
777,57,382,2000
778,474,382,2000
779,57,1157,2000
780,474,1157,2000
781,19,372,2000
782,57,372,2000
783,294,372,2000
784,368,372,2000
785,19,356,2000
786,57,356,2000
787,160,356,2000
788,217,356,2000
789,368,356,2000
790,19,361,2000
791,57,361,2000
792,160,361,2000
793,368,361,2000
794,19,367,2000
795,57,367,2000
796,217,367,2000
797,368,367,2000
798,57,1117,2000
799,160,1117,2000
800,217,1117,2000
801,368,1117,2000
802,19,305,2000
803,199,305,2000
804,368,305,2000
805,469,305,2000
806,19,376,2000
807,57,376,2000
808,368,376,2000
809,414,376,2000
810,469,376,2000
811,19,380,2000
812,57,380,2000
813,414,380,2000
814,469,380,2000
815,19,377,2000
816,57,377,2000
817,368,377,2000
818,469,377,2000
819,19,333,2000
820,368,333,2000
821,414,333,2000
822,469,333,2000
823,19,338,2000
824,414,338,2000
825,469,338,2000
826,197,399,2000
827,217,399,2000
828,414,399,2000
829,156,148,2000
830,294,148,2000
831,603,148,2000
832,19,316,2000
833,244,316,2000
834,57,1124,2000
835,160,1124,2000
836,294,1124,2000
837,368,1124,2000
838,603,1124,2000
839,57,1144,2000
840,294,1144,2000
841,368,1144,2000
842,603,1144,2000
843,160,167,2000
844,217,167,2000
845,288,167,2000
846,368,167,2000
847,469,167,2000
848,160,186,2000
849,288,186,2000
850,368,186,2000
851,469,186,2000
852,160,160,2000
853,202,160,2000
854,288,160,2000
855,469,160,2000
856,160,169,2000
857,217,169,2000
858,288,169,2000
859,469,169,2000
860,160,176,2000
861,217,176,2000
862,469,176,2000
863,294,692,2000
864,414,692,2000
865,469,692,2000
866,288,671,2000
867,414,671,2000
868,469,671,2000
869,288,674,2000
870,469,674,2000
871,603,674,2000
872,368,835,2000
873,414,835,2000
874,546,835,2000
875,160,185,2000
876,288,185,2000
877,368,185,2000
878,414,185,2000
879,414,965,2000
880,546,965,2000
881,160,159,2000
882,202,159,2000
883,288,159,2000
884,368,159,2000
885,160,158,2000
886,202,158,2000
887,288,158,2000
888,160,168,2000
889,217,168,2000
890,288,168,2000
891,368,168,2000
892,546,168,2000
893,160,166,2000
894,217,166,2000
895,288,166,2000
896,368,166,2000
897,160,187,2000
898,288,187,2000
899,368,187,2000
900,546,187,2000
901,368,840,2000
902,546,840,2000
903,160,204,2000
904,465,204,2000
905,19,293,2000
906,160,293,2000
907,288,293,2000
908,294,293,2000
909,160,188,2000
910,288,188,2000
911,469,188,2000
912,288,662,2000
913,294,662,2000
914,469,662,2000
915,474,1040,2000
916,546,1040,2000
917,265,588,2000
918,288,588,2000
919,19,353,2000
920,57,353,2000
921,115,353,2000
922,160,353,2000
923,115,34,2000
924,160,34,2000
925,57,1112,2000
926,115,1112,2000
927,19,358,2000
928,57,358,2000
929,160,358,2000
930,265,358,2000
931,57,1119,2000
932,160,1119,2000
933,265,1119,2000
934,19,388,2000
935,96,388,2000
936,217,388,2000
937,19,297,2000
938,160,297,2000
939,368,297,2000
940,414,297,2000
941,27,600,2000
942,57,600,2000
943,414,600,2000
944,57,1148,2000
945,368,1148,2000
946,414,1148,2000
947,469,1148,2000
948,57,1153,2000
949,414,1153,2000
950,469,1153,2000
951,368,834,2000
952,414,834,2000
953,469,834,2000
954,27,599,2000
955,469,599,2000
956,19,299,2000
957,160,299,2000
958,453,299,2000
959,217,457,2000
960,414,457,2000
961,469,457,2000
962,202,427,2000
963,217,427,2000
964,469,427,2000
965,19,369,2000
966,57,369,2000
967,217,369,2000
968,414,369,2000
969,57,1136,2000
970,217,1136,2000
971,414,1136,2000
972,160,182,2000
973,265,182,2000
974,368,182,2000
975,57,1126,2000
976,160,1126,2000
977,368,1126,2000
978,414,1126,2000
979,57,1128,2000
980,160,1128,2000
981,414,1128,2000
982,45,1018,2000
983,368,1018,2000
984,19,291,2000
985,160,291,2000
986,265,291,2000
987,160,180,2000
988,244,180,2000
989,368,180,2000
990,57,1118,2000
991,160,1118,2000
992,244,1118,2000
993,19,308,2000
994,217,308,2000
995,292,308,2000
996,57,1142,2000
997,294,1142,2000
998,368,1142,2000
999,57,1149,2000
1000,368,1149,2000
1001,469,1149,2000
1002,45,1021,2000
1003,57,1021,2000
1004,294,1021,2000
1005,160,197,2000
1006,368,197,2000
1007,469,197,2000
1008,19,344,2000
1009,45,344,2000
1010,217,344,2000
1011,294,344,2000
1012,57,1158,2000
1013,571,1158,2000
1014,96,1353,2000
1015,160,1353,2000
1016,217,1353,2000
1017,96,1354,2000
1018,217,1354,2000
1019,19,290,2000
1020,160,290,2000
1021,217,290,2000
1022,294,290,2000
1023,19,359,2000
1024,57,359,2000
1025,160,359,2000
1026,288,359,2000
1027,57,1122,2000
1028,160,1122,2000
1029,288,1122,2000
1030,19,312,2000
1031,217,312,2000
1032,368,312,2000
1033,469,312,2000
1034,217,454,2000
1035,368,454,2000
1036,469,454,2000
1037,19,314,2000
1038,217,314,2000
1039,469,314,2000
1040,19,311,2000
1041,217,311,2000
1042,368,311,2000
1043,288,663,2000
1044,294,663,2000
1045,603,663,2000
1046,19,355,2000
1047,57,355,2000
1048,160,355,2000
1049,217,355,2000
1050,57,1116,2000
1051,160,1116,2000
1052,217,1116,2000
1053,19,295,2000
1054,160,295,2000
1055,294,295,2000
1056,469,295,2000
1057,19,285,2000
1058,115,285,2000
1059,294,285,2000
1060,115,42,2000
1061,294,42,2000
1062,368,42,2000
1063,115,41,2000
1064,294,41,2000
1065,19,302,2000
1066,160,302,2000
1067,603,302,2000
1068,19,329,2000
1069,294,329,2000
1070,603,329,2000
1071,160,177,2000
1072,217,177,2000
1073,603,177,2000
1074,160,173,2000
1075,217,173,2000
1076,368,173,2000
1077,414,173,2000
1078,160,174,2000
1079,217,174,2000
1080,414,174,2000
1081,288,661,2000
1082,294,661,2000
1083,414,661,2000
1084,19,327,2000
1085,294,327,2000
1086,368,327,2000
1087,414,327,2000
1088,45,1017,2000
1089,294,1017,2000
1090,603,1017,2000
1091,160,170,2000
1092,217,170,2000
1093,288,170,2000
1094,546,170,2000
1095,217,461,2000
1096,546,461,2000
1097,160,189,2000
1098,288,189,2000
1099,546,189,2000
1100,288,677,2000
1101,546,677,2000
1102,294,693,2000
1103,414,693,2000
1104,603,693,2000
1105,368,836,2000
1106,414,836,2000
1107,603,836,2000
1108,19,283,2000
1109,101,283,2000
1110,160,283,2000
1111,101,6,2000
1112,414,6,2000
1113,19,364,2000
1114,57,364,2000
1115,160,364,2000
1116,469,364,2000
1117,19,381,2000
1118,57,381,2000
1119,469,381,2000
1120,19,354,2000
1121,57,354,2000
1122,160,354,2000
1123,19,315,2000
1124,217,315,2000
1125,603,315,2000
1126,19,310,2000
1127,217,310,2000
1128,294,310,2000
1129,414,310,2000
1130,19,289,2000
1131,160,289,2000
1132,217,289,2000
1133,288,289,2000
1134,19,288,2000
1135,160,288,2000
1136,217,288,2000
1137,160,165,2000
1138,217,165,2000
1139,288,165,2000
1140,57,1127,2000
1141,160,1127,2000
1142,368,1127,2000
1143,603,1127,2000
1144,57,1151,2000
1145,368,1151,2000
1146,603,1151,2000
1147,160,198,2000
1148,368,198,2000
1149,603,198,2000
1150,19,375,2000
1151,57,375,2000
1152,368,375,2000
1153,414,375,2000
1154,19,374,2000
1155,57,374,2000
1156,368,374,2000
1157,57,1147,2000
1158,368,1147,2000
1159,414,1147,2000
1160,160,192,2000
1161,294,192,2000
1162,368,192,2000
1163,414,192,2000
1164,57,1133,2000
1165,216,1133,2000
1166,59,1177,2000
1167,603,1177,2000
1168,217,458,2000
1169,414,458,2000
1170,474,458,2000
1171,140,120,2000
1172,414,120,2000
1173,217,449,2000
1174,294,449,2000
1175,368,449,2000
1176,57,1139,2000
1177,265,1139,2000
1178,603,1139,2000
1179,57,1135,2000
1180,217,1135,2000
1181,368,1135,2000
1182,19,298,2000
1183,160,298,2000
1184,414,298,2000
1185,115,37,2000
1186,217,37,2000
1187,265,589,2000
1188,368,589,2000
1189,217,459,2000
1190,414,459,2000
1191,603,459,2000
1192,19,292,2000
1193,160,292,2000
1194,288,292,2000
1195,292,684,2000
1196,546,684,2000
1197,57,1132,2000
1198,197,1132,2000
1199,160,171,2000
1200,217,171,2000
1201,294,171,2000
1202,19,324,2000
1203,290,324,2000
1204,414,324,2000
1205,197,398,2000
1206,217,398,2000
1207,217,445,2000
1208,245,445,2000
1209,19,317,2000
1210,245,317,2000
1211,160,194,2000
1212,294,194,2000
1213,603,194,2000
1214,19,371,2000
1215,57,371,2000
1216,294,371,2000
1217,368,839,2000
1218,474,839,2000
1219,288,675,2000
1220,474,675,2000
1221,115,40,2000
1222,288,40,2000
1223,19,284,2000
1224,115,284,2000
1225,57,1131,2000
1226,160,1131,2000
1227,469,1131,2000
1228,57,1129,2000
1229,160,1129,2000
1230,430,1129,2000
1231,57,1125,2000
1232,160,1125,2000
1233,368,1125,2000
1234,288,667,2000
1235,368,667,2000
1236,414,667,2000
1237,19,334,2000
1238,368,334,2000
1239,469,334,2000
1240,19,300,2000
1241,160,300,2000
1242,469,300,2000
1243,19,349,2000
1244,469,349,2000
1245,57,1114,2000
1246,156,1114,2000
1247,217,451,2000
1248,294,451,2000
1249,469,451,2000
1250,217,453,2000
1251,368,453,2000
1252,414,453,2000
1253,160,184,2000
1254,288,184,2000
1255,368,184,2000
1256,19,301,2000
1257,160,301,2000
1258,571,301,2000
1259,288,669,2000
1260,368,669,2000
1261,571,669,2000
1262,160,191,2000
1263,294,191,2000
1264,368,191,2000
1265,244,571,2000
1266,368,571,2000
1267,19,346,2000
1268,45,346,2000
1269,414,346,2000
1270,57,1123,2000
1271,160,1123,2000
1272,294,1123,2000
1273,160,200,2000
1274,414,200,2000
1275,469,200,2000
1276,414,961,2000
1277,469,961,2000
1278,156,145,2000
1279,217,145,2000
1280,294,145,2000
1281,156,147,2000
1282,294,147,2000
1283,156,144,2000
1284,217,144,2000
1285,1,2,2000
1286,414,2,2000
1287,57,1130,2000
1288,160,1130,2000
1289,453,1130,2000
1290,160,203,2000
1291,453,203,2000
1292,57,1155,2000
1293,453,1155,2000
1294,19,328,2000
1295,294,328,2000
1296,414,328,2000
1297,160,161,2000
1298,202,161,2000
1299,469,161,2000
1300,160,157,2000
1301,202,157,2000
1302,160,205,2000
1303,469,205,2000
1304,45,1022,2000
1305,603,1022,2000
1306,160,211,2000
1307,603,211,2000
1308,607,211,2000
1309,115,38,2000
1310,244,38,2000
1311,160,193,2000
1312,294,193,2000
1313,414,193,2000
1314,19,365,2000
1315,57,365,2000
1316,217,365,2000
1317,19,321,2000
1318,288,321,2000
1319,294,321,2000
1320,19,384,2000
1321,587,384,2000
1322,409,945,2000
1323,414,945,2000
1324,217,447,2000
1325,288,447,2000
1326,469,447,2000
1327,217,460,2000
1328,469,460,2000
1329,19,323,2000
1330,288,323,2000
1331,603,323,2000
1332,294,689,2000
1333,368,689,2000
1334,603,689,2000
1335,115,44,2000
1336,603,44,2000
1337,19,339,2000
1338,414,339,2000
1339,571,339,2000
1340,19,296,2000
1341,160,296,2000
1342,368,296,2000
1343,160,172,2000
1344,217,172,2000
1345,368,172,2000
1346,19,313,2000
1347,217,313,2000
1348,414,313,2000
1349,217,444,2000
1350,244,444,2000
1351,288,444,2000
1352,244,570,2000
1353,288,570,2000
1354,19,332,2000
1355,368,332,2000
1356,414,332,2000
1357,19,303,2000
1358,195,303,2000
1359,57,1145,2000
1360,294,1145,2000
1361,469,1145,2000
1362,57,1156,2000
1363,469,1156,2000
1364,19,341,2000
1365,414,341,2000
1366,603,341,2000
1367,19,340,2000
1368,414,340,2000
1369,591,340,2000
1370,414,968,2000
1371,591,968,2000
1372,45,1015,2000
1373,217,1015,2000
1374,414,1015,2000
1375,45,1019,2000
1376,414,1019,2000
1377,19,345,2000
1378,45,345,2000
1379,294,345,2000
1380,45,1014,2000
1381,217,1014,2000
1382,294,1014,2000
1383,19,343,2000
1384,45,343,2000
1385,217,343,2000
1386,19,342,2000
1387,45,342,2000
1388,217,450,2000
1389,294,450,2000
1390,414,450,2000
1391,19,309,2000
1392,217,309,2000
1393,294,309,2000
1394,217,455,2000
1395,368,455,2000
1396,603,455,2000
1397,160,196,2000
1398,368,196,2000
1399,414,196,2000
1400,202,426,2000
1401,217,426,2000
1402,288,426,2000
1403,202,428,2000
1404,288,428,2000
1405,202,425,2000
1406,217,425,2000
1407,4,935,2000
1408,603,935,2000
1409,59,1176,2000
1410,217,1176,2000
1411,19,326,2000
1412,294,326,2000
1413,368,326,2000
1414,19,294,2000
1415,160,294,2000
1416,294,294,2000
1417,19,335,2000
1418,368,335,2000
1419,603,335,2000
1420,294,688,2000
1421,368,688,2000
1422,414,688,2000
1423,101,5,2000
1424,333,5,2000
1425,101,7,2000
1426,603,7,2000
1427,288,668,2000
1428,368,668,2000
1429,469,668,2000
1430,368,838,2000
1431,469,838,2000
1432,288,673,2000
1433,469,673,2000
1434,19,322,2000
1435,288,322,2000
1436,414,322,2000
1437,19,379,2000
1438,57,379,2000
1439,414,379,2000
1440,27,598,2000
1441,414,598,2000
1442,45,1013,2000
1443,217,1013,2000
1444,19,306,2000
1445,216,306,2000
1446,156,150,2000
1447,603,150,2000
1448,414,962,2000
1449,474,962,2000
1450,19,347,2000
1451,450,347,2000
1452,202,429,2000
1453,469,429,2000
1454,19,350,2000
1455,474,350,2000
1456,19,286,2000
1457,156,286,2000
1458,368,842,2000
1459,603,842,2000
1460,4,934,2000
1461,414,934,2000
1462,265,590,2000
1463,414,590,2000
1464,160,178,2000
1465,244,178,2000
1466,57,1146,2000
1467,368,1146,2000
1468,57,1152,2000
1469,414,1152,2000
1470,195,397,2000
1471,368,397,2000
1472,45,1016,2000
1473,294,1016,2000
1474,57,1140,2000
1475,288,1140,2000
1476,160,207,2000
1477,546,207,2000
1478,288,680,2000
1479,603,680,2000
1480,217,443,2000
1481,224,443,2000
1482,160,212,2000
1483,607,212,2000
1484,160,210,2000
1485,603,210,2000
1486,115,43,2000
1487,368,43,2000
1488,414,969,2000
1489,603,969,2000
1490,27,597,2000
1491,294,597,2000
1492,4,931,2000
1493,19,931,2000
1494,57,1134,2000
1495,217,1134,2000
1496,27,595,2000
1497,160,595,2000
1498,19,320,2000
1499,288,320,2000
1500,39,921,2000
1501,217,921,2000
1502,57,1115,2000
1503,160,1115,2000
1504,19,319,2000
1505,27,319,2000
1506,160,183,2000
1507,288,183,2000
1508,96,1352,2000
1509,160,1352,2000
1510,39,922,2000
1511,294,922,2000
1512,217,456,2000
1513,414,456,2000
1514,414,966,2000
1515,571,966,2000
1516,368,837,2000
1517,453,837,2000
1518,1,0,2000
1519,160,0,2000
1520,368,841,2000
1521,571,841,2000
1522,27,596,2000
1523,217,596,2000
1524,216,442,2000
1525,294,442,2000
1526,160,195,2000
1527,368,195,2000
1528,19,352,2000
1529,57,352,2000
1530,160,181,2000
1531,265,181,2000
1532,265,591,2000
1533,603,591,2000
1534,294,695,2000
1535,603,695,2000
1536,160,199,2000
1537,414,199,2000
1538,288,670,2000
1539,414,670,2000
1540,19,318,2000
1541,265,318,2000
1542,294,694,2000
1543,469,694,2000
1544,409,946,2000
1545,603,946,2000
1546,217,446,2000
1547,288,446,2000
1548,217,448,2000
1549,294,448,2000
1550,115,39,2000
1551,265,39,2000
1552,288,679,2000
1553,571,679,2000
1554,160,162,2000
1555,216,162,2000
1556,57,1159,2000
1557,603,1159,2000
1558,19,385,2000
1559,591,385,2000
1560,19,336,2000
1561,409,336,2000
1562,160,164,2000
1563,217,164,2000
1564,1,1,2000
1565,19,1,2000
1566,79,1269,2000
1567,160,1269,2000
1568,160,209,2000
1569,571,209,2000
1570,19,304,2000
1571,199,304,2000
1572,19,386,2000
1573,603,386,2000
1574,217,462,2000
1575,587,462,2000
1576,217,452,2000
1577,368,452,2000
1578,19,287,2000
1579,160,287,2000
1580,19,307,2000
1581,217,307,2000
1582,294,690,2000
1583,409,690,2000
1584,19,351,2000
1585,546,351,2000
1586,217,463,2000
1587,603,463,2000
1588,294,686,2000
1589,333,686,2000
1590,244,572,2000
1591,603,572,2000
1592,57,1138,2000
1593,265,1138,2000
1594,160,190,2000
1595,294,190,2000
1596,294,691,2000
1597,414,691,2000
1598,96,1355,2000
1599,368,1355,2000
1600,96,1356,2000
1601,603,1356,2000
1602,288,660,2000
1603,294,660,2000
1604,19,325,2000
1605,294,325,2000
1606,19,383,2000
1607,571,383,2000
1608,19,348,2000
1609,453,348,2000
1610,19,331,2000
1611,368,331,2000
1612,294,687,2000
1613,368,687,2000
1614,368,833,2000
1615,414,833,2000
1616,57,1141,2000
1617,294,1141,2000
1618,19,330,2000
1619,333,330,2000
1620,19,387,2000
1621,607,387,2000
1622,19,337,2000
1623,414,337,2000
1624,288,666,2000
1625,368,666,2000
1626,135,86,2001
1627,234,86,2001
1628,234,564,2001
1629,555,564,2001
1630,384,897,2001
1631,555,897,2001
1632,42,978,2001
1633,384,978,2001
1634,42,977,2001
1635,288,977,2001
1636,234,563,2001
1637,414,563,2001
1638,42,981,2001
1639,555,981,2001
1640,160,208,2001
1641,555,208,2001
1642,42,975,2001
1643,135,975,2001
1644,474,1041,2001
1645,555,1041,2001
1646,288,665,2001
1647,367,665,2001
1648,135,87,2001
1649,288,87,2001
1650,288,678,2001
1651,555,678,2001
1652,255,579,2001
1653,474,579,2001
1654,42,979,2001
1655,422,979,2001
1656,414,957,2001
1657,422,957,2001
1658,160,199,2001
1659,414,199,2001
1660,384,896,2001
1661,474,896,2001
1662,42,976,2001
1663,234,976,2001
1664,42,980,2001
1665,474,980,2001
1666,414,962,2001
1667,474,962,2001
1668,198,401,2002
1669,325,401,2002
1670,292,683,2002
1671,448,683,2002
1672,325,780,2002
1673,391,780,2002
1674,313,759,2002
1675,392,759,2002
1676,198,403,2002
1677,448,403,2002
1678,292,682,2002
1679,391,682,2002
1680,313,760,2002
1681,448,760,2002
1682,198,400,2002
1683,313,400,2002
1684,198,402,2002
1685,391,402,2002
1686,391,925,2002
1687,448,925,2002
1688,313,757,2002
1689,325,757,2002
1690,325,781,2002
1691,448,781,2002
1692,313,758,2002
1693,391,758,2002
1694,313,762,2002
1695,479,762,2002
1696,391,924,2002
1697,414,924,2002
1698,313,761,2002
1699,474,761,2002
1700,45,1020,2002
1701,448,1020,2002
1702,325,782,2002
1703,479,782,2002
1704,448,1006,2002
1705,479,1006,2002
1706,414,963,2002
1707,479,963,2002
1708,20,410,2003
1709,104,410,2003
1710,182,410,2003
1711,20,416,2003
1712,182,416,2003
1713,474,416,2003
1714,20,415,2003
1715,182,415,2003
1716,449,415,2003
1717,182,275,2003
1718,449,275,2003
1719,20,420,2003
1720,449,420,2003
1721,20,413,2003
1722,182,413,2003
1723,342,413,2003
1724,20,411,2003
1725,160,411,2003
1726,182,411,2003
1727,20,417,2003
1728,275,417,2003
1729,20,414,2003
1730,182,414,2003
1731,448,414,2003
1732,20,418,2003
1733,293,418,2003
1734,160,201,2003
1735,427,201,2003
1736,160,206,2003
1737,474,206,2003
1738,293,685,2003
1739,474,685,2003
1740,182,269,2003
1741,312,269,2003
1742,311,756,2003
1743,474,756,2003
1744,182,268,2003
1745,293,268,2003
1746,303,714,2003
1747,311,714,2003
1748,104,13,2003
1749,474,13,2003
1750,448,1005,2003
1751,474,1005,2003
1752,104,12,2003
1753,182,12,2003
1754,182,270,2003
1755,342,270,2003
1756,182,266,2003
1757,288,266,2003
1758,182,265,2003
1759,275,265,2003
1760,108,16,2003
1761,474,16,2003
1762,9,1303,2003
1763,474,1303,2003
1764,20,419,2003
1765,448,419,2003
1766,160,202,2003
1767,448,202,2003
1768,182,274,2003
1769,448,274,2003
1770,182,267,2003
1771,292,267,2003
1772,275,632,2003
1773,474,632,2003
1774,427,983,2003
1775,474,983,2003
1776,182,272,2003
1777,427,272,2003
1778,182,271,2003
1779,414,271,2003
1780,108,15,2003
1781,182,15,2003
1782,275,630,2003
1783,414,630,2003
1784,275,631,2003
1785,427,631,2003
1786,20,412,2003
1787,182,412,2003
1788,414,958,2003
1789,427,958,2003
1790,414,962,2003
1791,474,962,2003
1792,427,982,2003
1793,448,982,2003
1794,182,276,2003
1795,474,276,2003
1796,160,156,2003
1797,182,156,2003
1798,414,960,2003
1799,448,960,2003
1800,310,754,2004
1801,387,754,2004
1802,82,1286,2004
1803,387,1286,2004
1804,82,1287,2004
1805,425,1287,2004
1806,36,825,2004
1807,387,825,2004
1808,387,914,2004
1809,425,914,2004
1810,199,406,2004
1811,414,406,2004
1812,82,1285,2004
1813,226,1285,2004
1814,226,521,2004
1815,387,521,2004
1816,387,916,2004
1817,474,916,2004
1818,226,525,2004
1819,448,525,2004
1820,182,271,2004
1821,414,271,2004
1822,82,1288,2004
1823,448,1288,2004
1824,310,755,2004
1825,474,755,2004
1826,414,960,2004
1827,448,960,2004
1828,414,962,2004
1829,474,962,2004
1830,7,1255,2005
1831,91,1255,2005
1832,428,1255,2005
1833,502,1255,2005
1834,48,1044,2005
1835,316,1044,2005
1836,287,651,2005
1837,316,651,2005
1838,608,651,2005
1839,287,653,2005
1840,428,653,2005
1841,608,653,2005
1842,194,396,2005
1843,287,396,2005
1844,91,1304,2005
1845,156,1304,2005
1846,428,1304,2005
1847,608,1304,2005
1848,226,522,2005
1849,428,522,2005
1850,552,522,2005
1851,608,522,2005
1852,221,514,2005
1853,478,514,2005
1854,287,656,2005
1855,488,656,2005
1856,608,656,2005
1857,226,523,2005
1858,428,523,2005
1859,608,523,2005
1860,91,1306,2005
1861,287,1306,2005
1862,428,1306,2005
1863,91,1310,2005
1864,316,1310,2005
1865,428,1310,2005
1866,91,1313,2005
1867,428,1313,2005
1868,438,1313,2005
1869,448,1010,2005
1870,552,1010,2005
1871,428,989,2005
1872,448,989,2005
1873,608,989,2005
1874,91,1317,2005
1875,448,1317,2005
1876,448,1012,2005
1877,608,1012,2005
1878,91,1319,2005
1879,462,1319,2005
1880,478,1319,2005
1881,428,987,2005
1882,438,987,2005
1883,608,987,2005
1884,91,1320,2005
1885,462,1320,2005
1886,608,1320,2005
1887,91,1325,2005
1888,552,1325,2005
1889,608,1325,2005
1890,91,1314,2005
1891,428,1314,2005
1892,552,1314,2005
1893,156,149,2005
1894,428,149,2005
1895,608,149,2005
1896,91,1307,2005
1897,287,1307,2005
1898,478,1307,2005
1899,91,1321,2005
1900,478,1321,2005
1901,221,512,2005
1902,428,512,2005
1903,226,526,2005
1904,552,526,2005
1905,91,1315,2005
1906,428,1315,2005
1907,608,1315,2005
1908,91,1308,2005
1909,287,1308,2005
1910,608,1308,2005
1911,91,1311,2005
1912,316,1311,2005
1913,608,1311,2005
1914,91,1309,2005
1915,316,1309,2005
1916,286,650,2005
1917,608,650,2005
1918,438,1000,2005
1919,552,1000,2005
1920,608,1000,2005
1921,316,774,2005
1922,428,774,2005
1923,608,774,2005
1924,428,991,2005
1925,552,991,2005
1926,608,991,2005
1927,226,520,2005
1928,287,520,2005
1929,182,273,2005
1930,438,273,2005
1931,428,986,2005
1932,438,986,2005
1933,552,986,2005
1934,428,985,2005
1935,438,985,2005
1936,448,985,2005
1937,438,998,2005
1938,502,998,2005
1939,608,998,2005
1940,7,1245,2005
1941,199,1245,2005
1942,7,1247,2005
1943,221,1247,2005
1944,221,513,2005
1945,462,513,2005
1946,7,1251,2005
1947,462,1251,2005
1948,156,146,2005
1949,287,146,2005
1950,438,999,2005
1951,552,999,2005
1952,346,808,2005
1953,428,808,2005
1954,91,1323,2005
1955,502,1323,2005
1956,221,515,2005
1957,608,515,2005
1958,316,773,2005
1959,428,773,2005
1960,226,527,2005
1961,608,527,2005
1962,502,1083,2005
1963,608,1083,2005
1964,396,930,2005
1965,608,930,2005
1966,7,1254,2005
1967,91,1254,2005
1968,260,582,2005
1969,287,582,2005
1970,287,657,2005
1971,552,657,2005
1972,91,1322,2005
1973,488,1322,2005
1974,287,658,2005
1975,594,658,2005
1976,462,1026,2005
1977,608,1026,2005
1978,387,915,2005
1979,428,915,2005
1980,478,1042,2005
1981,608,1042,2005
1982,396,928,2005
1983,428,928,2005
1984,396,929,2005
1985,502,929,2005
1986,7,1248,2005
1987,287,1248,2005
1988,428,988,2005
1989,448,988,2005
1990,66,1221,2005
1991,608,1221,2005
1992,156,151,2005
1993,608,151,2005
1994,91,1312,2005
1995,428,1312,2005
1996,316,776,2005
1997,608,776,2005
1998,428,990,2005
1999,552,990,2005
2000,287,659,2005
2001,608,659,2005
2002,287,655,2005
2003,462,655,2005
2004,48,1043,2005
2005,287,1043,2005
2006,387,918,2005
2007,552,918,2005
2008,182,277,2005
2009,608,277,2005
2010,462,1024,2005
2011,478,1024,2005
2012,346,809,2005
2013,608,809,2005
2014,488,1057,2005
2015,608,1057,2005
2016,7,1253,2005
2017,608,1253,2005
2018,316,775,2005
2019,438,775,2005
2020,438,997,2005
2021,462,997,2005
2022,552,1105,2005
2023,608,1105,2005
2024,91,1324,2005
2025,552,1324,2005
2026,7,1252,2005
2027,552,1252,2005
2028,226,524,2005
2029,438,524,2005
2030,7,1249,2005
2031,428,1249,2005
2032,387,920,2005
2033,608,920,2005
2034,428,984,2005
2035,438,984,2005
2036,91,1326,2005
2037,608,1326,2005
2038,287,654,2005
2039,438,654,2005
2040,287,652,2005
2041,428,652,2005
2042,91,1305,2005
2043,287,1305,2005
2044,428,992,2005
2045,608,992,2005
2046,438,996,2005
2047,448,996,2005
2048,438,1001,2005
2049,608,1001,2005
2050,414,959,2005
2051,438,959,2005
2052,91,1316,2005
2053,438,1316,2005
2054,7,1246,2005
2055,218,1246,2005
2056,91,1318,2005
2057,462,1318,2005
2058,7,1250,2005
2059,438,1250,2005
2060,7,1244,2005
2061,182,1244,2005
2062,34,807,2006
2063,68,807,2006
2064,132,807,2006
2065,64,1220,2006
2066,68,1220,2006
2067,167,1220,2006
2068,64,1216,2006
2069,167,1216,2006
2070,381,889,2006
2071,462,889,2006
2072,132,77,2006
2073,370,77,2006
2074,462,77,2006
2075,144,129,2006
2076,381,129,2006
2077,144,128,2006
2078,187,128,2006
2079,68,1235,2006
2080,370,1235,2006
2081,68,1228,2006
2082,187,1228,2006
2083,381,1228,2006
2084,75,1261,2006
2085,462,1261,2006
2086,64,1218,2006
2087,542,1218,2006
2088,68,1225,2006
2089,132,1225,2006
2090,381,1225,2006
2091,187,281,2006
2092,462,281,2006
2093,68,1223,2006
2094,129,1223,2006
2095,187,279,2006
2096,309,279,2006
2097,167,221,2006
2098,187,221,2006
2099,75,1259,2006
2100,167,1259,2006
2101,68,1234,2006
2102,289,1234,2006
2103,34,804,2006
2104,187,804,2006
2105,167,222,2006
2106,510,222,2006
2107,132,74,2006
2108,187,74,2006
2109,144,127,2006
2110,167,127,2006
2111,68,1232,2006
2112,259,1232,2006
2113,132,76,2006
2114,370,76,2006
2115,68,1227,2006
2116,167,1227,2006
2117,264,586,2006
2118,423,586,2006
2119,68,1231,2006
2120,257,1231,2006
2121,68,1238,2006
2122,462,1238,2006
2123,68,1233,2006
2124,264,1233,2006
2125,132,81,2006
2126,510,81,2006
2127,132,79,2006
2128,462,79,2006
2129,34,803,2006
2130,132,803,2006
2131,264,587,2006
2132,542,587,2006
2133,64,1215,2006
2134,132,1215,2006
2135,34,806,2006
2136,68,806,2006
2137,64,1217,2006
2138,381,1217,2006
2139,132,73,2006
2140,167,73,2006
2141,381,892,2006
2142,542,892,2006
2143,132,78,2006
2144,381,78,2006
2145,132,82,2006
2146,542,82,2006
2147,64,1219,2006
2148,68,1219,2006
2149,187,280,2006
2150,381,280,2006
2151,68,1243,2006
2152,75,1243,2006
2153,68,1237,2006
2154,387,1237,2006
2155,68,1239,2006
2156,510,1239,2006
2157,75,1260,2006
2158,381,1260,2006
2159,68,1230,2006
2160,226,1230,2006
2161,167,223,2006
2162,542,223,2006
2163,68,1236,2006
2164,381,1236,2006
2165,34,805,2006
2166,381,805,2006
2167,68,1224,2006
2168,132,1224,2006
2169,68,1240,2006
2170,542,1240,2006
2171,232,556,2006
2172,438,556,2006
2173,219,488,2007
2174,307,488,2007
2175,570,488,2007
2176,580,488,2007
2177,166,215,2007
2178,219,215,2007
2179,307,215,2007
2180,483,215,2007
2181,573,215,2007
2182,166,219,2007
2183,307,219,2007
2184,480,219,2007
2185,570,219,2007
2186,307,741,2007
2187,570,741,2007
2188,606,741,2007
2189,274,608,2007
2190,307,608,2007
2191,480,608,2007
2192,570,608,2007
2193,166,217,2007
2194,274,217,2007
2195,307,217,2007
2196,166,218,2007
2197,307,218,2007
2198,219,483,2007
2199,307,483,2007
2200,480,483,2007
2201,483,483,2007
2202,307,723,2007
2203,359,723,2007
2204,483,723,2007
2205,219,471,2007
2206,274,471,2007
2207,307,471,2007
2208,483,471,2007
2209,219,486,2007
2210,307,486,2007
2211,483,486,2007
2212,230,534,2007
2213,307,534,2007
2214,480,534,2007
2215,483,534,2007
2216,570,534,2007
2217,307,732,2007
2218,480,732,2007
2219,483,732,2007
2220,570,732,2007
2221,230,536,2007
2222,307,536,2007
2223,570,536,2007
2224,219,484,2007
2225,307,484,2007
2226,480,484,2007
2227,570,484,2007
2228,573,484,2007
2229,219,489,2007
2230,307,489,2007
2231,573,489,2007
2232,274,621,2007
2233,480,621,2007
2234,570,621,2007
2235,219,502,2007
2236,480,502,2007
2237,570,502,2007
2238,230,538,2007
2239,307,538,2007
2240,593,538,2007
2241,307,733,2007
2242,480,733,2007
2243,483,733,2007
2244,580,733,2007
2245,448,1008,2007
2246,480,1008,2007
2247,606,1008,2007
2248,274,607,2007
2249,307,607,2007
2250,480,607,2007
2251,483,607,2007
2252,307,727,2007
2253,416,727,2007
2254,483,727,2007
2255,307,738,2007
2256,483,738,2007
2257,573,738,2007
2258,307,742,2007
2259,573,742,2007
2260,274,622,2007
2261,480,622,2007
2262,593,622,2007
2263,187,282,2007
2264,593,282,2007
2265,219,477,2007
2266,274,477,2007
2267,573,477,2007
2268,219,503,2007
2269,480,503,2007
2270,573,503,2007
2271,219,508,2007
2272,573,508,2007
2273,219,492,2007
2274,307,492,2007
2275,593,492,2007
2276,606,492,2007
2277,219,493,2007
2278,307,493,2007
2279,606,493,2007
2280,307,745,2007
2281,593,745,2007
2282,606,745,2007
2283,230,533,2007
2284,307,533,2007
2285,480,533,2007
2286,483,533,2007
2287,219,485,2007
2288,307,485,2007
2289,480,485,2007
2290,580,485,2007
2291,219,490,2007
2292,307,490,2007
2293,580,490,2007
2294,219,470,2007
2295,274,470,2007
2296,307,470,2007
2297,480,470,2007
2298,219,475,2007
2299,274,475,2007
2300,480,475,2007
2301,606,475,2007
2302,219,474,2007
2303,274,474,2007
2304,480,474,2007
2305,483,474,2007
2306,274,609,2007
2307,307,609,2007
2308,480,609,2007
2309,606,609,2007
2310,132,75,2007
2311,274,75,2007
2312,307,75,2007
2313,274,605,2007
2314,307,605,2007
2315,448,605,2007
2316,480,605,2007
2317,166,214,2007
2318,219,214,2007
2319,274,214,2007
2320,166,213,2007
2321,219,213,2007
2322,166,216,2007
2323,274,216,2007
2324,416,973,2007
2325,483,973,2007
2326,606,973,2007
2327,480,1047,2007
2328,483,1047,2007
2329,606,1047,2007
2330,416,972,2007
2331,483,972,2007
2332,232,550,2007
2333,274,550,2007
2334,307,550,2007
2335,480,550,2007
2336,219,466,2007
2337,232,466,2007
2338,274,466,2007
2339,480,466,2007
2340,232,551,2007
2341,274,551,2007
2342,480,551,2007
2343,274,617,2007
2344,448,617,2007
2345,480,617,2007
2346,288,664,2007
2347,307,664,2007
2348,480,664,2007
2349,414,964,2007
2350,480,964,2007
2351,226,519,2007
2352,274,519,2007
2353,219,496,2007
2354,381,496,2007
2355,606,496,2007
2356,219,506,2007
2357,483,506,2007
2358,606,506,2007
2359,483,1054,2007
2360,606,1054,2007
2361,219,465,2007
2362,230,465,2007
2363,307,465,2007
2364,219,504,2007
2365,480,504,2007
2366,606,504,2007
2367,307,731,2007
2368,480,731,2007
2369,483,731,2007
2370,219,501,2007
2371,480,501,2007
2372,483,501,2007
2373,219,487,2007
2374,307,487,2007
2375,570,487,2007
2376,219,507,2007
2377,570,507,2007
2378,166,220,2007
2379,480,220,2007
2380,570,220,2007
2381,480,1046,2007
2382,483,1046,2007
2383,570,1046,2007
2384,219,491,2007
2385,307,491,2007
2386,593,491,2007
2387,307,734,2007
2388,480,734,2007
2389,570,734,2007
2390,230,537,2007
2391,307,537,2007
2392,580,537,2007
2393,307,722,2007
2394,359,722,2007
2395,307,737,2007
2396,483,737,2007
2397,570,737,2007
2398,274,623,2007
2399,480,623,2007
2400,606,623,2007
2401,274,620,2007
2402,480,620,2007
2403,483,620,2007
2404,230,529,2007
2405,232,529,2007
2406,274,529,2007
2407,274,610,2007
2408,307,610,2007
2409,483,610,2007
2410,274,611,2007
2411,307,611,2007
2412,606,611,2007
2413,359,822,2007
2414,416,822,2007
2415,593,822,2007
2416,219,482,2007
2417,307,482,2007
2418,480,482,2007
2419,230,544,2007
2420,570,544,2007
2421,593,544,2007
2422,230,543,2007
2423,570,543,2007
2424,230,546,2007
2425,593,546,2007
2426,230,535,2007
2427,307,535,2007
2428,483,535,2007
2429,307,739,2007
2430,483,739,2007
2431,593,739,2007
2432,307,744,2007
2433,593,744,2007
2434,219,472,2007
2435,274,472,2007
2436,448,472,2007
2437,307,735,2007
2438,480,735,2007
2439,580,735,2007
2440,219,499,2007
2441,448,499,2007
2442,480,499,2007
2443,219,478,2007
2444,274,478,2007
2445,580,478,2007
2446,230,540,2007
2447,448,540,2007
2448,219,469,2007
2449,274,469,2007
2450,307,469,2007
2451,274,604,2007
2452,307,604,2007
2453,387,604,2007
2454,219,495,2007
2455,381,495,2007
2456,573,1161,2007
2457,580,1161,2007
2458,274,626,2007
2459,573,626,2007
2460,230,531,2007
2461,274,531,2007
2462,307,531,2007
2463,219,476,2007
2464,274,476,2007
2465,483,476,2007
2466,219,505,2007
2467,483,505,2007
2468,580,1175,2007
2469,593,1175,2007
2470,219,473,2007
2471,274,473,2007
2472,480,473,2007
2473,219,479,2007
2474,274,479,2007
2475,593,479,2007
2476,274,628,2007
2477,593,628,2007
2478,274,602,2007
2479,288,602,2007
2480,480,602,2007
2481,288,676,2007
2482,480,676,2007
2483,274,606,2007
2484,307,606,2007
2485,480,606,2007
2486,219,481,2007
2487,307,481,2007
2488,448,481,2007
2489,307,724,2007
2490,381,724,2007
2491,381,888,2007
2492,448,888,2007
2493,288,672,2007
2494,448,672,2007
2495,226,525,2007
2496,448,525,2007
2497,219,497,2007
2498,387,497,2007
2499,473,1039,2007
2500,480,1039,2007
2501,480,1048,2007
2502,570,1048,2007
2503,480,1045,2007
2504,483,1045,2007
2505,307,740,2007
2506,570,740,2007
2507,274,625,2007
2508,570,625,2007
2509,274,624,2007
2510,483,624,2007
2511,483,1053,2007
2512,580,1053,2007
2513,230,530,2007
2514,274,530,2007
2515,381,891,2007
2516,483,891,2007
2517,570,1160,2007
2518,580,1160,2007
2519,219,464,2007
2520,230,464,2007
2521,230,541,2007
2522,480,541,2007
2523,230,542,2007
2524,483,542,2007
2525,230,532,2007
2526,307,532,2007
2527,483,1052,2007
2528,570,1052,2007
2529,274,618,2007
2530,473,618,2007
2531,307,729,2007
2532,473,729,2007
2533,232,561,2007
2534,606,561,2007
2535,359,824,2007
2536,606,824,2007
2537,307,728,2007
2538,448,728,2007
2539,230,528,2007
2540,232,528,2007
2541,307,743,2007
2542,580,743,2007
2543,219,509,2007
2544,580,509,2007
2545,462,1025,2007
2546,606,1025,2007
2547,110,19,2007
2548,219,19,2007
2549,359,823,2007
2550,480,823,2007
2551,274,612,2007
2552,359,612,2007
2553,480,1050,2007
2554,580,1050,2007
2555,230,545,2007
2556,580,545,2007
2557,132,80,2007
2558,480,80,2007
2559,219,467,2007
2560,254,467,2007
2561,448,1007,2007
2562,480,1007,2007
2563,232,559,2007
2564,480,559,2007
2565,381,893,2007
2566,606,893,2007
2567,307,726,2007
2568,416,726,2007
2569,274,616,2007
2570,448,616,2007
2571,219,480,2007
2572,307,480,2007
2573,416,971,2007
2574,480,971,2007
2575,307,736,2007
2576,483,736,2007
2577,274,614,2007
2578,387,614,2007
2579,219,510,2007
2580,593,510,2007
2581,219,511,2007
2582,606,511,2007
2583,254,578,2007
2584,307,578,2007
2585,416,974,2007
2586,593,974,2007
2587,448,1011,2007
2588,606,1011,2007
2589,480,1049,2007
2590,573,1049,2007
2591,307,746,2007
2592,606,746,2007
2593,230,539,2007
2594,416,539,2007
2595,274,627,2007
2596,580,627,2007
2597,480,1051,2007
2598,606,1051,2007
2599,274,619,2007
2600,480,619,2007
2601,219,500,2007
2602,480,500,2007
2603,274,613,2007
2604,381,613,2007
2605,387,917,2007
2606,480,917,2007
2607,381,890,2007
2608,480,890,2007
2609,274,629,2007
2610,606,629,2007
2611,232,552,2007
2612,307,552,2007
2613,232,549,2007
2614,274,549,2007
2615,307,730,2007
2616,480,730,2007
2617,387,919,2007
2618,606,919,2007
2619,307,725,2007
2620,387,725,2007
2621,219,468,2007
2622,274,468,2007
2623,219,498,2007
2624,448,498,2007
2625,232,560,2007
2626,580,560,2007
2627,274,603,2007
2628,307,603,2007
2629,223,517,2008
2630,292,517,2008
2631,200,423,2008
2632,361,423,2008
2633,232,557,2008
2634,448,557,2008
2635,200,421,2008
2636,223,421,2008
2637,223,518,2008
2638,361,518,2008
2639,200,422,2008
2640,301,422,2008
2641,322,778,2008
2642,361,778,2008
2643,200,424,2008
2644,477,424,2008
2645,219,494,2008
2646,361,494,2008
2647,301,713,2008
2648,477,713,2008
2649,239,569,2008
2650,477,569,2008
2651,232,558,2008
2652,477,558,2008
2653,232,553,2008
2654,361,553,2008
2655,232,548,2008
2656,239,548,2008
2657,354,821,2008
2658,356,821,2008
2659,414,960,2008
2660,448,960,2008
2661,232,555,2008
2662,414,555,2008
2663,68,1229,2008
2664,219,1229,2008
2665,232,554,2008
2666,387,554,2008
2667,28,639,2009
2668,51,639,2009
2669,590,639,2009
2670,600,639,2009
2671,369,843,2009
2672,600,843,2009
2673,335,802,2009
2674,600,802,2009
2675,28,642,2009
2676,590,642,2009
2677,600,642,2009
2678,390,923,2009
2679,600,923,2009
2680,68,1241,2009
2681,590,1241,2009
2682,28,644,2009
2683,68,644,2009
2684,51,1085,2009
2685,271,1085,2009
2686,68,1242,2009
2687,600,1242,2009
2688,28,641,2009
2689,590,641,2009
2690,51,1086,2009
2691,590,1086,2009
2692,28,638,2009
2693,51,638,2009
2694,28,643,2009
2695,600,643,2009
2696,51,1087,2009
2697,600,1087,2009
2698,590,1178,2009
2699,600,1178,2009
2700,28,640,2009
2701,522,640,2009
2702,28,637,2009
2703,390,637,2009
2704,414,967,2009
2705,573,967,2009
2706,330,797,2010
2707,464,797,2010
2708,330,795,2010
2709,431,795,2010
2710,330,796,2010
2711,434,796,2010
2712,158,152,2010
2713,508,152,2010
2714,330,798,2010
2715,590,798,2010
2716,590,1179,2010
2717,605,1179,2010
2718,434,993,2010
2719,605,993,2010
2720,274,615,2010
2721,414,615,2010
2722,232,555,2010
2723,414,555,2010
2724,55,1103,2011
2725,406,1103,2011
2726,414,960,2011
2727,448,960,2011
2728,246,573,2012
2729,332,573,2012
2730,442,1002,2012
2731,489,1002,2012
2732,377,857,2012
2733,489,857,2012
2734,489,1059,2012
2735,520,1059,2012
2736,131,72,2012
2737,489,72,2012
2738,116,45,2012
2739,489,45,2012
2740,280,645,2012
2741,489,645,2012
2742,484,1055,2012
2743,489,1055,2012
2744,211,436,2012
2745,489,436,2012
2746,83,1289,2012
2747,432,1289,2012
2748,489,1058,2012
2749,490,1058,2012
2750,83,1290,2012
2751,489,1290,2012
2752,249,577,2012
2753,489,577,2012
2754,332,801,2012
2755,489,801,2012
2756,292,683,2013
2757,448,683,2013
2758,21,432,2014
2759,222,432,2014
2760,222,516,2014
2761,448,516,2014
2762,177,232,2015
2763,308,232,2015
2764,466,232,2015
2765,308,750,2015
2766,426,750,2015
2767,298,706,2015
2768,497,706,2015
2769,76,1267,2015
2770,497,1267,2015
2771,177,229,2015
2772,298,229,2015
2773,466,229,2015
2774,177,238,2015
2775,466,238,2015
2776,21,433,2015
2777,298,433,2015
2778,487,1056,2015
2779,497,1056,2015
2780,76,1263,2015
2781,193,1263,2015
2782,177,234,2015
2783,323,234,2015
2784,497,234,2015
2785,308,748,2015
2786,323,748,2015
2787,76,1268,2015
2788,509,1268,2015
2789,63,1206,2015
2790,177,1206,2015
2791,298,1206,2015
2792,177,225,2015
2793,233,225,2015
2794,63,1208,2015
2795,298,1208,2015
2796,344,1208,2015
2797,63,1211,2015
2798,344,1211,2015
2799,308,752,2015
2800,487,752,2015
2801,177,237,2015
2802,426,237,2015
2803,497,237,2015
2804,177,239,2015
2805,497,239,2015
2806,143,125,2015
2807,298,125,2015
2808,509,125,2015
2809,509,1084,2015
2810,563,1084,2015
2811,317,777,2015
2812,509,777,2015
2813,63,1213,2015
2814,466,1213,2015
2815,2,409,2015
2816,298,409,2015
2817,231,547,2015
2818,308,547,2015
2819,308,753,2015
2820,497,753,2015
2821,177,230,2015
2822,298,230,2015
2823,509,230,2015
2824,177,227,2015
2825,292,227,2015
2826,292,681,2015
2827,308,681,2015
2828,76,1266,2015
2829,317,1266,2015
2830,63,1210,2015
2831,323,1210,2015
2832,177,231,2015
2833,308,231,2015
2834,63,1214,2015
2835,509,1214,2015
2836,308,749,2015
2837,393,749,2015
2838,308,751,2015
2839,466,751,2015
2840,63,1209,2015
2841,308,1209,2015
2842,21,431,2015
2843,177,431,2015
2844,76,1262,2015
2845,177,1262,2015
2846,308,747,2015
2847,317,747,2015
2848,177,233,2015
2849,323,233,2015
2850,63,1204,2015
2851,143,1204,2015
2852,21,434,2015
2853,308,434,2015
2854,298,705,2015
2855,487,705,2015
2856,177,226,2015
2857,249,226,2015
2858,103,11,2015
2859,177,11,2015
2860,63,1212,2015
2861,426,1212,2015
2862,63,1203,2015
2863,103,1203,2015
2864,143,126,2015
2865,487,126,2015
2866,298,701,2015
2867,344,701,2015
2868,76,1264,2015
2869,298,1264,2015
2870,298,703,2015
2871,426,703,2015
2872,63,1205,2015
2873,177,1205,2015
2874,393,926,2015
2875,426,926,2015
2876,105,14,2015
2877,298,14,2015
2878,143,124,2015
2879,298,124,2015
2880,177,236,2015
2881,426,236,2015
2882,256,580,2015
2883,298,580,2015
2884,298,698,2015
2885,308,698,2015
2886,63,1207,2015
2887,298,1207,2015
2888,76,1265,2015
2889,308,1265,2015
2890,298,707,2015
2891,506,707,2015
2892,249,576,2015
2893,298,576,2015
2894,298,708,2015
2895,509,708,2015
2896,298,704,2015
2897,448,704,2015
2898,298,702,2015
2899,393,702,2015
2900,298,700,2015
2901,318,700,2015
2902,298,711,2015
2903,563,711,2015
2904,177,235,2015
2905,393,235,2015
2906,177,241,2015
2907,563,241,2015
2908,177,228,2015
2909,298,228,2015
2910,292,683,2015
2911,448,683,2015
2912,177,240,2015
2913,509,240,2015
2914,323,779,2015
2915,448,779,2015
2916,298,699,2015
2917,317,699,2015
2918,21,435,2015
2919,317,435,2015
2920,41,948,2016
2921,247,948,2016
2922,525,1097,2016
2923,564,1097,2016
2924,305,718,2016
2925,495,718,2016
2926,41,952,2016
2927,448,952,2016
2928,41,951,2016
2929,424,951,2016
2930,18,244,2016
2931,495,244,2016
2932,495,1062,2016
2933,560,1062,2016
2934,139,108,2016
2935,495,108,2016
2936,525,108,2016
2937,495,1061,2016
2938,534,1061,2016
2939,125,56,2016
2940,534,56,2016
2941,298,712,2016
2942,564,712,2016
2943,534,1098,2016
2944,560,1098,2016
2945,448,1009,2016
2946,534,1009,2016
2947,73,1258,2016
2948,298,1258,2016
2949,448,1258,2016
2950,18,243,2016
2951,305,243,2016
2952,18,245,2016
2953,525,245,2016
2954,10,4,2016
2955,424,4,2016
2956,495,1060,2016
2957,525,1060,2016
2958,525,1096,2016
2959,560,1096,2016
2960,41,947,2016
2961,139,947,2016
2962,125,55,2016
2963,139,55,2016
2964,18,242,2016
2965,139,242,2016
2966,21,433,2016
2967,298,433,2016
2968,73,1256,2016
2969,139,1256,2016
2970,139,107,2016
2971,495,107,2016
2972,139,111,2016
2973,560,111,2016
2974,139,105,2016
2975,339,105,2016
2976,305,720,2016
2977,534,720,2016
2978,139,106,2016
2979,418,106,2016
2980,41,953,2016
2981,73,953,2016
2982,139,110,2016
2983,534,110,2016
2984,305,716,2016
2985,339,716,2016
2986,298,710,2016
2987,560,710,2016
2988,10,3,2016
2989,139,3,2016
2990,139,104,2016
2991,305,104,2016
2992,298,709,2016
2993,534,709,2016
2994,534,1099,2016
2995,564,1099,2016
2996,41,949,2016
2997,298,949,2016
2998,305,717,2016
2999,448,717,2016
3000,247,574,2016
3001,305,574,2016
3002,139,109,2016
3003,525,109,2016
3004,41,950,2016
3005,339,950,2016
3006,73,1257,2016
3007,298,1257,2016
3008,525,1095,2016
3009,534,1095,2016
3010,298,704,2016
3011,448,704,2016
3012,328,792,2017
3013,561,792,2017
3014,599,792,2017
3015,50,1070,2017
3016,328,1070,2017
3017,365,1070,2017
3018,517,1070,2017
3019,50,1071,2017
3020,328,1071,2017
3021,517,1071,2017
3022,328,789,2017
3023,517,789,2017
3024,599,789,2017
3025,50,1069,2017
3026,328,1069,2017
3027,365,1069,2017
3028,363,826,2017
3029,461,826,2017
3030,328,786,2017
3031,461,786,2017
3032,517,786,2017
3033,517,1091,2017
3034,561,1091,2017
3035,599,1091,2017
3036,112,30,2017
3037,380,30,2017
3038,47,1030,2017
3039,212,1030,2017
3040,365,1030,2017
3041,328,784,2017
3042,365,784,2017
3043,517,784,2017
3044,380,883,2017
3045,517,883,2017
3046,610,883,2017
3047,517,1093,2017
3048,610,1093,2017
3049,279,635,2017
3050,561,635,2017
3051,400,944,2017
3052,561,944,2017
3053,380,886,2017
3054,599,886,2017
3055,610,886,2017
3056,47,1033,2017
3057,352,1033,2017
3058,50,1078,2017
3059,517,1078,2017
3060,599,1078,2017
3061,328,788,2017
3062,517,788,2017
3063,561,788,2017
3064,50,1072,2017
3065,328,1072,2017
3066,561,1072,2017
3067,380,882,2017
3068,517,882,2017
3069,50,1076,2017
3070,461,1076,2017
3071,365,830,2017
3072,561,830,2017
3073,352,811,2017
3074,365,811,2017
3075,15,134,2017
3076,599,134,2017
3077,50,1075,2017
3078,380,1075,2017
3079,561,1075,2017
3080,380,884,2017
3081,561,884,2017
3082,47,1028,2017
3083,141,1028,2017
3084,112,32,2017
3085,599,32,2017
3086,112,31,2017
3087,561,31,2017
3088,328,790,2017
3089,551,790,2017
3090,305,715,2017
3091,328,715,2017
3092,363,827,2017
3093,599,827,2017
3094,328,785,2017
3095,461,785,2017
3096,413,956,2017
3097,517,956,2017
3098,47,1037,2017
3099,561,1037,2017
3100,212,439,2017
3101,517,439,2017
3102,212,437,2017
3103,328,437,2017
3104,47,1031,2017
3105,279,1031,2017
3106,159,153,2017
3107,365,153,2017
3108,47,1038,2017
3109,599,1038,2017
3110,141,122,2017
3111,517,122,2017
3112,282,646,2017
3113,599,646,2017
3114,365,832,2017
3115,610,832,2017
3116,141,123,2017
3117,599,123,2017
3118,47,1032,2017
3119,328,1032,2017
3120,365,828,2017
3121,517,828,2017
3122,47,1036,2017
3123,517,1036,2017
3124,365,829,2017
3125,551,829,2017
3126,67,1222,2017
3127,551,1222,2017
3128,141,121,2017
3129,328,121,2017
3130,328,783,2017
3131,365,783,2017
3132,352,815,2017
3133,610,815,2017
3134,159,155,2017
3135,599,155,2017
3136,279,636,2017
3137,599,636,2017
3138,561,1107,2017
3139,599,1107,2017
3140,159,154,2017
3141,517,154,2017
3142,328,793,2017
3143,599,793,2017
3144,517,1092,2017
3145,599,1092,2017
3146,279,634,2017
3147,365,634,2017
3148,328,791,2017
3149,561,791,2017
3150,461,1023,2017
3151,517,1023,2017
3152,114,33,2017
3153,365,33,2017
3154,15,133,2017
3155,561,133,2017
3156,328,787,2017
3157,517,787,2017
3158,50,1081,2017
3159,599,1081,2017
3160,380,881,2017
3161,414,881,2017
3162,352,813,2017
3163,561,813,2017
3164,352,814,2017
3165,599,814,2017
3166,599,1181,2017
3167,610,1181,2017
3168,47,1034,2017
3169,365,1034,2017
3170,50,1077,2017
3171,517,1077,2017
3172,551,1104,2017
3173,599,1104,2017
3174,365,831,2017
3175,599,831,2017
3176,50,1074,2017
3177,380,1074,2017
3178,50,1079,2017
3179,561,1079,2017
3180,279,633,2017
3181,328,633,2017
3182,212,438,2017
3183,365,438,2017
3184,352,812,2017
3185,517,812,2017
3186,15,132,2017
3187,50,132,2017
3188,47,1029,2017
3189,159,1029,2017
3190,15,130,2017
3191,328,130,2017
3192,212,441,2017
3193,599,441,2017
3194,15,131,2017
3195,365,131,2017
3196,380,887,2017
3197,610,887,2017
3198,561,1108,2017
3199,610,1108,2017
3200,414,970,2017
3201,610,970,2017
3202,50,1073,2017
3203,365,1073,2017
3204,517,1090,2017
3205,561,1090,2017
3206,47,1035,2017
3207,50,1035,2017
3208,50,1068,2017
3209,328,1068,2017
3210,380,885,2017
3211,599,885,2017
3212,89,1299,2018
3213,338,1299,2018
3214,98,1357,2018
3215,111,1357,2018
3216,111,21,2018
3217,153,21,2018
3218,567,21,2018
3219,62,1200,2018
3220,331,1200,2018
3221,111,25,2018
3222,331,25,2018
3223,596,25,2018
3224,50,1066,2018
3225,111,1066,2018
3226,567,1066,2018
3227,567,1111,2018
3228,599,1111,2018
3229,62,1202,2018
3230,98,1202,2018
3231,98,1359,2018
3232,567,1359,2018
3233,89,1294,2018
3234,153,1294,2018
3235,567,1294,2018
3236,212,440,2018
3237,567,440,2018
3238,248,575,2018
3239,338,575,2018
3240,153,141,2018
3241,586,141,2018
3242,153,137,2018
3243,329,137,2018
3244,329,794,2018
3245,567,794,2018
3246,50,1082,2018
3247,89,1082,2018
3248,153,136,2018
3249,272,136,2018
3250,89,1297,2018
3251,329,1297,2018
3252,153,139,2018
3253,514,139,2018
3254,111,28,2018
3255,596,28,2018
3256,382,895,2018
3257,599,895,2018
3258,111,23,2018
3259,329,23,2018
3260,89,1298,2018
3261,331,1298,2018
3262,89,1302,2018
3263,599,1302,2018
3264,514,1089,2018
3265,599,1089,2018
3266,111,26,2018
3267,338,26,2018
3268,89,1301,2018
3269,596,1301,2018
3270,153,138,2018
3271,331,138,2018
3272,331,799,2018
3273,567,799,2018
3274,331,800,2018
3275,596,800,2018
3276,153,142,2018
3277,596,142,2018
3278,111,24,2018
3279,331,24,2018
3280,596,1180,2018
3281,599,1180,2018
3282,111,29,2018
3283,599,29,2018
3284,153,143,2018
3285,599,143,2018
3286,111,22,2018
3287,233,22,2018
3288,89,1293,2018
3289,153,1293,2018
3290,89,1292,2018
3291,111,1292,2018
3292,98,1358,2018
3293,153,1358,2018
3294,62,1199,2018
3295,111,1199,2018
3296,89,1300,2018
3297,567,1300,2018
3298,68,1226,2018
3299,153,1226,2018
3300,89,1295,2018
3301,233,1295,2018
3302,153,135,2018
3303,233,135,2018
3304,305,721,2018
3305,567,721,2018
3306,111,20,2018
3307,153,20,2018
3308,50,1067,2018
3309,153,1067,2018
3310,514,1088,2018
3311,567,1088,2018
3312,567,1110,2018
3313,596,1110,2018
3314,382,894,2018
3315,567,894,2018
3316,62,1201,2018
3317,567,1201,2018
3318,50,1080,2018
3319,567,1080,2018
3320,184,278,2018
3321,567,278,2018
3322,153,140,2018
3323,567,140,2018
3324,296,696,2018
3325,567,696,2018
3326,111,27,2018
3327,567,27,2018
3328,89,1296,2018
3329,306,1296,2018
3330,305,719,2018
3331,514,719,2018
3332,233,562,2018
3333,338,562,2018
