,user_id,group_id,period
0,107,54,1996-05
1,536,54,1996-05
2,40,625,1996-05
3,99,625,1996-05
4,107,625,1996-05
5,107,51,1996-05
6,130,51,1996-05
7,40,627,1996-05
8,99,627,1996-05
9,353,627,1996-05
10,35,532,1996-05
11,107,532,1996-05
12,429,532,1996-05
13,468,532,1996-05
14,107,52,1996-05
15,134,52,1996-05
16,35,533,1996-05
17,40,533,1996-05
18,107,533,1996-05
19,107,53,1996-05
20,136,53,1996-05
21,40,620,1996-05
22,107,620,1996-05
23,35,531,1996-05
24,107,531,1996-05
25,136,109,1996-05
26,284,109,1996-05
27,40,621,1996-05
28,191,621,1996-05
29,353,621,1996-05
30,40,626,1996-05
31,99,626,1996-05
32,191,626,1996-05
33,353,543,1996-05
34,444,543,1996-05
35,604,543,1996-05
36,191,247,1996-05
37,284,247,1996-05
38,353,247,1996-05
39,40,623,1996-05
40,353,623,1996-05
41,40,622,1996-05
42,191,622,1996-05
43,444,622,1996-05
44,35,535,1996-05
45,429,535,1996-05
46,536,535,1996-05
47,40,624,1996-05
48,536,624,1996-05
49,99,1050,1996-05
50,191,1050,1996-05
51,353,1050,1996-05
52,99,1048,1996-05
53,136,1048,1996-05
54,353,1048,1996-05
55,35,536,1996-05
56,99,536,1996-05
57,429,536,1996-05
58,99,1052,1996-05
59,284,1052,1996-05
60,353,1052,1996-05
61,284,442,1996-05
62,353,442,1996-05
63,99,1053,1996-05
64,536,1053,1996-05
65,136,112,1996-05
66,536,112,1996-05
67,99,1047,1996-05
68,136,1047,1996-05
69,353,542,1996-05
70,444,542,1996-05
71,353,541,1996-05
72,436,541,1996-05
73,99,1051,1996-05
74,284,1051,1996-05
75,134,108,1996-05
76,429,108,1996-05
77,468,108,1996-05
78,429,662,1996-05
79,468,662,1996-05
80,99,1049,1996-05
81,191,1049,1996-05
82,35,534,1996-05
83,429,534,1996-05
84,136,110,1996-05
85,429,110,1996-05
86,99,1046,1996-05
87,130,1046,1996-05
88,191,249,1996-05
89,444,249,1996-05
90,191,248,1996-05
91,353,248,1996-05
92,284,444,1996-05
93,536,444,1996-05
94,136,111,1996-05
95,468,111,1996-05
96,284,443,1996-05
97,429,443,1996-05
98,109,58,1996-08
99,162,58,1996-08
100,179,58,1996-08
101,455,58,1996-08
102,476,58,1996-08
103,486,58,1996-08
104,498,58,1996-08
105,512,58,1996-08
106,38,560,1996-08
107,109,560,1996-08
108,176,560,1996-08
109,179,560,1996-08
110,229,560,1996-08
111,447,560,1996-08
112,486,560,1996-08
113,498,560,1996-08
114,512,560,1996-08
115,574,560,1996-08
116,588,560,1996-08
117,602,560,1996-08
118,109,64,1996-08
119,179,64,1996-08
120,486,64,1996-08
121,498,64,1996-08
122,512,64,1996-08
123,541,64,1996-08
124,584,64,1996-08
125,592,64,1996-08
126,109,63,1996-08
127,179,63,1996-08
128,486,63,1996-08
129,498,63,1996-08
130,512,63,1996-08
131,176,199,1996-08
132,455,199,1996-08
133,512,199,1996-08
134,574,199,1996-08
135,588,199,1996-08
136,602,199,1996-08
137,56,858,1996-08
138,235,858,1996-08
139,349,858,1996-08
140,411,858,1996-08
141,455,858,1996-08
142,485,858,1996-08
143,512,858,1996-08
144,592,858,1996-08
145,46,738,1996-08
146,176,738,1996-08
147,512,738,1996-08
148,574,738,1996-08
149,588,738,1996-08
150,592,738,1996-08
151,602,738,1996-08
152,176,201,1996-08
153,512,201,1996-08
154,574,201,1996-08
155,588,201,1996-08
156,602,201,1996-08
157,38,561,1996-08
158,176,561,1996-08
159,229,561,1996-08
160,476,561,1996-08
161,486,561,1996-08
162,498,561,1996-08
163,512,561,1996-08
164,588,561,1996-08
165,602,561,1996-08
166,476,787,1996-08
167,486,787,1996-08
168,498,787,1996-08
169,512,787,1996-08
170,541,787,1996-08
171,592,787,1996-08
172,476,786,1996-08
173,486,786,1996-08
174,498,786,1996-08
175,512,786,1996-08
176,38,567,1996-08
177,46,567,1996-08
178,176,567,1996-08
179,229,567,1996-08
180,486,567,1996-08
181,498,567,1996-08
182,512,567,1996-08
183,541,567,1996-08
184,588,567,1996-08
185,592,567,1996-08
186,602,567,1996-08
187,38,562,1996-08
188,176,562,1996-08
189,229,562,1996-08
190,486,562,1996-08
191,498,562,1996-08
192,512,562,1996-08
193,588,562,1996-08
194,602,562,1996-08
195,486,806,1996-08
196,498,806,1996-08
197,512,806,1996-08
198,541,806,1996-08
199,592,806,1996-08
200,486,805,1996-08
201,498,805,1996-08
202,512,805,1996-08
203,46,736,1996-08
204,176,736,1996-08
205,242,736,1996-08
206,512,736,1996-08
207,588,736,1996-08
208,592,736,1996-08
209,602,736,1996-08
210,46,739,1996-08
211,176,739,1996-08
212,512,739,1996-08
213,588,739,1996-08
214,592,739,1996-08
215,602,739,1996-08
216,176,203,1996-08
217,512,203,1996-08
218,588,203,1996-08
219,602,203,1996-08
220,512,838,1996-08
221,592,838,1996-08
222,229,320,1996-08
223,385,320,1996-08
224,486,320,1996-08
225,498,320,1996-08
226,192,250,1996-08
227,235,250,1996-08
228,411,250,1996-08
229,485,250,1996-08
230,486,250,1996-08
231,498,250,1996-08
232,584,250,1996-08
233,592,250,1996-08
234,229,325,1996-08
235,486,325,1996-08
236,498,325,1996-08
237,584,325,1996-08
238,592,325,1996-08
239,486,809,1996-08
240,498,809,1996-08
241,584,809,1996-08
242,592,809,1996-08
243,142,124,1996-08
244,235,124,1996-08
245,411,124,1996-08
246,485,124,1996-08
247,592,124,1996-08
248,235,344,1996-08
249,411,344,1996-08
250,485,344,1996-08
251,592,344,1996-08
252,229,326,1996-08
253,486,326,1996-08
254,498,326,1996-08
255,592,326,1996-08
256,229,324,1996-08
257,486,324,1996-08
258,498,324,1996-08
259,486,810,1996-08
260,498,810,1996-08
261,592,810,1996-08
262,102,32,1996-08
263,109,32,1996-08
264,411,32,1996-08
265,486,32,1996-08
266,512,32,1996-08
267,109,65,1996-08
268,229,65,1996-08
269,447,65,1996-08
270,486,65,1996-08
271,512,65,1996-08
272,588,65,1996-08
273,602,65,1996-08
274,109,70,1996-08
275,486,70,1996-08
276,512,70,1996-08
277,142,125,1996-08
278,242,125,1996-08
279,411,125,1996-08
280,512,125,1996-08
281,588,125,1996-08
282,602,125,1996-08
283,229,317,1996-08
284,242,317,1996-08
285,486,317,1996-08
286,512,317,1996-08
287,588,317,1996-08
288,602,317,1996-08
289,229,327,1996-08
290,486,327,1996-08
291,512,327,1996-08
292,588,327,1996-08
293,602,327,1996-08
294,242,369,1996-08
295,512,369,1996-08
296,588,369,1996-08
297,602,369,1996-08
298,142,121,1996-08
299,229,121,1996-08
300,411,121,1996-08
301,486,121,1996-08
302,8,1006,1996-08
303,38,1006,1996-08
304,162,1006,1996-08
305,314,1006,1996-08
306,455,1006,1996-08
307,512,1006,1996-08
308,602,1006,1996-08
309,162,162,1996-08
310,235,162,1996-08
311,411,162,1996-08
312,444,162,1996-08
313,455,162,1996-08
314,512,162,1996-08
315,162,166,1996-08
316,455,166,1996-08
317,512,166,1996-08
318,142,123,1996-08
319,235,123,1996-08
320,411,123,1996-08
321,455,123,1996-08
322,512,123,1996-08
323,602,123,1996-08
324,455,726,1996-08
325,512,726,1996-08
326,602,726,1996-08
327,235,343,1996-08
328,411,343,1996-08
329,455,343,1996-08
330,512,343,1996-08
331,455,725,1996-08
332,512,725,1996-08
333,142,122,1996-08
334,235,122,1996-08
335,411,122,1996-08
336,142,127,1996-08
337,411,127,1996-08
338,512,127,1996-08
339,602,127,1996-08
340,411,649,1996-08
341,512,649,1996-08
342,142,126,1996-08
343,411,126,1996-08
344,176,186,1996-08
345,179,186,1996-08
346,229,186,1996-08
347,314,186,1996-08
348,385,186,1996-08
349,476,186,1996-08
350,486,186,1996-08
351,602,186,1996-08
352,179,218,1996-08
353,476,218,1996-08
354,486,218,1996-08
355,584,218,1996-08
356,592,218,1996-08
357,179,217,1996-08
358,476,217,1996-08
359,486,217,1996-08
360,176,187,1996-08
361,179,187,1996-08
362,229,187,1996-08
363,486,187,1996-08
364,584,187,1996-08
365,592,187,1996-08
366,602,187,1996-08
367,176,188,1996-08
368,179,188,1996-08
369,229,188,1996-08
370,486,188,1996-08
371,602,188,1996-08
372,179,224,1996-08
373,486,224,1996-08
374,584,224,1996-08
375,592,224,1996-08
376,176,197,1996-08
377,273,197,1996-08
378,592,197,1996-08
379,602,197,1996-08
380,176,190,1996-08
381,229,190,1996-08
382,476,190,1996-08
383,486,190,1996-08
384,592,190,1996-08
385,602,190,1996-08
386,176,191,1996-08
387,229,191,1996-08
388,476,191,1996-08
389,486,191,1996-08
390,602,191,1996-08
391,476,788,1996-08
392,486,788,1996-08
393,592,788,1996-08
394,476,785,1996-08
395,486,785,1996-08
396,176,192,1996-08
397,229,192,1996-08
398,486,192,1996-08
399,592,192,1996-08
400,602,192,1996-08
401,176,193,1996-08
402,229,193,1996-08
403,486,193,1996-08
404,602,193,1996-08
405,176,208,1996-08
406,592,208,1996-08
407,602,208,1996-08
408,229,321,1996-08
409,385,321,1996-08
410,486,321,1996-08
411,584,321,1996-08
412,592,321,1996-08
413,229,319,1996-08
414,385,319,1996-08
415,486,319,1996-08
416,229,328,1996-08
417,486,328,1996-08
418,584,328,1996-08
419,592,328,1996-08
420,229,329,1996-08
421,486,329,1996-08
422,592,329,1996-08
423,229,330,1996-08
424,486,330,1996-08
425,602,330,1996-08
426,314,476,1996-08
427,602,476,1996-08
428,56,855,1996-08
429,102,855,1996-08
430,512,855,1996-08
431,584,855,1996-08
432,14,113,1996-08
433,176,113,1996-08
434,512,113,1996-08
435,574,113,1996-08
436,584,113,1996-08
437,602,113,1996-08
438,56,856,1996-08
439,176,856,1996-08
440,242,856,1996-08
441,512,856,1996-08
442,574,856,1996-08
443,602,856,1996-08
444,56,863,1996-08
445,512,863,1996-08
446,176,202,1996-08
447,512,202,1996-08
448,574,202,1996-08
449,602,202,1996-08
450,176,194,1996-08
451,242,194,1996-08
452,512,194,1996-08
453,602,194,1996-08
454,176,204,1996-08
455,512,204,1996-08
456,602,204,1996-08
457,102,33,1996-08
458,242,33,1996-08
459,512,33,1996-08
460,602,33,1996-08
461,102,34,1996-08
462,512,34,1996-08
463,242,370,1996-08
464,512,370,1996-08
465,602,370,1996-08
466,176,207,1996-08
467,584,207,1996-08
468,602,207,1996-08
469,8,1007,1996-08
470,38,1007,1996-08
471,512,1007,1996-08
472,588,1007,1996-08
473,602,1007,1996-08
474,38,568,1996-08
475,46,568,1996-08
476,394,568,1996-08
477,512,568,1996-08
478,541,568,1996-08
479,588,568,1996-08
480,602,568,1996-08
481,46,734,1996-08
482,142,734,1996-08
483,512,734,1996-08
484,588,734,1996-08
485,602,734,1996-08
486,38,569,1996-08
487,46,569,1996-08
488,512,569,1996-08
489,541,569,1996-08
490,588,569,1996-08
491,602,569,1996-08
492,38,570,1996-08
493,512,570,1996-08
494,588,570,1996-08
495,602,570,1996-08
496,512,835,1996-08
497,541,835,1996-08
498,46,769,1996-08
499,512,769,1996-08
500,588,769,1996-08
501,602,769,1996-08
502,142,134,1996-08
503,512,134,1996-08
504,588,134,1996-08
505,602,134,1996-08
506,8,1005,1996-08
507,38,1005,1996-08
508,142,1005,1996-08
509,512,1005,1996-08
510,602,1005,1996-08
511,8,1008,1996-08
512,38,1008,1996-08
513,512,1008,1996-08
514,602,1008,1996-08
515,38,571,1996-08
516,512,571,1996-08
517,602,571,1996-08
518,142,135,1996-08
519,512,135,1996-08
520,602,135,1996-08
521,447,697,1996-08
522,476,697,1996-08
523,498,697,1996-08
524,574,697,1996-08
525,588,697,1996-08
526,46,756,1996-08
527,447,756,1996-08
528,498,756,1996-08
529,574,756,1996-08
530,588,756,1996-08
531,592,756,1996-08
532,447,700,1996-08
533,498,700,1996-08
534,574,700,1996-08
535,588,700,1996-08
536,46,733,1996-08
537,142,733,1996-08
538,273,733,1996-08
539,574,733,1996-08
540,588,733,1996-08
541,592,733,1996-08
542,46,773,1996-08
543,574,773,1996-08
544,588,773,1996-08
545,592,773,1996-08
546,574,889,1996-08
547,588,889,1996-08
548,46,758,1996-08
549,476,758,1996-08
550,498,758,1996-08
551,588,758,1996-08
552,592,758,1996-08
553,476,790,1996-08
554,498,790,1996-08
555,588,790,1996-08
556,476,791,1996-08
557,498,791,1996-08
558,592,791,1996-08
559,476,789,1996-08
560,498,789,1996-08
561,46,767,1996-08
562,498,767,1996-08
563,588,767,1996-08
564,592,767,1996-08
565,498,822,1996-08
566,588,822,1996-08
567,46,776,1996-08
568,588,776,1996-08
569,592,776,1996-08
570,142,133,1996-08
571,498,133,1996-08
572,592,133,1996-08
573,142,138,1996-08
574,592,138,1996-08
575,142,128,1996-08
576,447,128,1996-08
577,588,128,1996-08
578,447,703,1996-08
579,588,703,1996-08
580,46,735,1996-08
581,142,735,1996-08
582,588,735,1996-08
583,46,775,1996-08
584,588,775,1996-08
585,142,137,1996-08
586,588,137,1996-08
587,179,219,1996-08
588,485,219,1996-08
589,486,219,1996-08
590,498,219,1996-08
591,541,219,1996-08
592,584,219,1996-08
593,179,222,1996-08
594,486,222,1996-08
595,498,222,1996-08
596,541,222,1996-08
597,584,222,1996-08
598,179,221,1996-08
599,486,221,1996-08
600,498,221,1996-08
601,142,130,1996-08
602,485,130,1996-08
603,486,130,1996-08
604,498,130,1996-08
605,584,130,1996-08
606,485,797,1996-08
607,486,797,1996-08
608,498,797,1996-08
609,584,797,1996-08
610,486,808,1996-08
611,498,808,1996-08
612,584,808,1996-08
613,142,129,1996-08
614,485,129,1996-08
615,142,131,1996-08
616,486,131,1996-08
617,179,223,1996-08
618,486,223,1996-08
619,584,223,1996-08
620,179,220,1996-08
621,486,220,1996-08
622,142,136,1996-08
623,541,136,1996-08
624,142,132,1996-08
625,498,132,1996-08
626,8,1017,1996-08
627,498,1017,1996-08
628,56,859,1996-08
629,235,859,1996-08
630,498,859,1996-08
631,584,859,1996-08
632,592,859,1996-08
633,46,766,1996-08
634,498,766,1996-08
635,584,766,1996-08
636,592,766,1996-08
637,46,772,1996-08
638,56,772,1996-08
639,235,772,1996-08
640,273,772,1996-08
641,592,772,1996-08
642,56,860,1996-08
643,235,860,1996-08
644,592,860,1996-08
645,235,349,1996-08
646,498,349,1996-08
647,584,349,1996-08
648,592,349,1996-08
649,498,821,1996-08
650,584,821,1996-08
651,592,821,1996-08
652,8,1002,1996-08
653,235,1002,1996-08
654,46,749,1996-08
655,273,749,1996-08
656,498,749,1996-08
657,592,749,1996-08
658,192,251,1996-08
659,349,251,1996-08
660,485,251,1996-08
661,498,251,1996-08
662,541,251,1996-08
663,584,251,1996-08
664,349,529,1996-08
665,485,529,1996-08
666,192,253,1996-08
667,485,253,1996-08
668,498,253,1996-08
669,584,253,1996-08
670,485,798,1996-08
671,498,798,1996-08
672,541,798,1996-08
673,584,798,1996-08
674,498,819,1996-08
675,541,819,1996-08
676,584,819,1996-08
677,485,799,1996-08
678,498,799,1996-08
679,584,799,1996-08
680,8,1000,1996-08
681,176,1000,1996-08
682,46,740,1996-08
683,176,740,1996-08
684,584,740,1996-08
685,592,740,1996-08
686,46,737,1996-08
687,176,737,1996-08
688,485,737,1996-08
689,592,737,1996-08
690,46,741,1996-08
691,176,741,1996-08
692,592,741,1996-08
693,192,255,1996-08
694,485,255,1996-08
695,584,255,1996-08
696,592,255,1996-08
697,485,804,1996-08
698,592,804,1996-08
699,176,206,1996-08
700,584,206,1996-08
701,592,206,1996-08
702,8,1014,1996-08
703,46,1014,1996-08
704,584,1014,1996-08
705,592,1014,1996-08
706,56,857,1996-08
707,192,857,1996-08
708,411,857,1996-08
709,486,857,1996-08
710,541,857,1996-08
711,584,857,1996-08
712,592,857,1996-08
713,486,812,1996-08
714,541,812,1996-08
715,584,812,1996-08
716,592,812,1996-08
717,56,861,1996-08
718,411,861,1996-08
719,592,861,1996-08
720,486,813,1996-08
721,541,813,1996-08
722,592,813,1996-08
723,192,252,1996-08
724,411,252,1996-08
725,486,252,1996-08
726,584,252,1996-08
727,592,252,1996-08
728,486,814,1996-08
729,584,814,1996-08
730,592,814,1996-08
731,486,811,1996-08
732,541,811,1996-08
733,584,811,1996-08
734,56,866,1996-08
735,584,866,1996-08
736,592,866,1996-08
737,56,867,1996-08
738,592,867,1996-08
739,56,865,1996-08
740,584,865,1996-08
741,192,256,1996-08
742,541,256,1996-08
743,584,256,1996-08
744,192,257,1996-08
745,584,257,1996-08
746,592,257,1996-08
747,8,1015,1996-08
748,476,1015,1996-08
749,411,641,1996-08
750,476,641,1996-08
751,485,641,1996-08
752,541,641,1996-08
753,584,641,1996-08
754,46,771,1996-08
755,541,771,1996-08
756,584,771,1996-08
757,46,753,1996-08
758,411,753,1996-08
759,485,753,1996-08
760,46,759,1996-08
761,476,759,1996-08
762,541,759,1996-08
763,411,643,1996-08
764,485,643,1996-08
765,584,643,1996-08
766,411,642,1996-08
767,485,642,1996-08
768,8,1009,1996-08
769,411,1009,1996-08
770,8,1012,1996-08
771,46,1012,1996-08
772,541,1012,1996-08
773,46,770,1996-08
774,541,770,1996-08
775,485,803,1996-08
776,541,803,1996-08
777,584,803,1996-08
778,8,1011,1996-08
779,46,1011,1996-08
780,485,1011,1996-08
781,584,1011,1996-08
782,8,1013,1996-08
783,46,1013,1996-08
784,584,1013,1996-08
785,8,1010,1996-08
786,46,1010,1996-08
787,8,999,1996-08
788,170,999,1996-08
789,179,999,1996-08
790,229,999,1996-08
791,179,212,1996-08
792,229,212,1996-08
793,109,59,1996-08
794,162,59,1996-08
795,235,59,1996-08
796,411,59,1996-08
797,498,59,1996-08
798,109,60,1996-08
799,162,60,1996-08
800,498,60,1996-08
801,109,71,1996-08
802,498,71,1996-08
803,235,345,1996-08
804,411,345,1996-08
805,498,345,1996-08
806,162,161,1996-08
807,235,161,1996-08
808,411,161,1996-08
809,235,342,1996-08
810,411,342,1996-08
811,235,348,1996-08
812,498,348,1996-08
813,179,213,1996-08
814,235,213,1996-08
815,349,213,1996-08
816,584,213,1996-08
817,235,341,1996-08
818,349,341,1996-08
819,179,214,1996-08
820,243,214,1996-08
821,584,214,1996-08
822,349,530,1996-08
823,584,530,1996-08
824,179,216,1996-08
825,349,216,1996-08
826,507,216,1996-08
827,179,215,1996-08
828,349,215,1996-08
829,235,339,1996-08
830,243,339,1996-08
831,235,346,1996-08
832,476,346,1996-08
833,584,346,1996-08
834,592,346,1996-08
835,273,423,1996-08
836,476,423,1996-08
837,584,423,1996-08
838,592,423,1996-08
839,476,794,1996-08
840,584,794,1996-08
841,592,794,1996-08
842,46,748,1996-08
843,273,748,1996-08
844,476,748,1996-08
845,592,748,1996-08
846,46,761,1996-08
847,476,761,1996-08
848,592,761,1996-08
849,273,424,1996-08
850,476,424,1996-08
851,592,424,1996-08
852,476,795,1996-08
853,592,795,1996-08
854,46,744,1996-08
855,235,744,1996-08
856,273,744,1996-08
857,584,744,1996-08
858,592,744,1996-08
859,46,745,1996-08
860,235,745,1996-08
861,273,745,1996-08
862,592,745,1996-08
863,235,351,1996-08
864,584,351,1996-08
865,592,351,1996-08
866,273,427,1996-08
867,584,427,1996-08
868,592,427,1996-08
869,46,751,1996-08
870,273,751,1996-08
871,592,751,1996-08
872,273,429,1996-08
873,592,429,1996-08
874,46,774,1996-08
875,584,774,1996-08
876,592,774,1996-08
877,46,760,1996-08
878,476,760,1996-08
879,584,760,1996-08
880,46,757,1996-08
881,476,757,1996-08
882,235,350,1996-08
883,584,350,1996-08
884,411,646,1996-08
885,486,646,1996-08
886,498,646,1996-08
887,541,646,1996-08
888,411,645,1996-08
889,486,645,1996-08
890,498,645,1996-08
891,243,375,1996-08
892,486,375,1996-08
893,498,375,1996-08
894,541,375,1996-08
895,486,807,1996-08
896,498,807,1996-08
897,541,807,1996-08
898,411,647,1996-08
899,486,647,1996-08
900,541,647,1996-08
901,411,644,1996-08
902,486,644,1996-08
903,243,372,1996-08
904,411,372,1996-08
905,498,372,1996-08
906,411,648,1996-08
907,498,648,1996-08
908,243,377,1996-08
909,498,377,1996-08
910,46,743,1996-08
911,229,743,1996-08
912,584,743,1996-08
913,46,747,1996-08
914,273,747,1996-08
915,411,747,1996-08
916,46,742,1996-08
917,229,742,1996-08
918,229,323,1996-08
919,411,323,1996-08
920,584,323,1996-08
921,229,322,1996-08
922,411,322,1996-08
923,229,318,1996-08
924,273,318,1996-08
925,584,318,1996-08
926,229,331,1996-08
927,584,331,1996-08
928,46,754,1996-08
929,411,754,1996-08
930,584,754,1996-08
931,46,752,1996-08
932,411,752,1996-08
933,46,750,1996-08
934,273,750,1996-08
935,584,750,1996-08
936,273,426,1996-08
937,584,426,1996-08
938,46,746,1996-08
939,273,746,1996-08
940,485,801,1996-08
941,512,801,1996-08
942,584,801,1996-08
943,485,802,1996-08
944,512,802,1996-08
945,602,802,1996-08
946,485,800,1996-08
947,512,800,1996-08
948,512,837,1996-08
949,584,837,1996-08
950,602,837,1996-08
951,512,836,1996-08
952,584,836,1996-08
953,243,373,1996-08
954,485,373,1996-08
955,584,373,1996-08
956,176,189,1996-08
957,192,189,1996-08
958,584,189,1996-08
959,176,205,1996-08
960,584,205,1996-08
961,242,367,1996-08
962,273,367,1996-08
963,512,367,1996-08
964,242,368,1996-08
965,486,368,1996-08
966,512,368,1996-08
967,8,1001,1996-08
968,192,1001,1996-08
969,485,1001,1996-08
970,584,1001,1996-08
971,192,254,1996-08
972,485,254,1996-08
973,584,254,1996-08
974,8,1016,1996-08
975,485,1016,1996-08
976,584,1016,1996-08
977,8,1019,1996-08
978,584,1019,1996-08
979,102,35,1996-08
980,588,35,1996-08
981,38,572,1996-08
982,588,572,1996-08
983,273,428,1996-08
984,588,428,1996-08
985,14,114,1996-08
986,46,114,1996-08
987,447,114,1996-08
988,486,114,1996-08
989,46,764,1996-08
990,486,764,1996-08
991,46,755,1996-08
992,447,755,1996-08
993,447,698,1996-08
994,486,698,1996-08
995,584,698,1996-08
996,602,698,1996-08
997,447,699,1996-08
998,486,699,1996-08
999,602,699,1996-08
1000,486,815,1996-08
1001,584,815,1996-08
1002,602,815,1996-08
1003,584,912,1996-08
1004,602,912,1996-08
1005,162,165,1996-08
1006,411,165,1996-08
1007,541,165,1996-08
1008,584,165,1996-08
1009,411,651,1996-08
1010,541,651,1996-08
1011,584,651,1996-08
1012,162,164,1996-08
1013,411,164,1996-08
1014,411,650,1996-08
1015,541,650,1996-08
1016,109,68,1996-08
1017,411,68,1996-08
1018,592,68,1996-08
1019,109,62,1996-08
1020,176,62,1996-08
1021,592,62,1996-08
1022,109,61,1996-08
1023,176,61,1996-08
1024,109,73,1996-08
1025,592,73,1996-08
1026,176,198,1996-08
1027,411,198,1996-08
1028,592,198,1996-08
1029,411,652,1996-08
1030,592,652,1996-08
1031,109,67,1996-08
1032,411,67,1996-08
1033,109,57,1996-08
1034,162,57,1996-08
1035,498,820,1996-08
1036,574,820,1996-08
1037,56,862,1996-08
1038,498,862,1996-08
1039,38,565,1996-08
1040,385,565,1996-08
1041,385,578,1996-08
1042,411,578,1996-08
1043,38,566,1996-08
1044,411,566,1996-08
1045,8,1018,1996-08
1046,512,1018,1996-08
1047,162,168,1996-08
1048,476,168,1996-08
1049,584,168,1996-08
1050,162,167,1996-08
1051,476,167,1996-08
1052,476,793,1996-08
1053,584,793,1996-08
1054,162,169,1996-08
1055,584,169,1996-08
1056,109,69,1996-08
1057,447,69,1996-08
1058,512,69,1996-08
1059,109,72,1996-08
1060,512,72,1996-08
1061,46,763,1996-08
1062,485,763,1996-08
1063,584,763,1996-08
1064,46,762,1996-08
1065,485,762,1996-08
1066,235,338,1996-08
1067,242,338,1996-08
1068,602,338,1996-08
1069,235,352,1996-08
1070,602,352,1996-08
1071,242,371,1996-08
1072,602,371,1996-08
1073,176,196,1996-08
1074,273,196,1996-08
1075,486,196,1996-08
1076,273,425,1996-08
1077,486,425,1996-08
1078,385,580,1996-08
1079,602,580,1996-08
1080,46,768,1996-08
1081,498,768,1996-08
1082,592,768,1996-08
1083,8,1004,1996-08
1084,38,1004,1996-08
1085,8,1003,1996-08
1086,273,1003,1996-08
1087,447,701,1996-08
1088,541,701,1996-08
1089,447,696,1996-08
1090,476,696,1996-08
1091,476,792,1996-08
1092,541,792,1996-08
1093,46,765,1996-08
1094,498,765,1996-08
1095,584,765,1996-08
1096,273,421,1996-08
1097,314,421,1996-08
1098,38,563,1996-08
1099,273,563,1996-08
1100,541,850,1996-08
1101,584,850,1996-08
1102,592,850,1996-08
1103,541,851,1996-08
1104,592,851,1996-08
1105,447,695,1996-08
1106,455,695,1996-08
1107,455,727,1996-08
1108,584,727,1996-08
1109,447,702,1996-08
1110,584,702,1996-08
1111,162,170,1996-08
1112,602,170,1996-08
1113,176,200,1996-08
1114,486,200,1996-08
1115,592,200,1996-08
1116,243,376,1996-08
1117,486,376,1996-08
1118,584,376,1996-08
1119,235,347,1996-08
1120,486,347,1996-08
1121,592,347,1996-08
1122,486,816,1996-08
1123,588,816,1996-08
1124,38,564,1996-08
1125,314,564,1996-08
1126,14,116,1996-08
1127,602,116,1996-08
1128,273,422,1996-08
1129,385,422,1996-08
1130,109,66,1996-08
1131,235,66,1996-08
1132,243,374,1996-08
1133,486,374,1996-08
1134,235,340,1996-08
1135,273,340,1996-08
1136,14,115,1996-08
1137,584,115,1996-08
1138,56,864,1996-08
1139,574,864,1996-08
1140,176,195,1996-08
1141,273,195,1996-08
1142,162,163,1996-08
1143,262,163,1996-08
1144,6,929,1996-11
1145,240,929,1996-11
1146,379,929,1996-11
1147,458,929,1996-11
1148,470,929,1996-11
1149,566,929,1996-11
1150,6,964,1996-11
1151,58,964,1996-11
1152,94,964,1996-11
1153,117,964,1996-11
1154,340,964,1996-11
1155,566,964,1996-11
1156,6,953,1996-11
1157,566,953,1996-11
1158,6,961,1996-11
1159,58,961,1996-11
1160,340,961,1996-11
1161,379,961,1996-11
1162,458,961,1996-11
1163,6,945,1996-11
1164,43,945,1996-11
1165,379,945,1996-11
1166,458,945,1996-11
1167,530,945,1996-11
1168,6,939,1996-11
1169,379,939,1996-11
1170,458,939,1996-11
1171,6,955,1996-11
1172,58,955,1996-11
1173,126,955,1996-11
1174,340,955,1996-11
1175,58,892,1996-11
1176,117,892,1996-11
1177,470,892,1996-11
1178,566,892,1996-11
1179,173,176,1996-11
1180,470,176,1996-11
1181,566,176,1996-11
1182,470,782,1996-11
1183,566,782,1996-11
1184,58,891,1996-11
1185,117,891,1996-11
1186,373,891,1996-11
1187,566,891,1996-11
1188,58,893,1996-11
1189,117,893,1996-11
1190,566,893,1996-11
1191,58,903,1996-11
1192,374,903,1996-11
1193,5,829,1996-11
1194,58,829,1996-11
1195,373,829,1996-11
1196,565,829,1996-11
1197,6,935,1996-11
1198,340,935,1996-11
1199,458,935,1996-11
1200,470,935,1996-11
1201,6,936,1996-11
1202,340,936,1996-11
1203,559,936,1996-11
1204,6,926,1996-11
1205,174,926,1996-11
1206,340,926,1996-11
1207,458,926,1996-11
1208,6,934,1996-11
1209,340,934,1996-11
1210,458,934,1996-11
1211,6,943,1996-11
1212,43,943,1996-11
1213,181,943,1996-11
1214,458,943,1996-11
1215,470,943,1996-11
1216,530,943,1996-11
1217,6,942,1996-11
1218,43,942,1996-11
1219,174,942,1996-11
1220,458,942,1996-11
1221,530,942,1996-11
1222,6,947,1996-11
1223,43,947,1996-11
1224,458,947,1996-11
1225,530,947,1996-11
1226,6,924,1996-11
1227,174,924,1996-11
1228,181,924,1996-11
1229,458,924,1996-11
1230,470,924,1996-11
1231,6,928,1996-11
1232,181,928,1996-11
1233,458,928,1996-11
1234,470,928,1996-11
1235,6,950,1996-11
1236,458,950,1996-11
1237,470,950,1996-11
1238,6,927,1996-11
1239,174,927,1996-11
1240,458,927,1996-11
1241,43,668,1996-11
1242,181,668,1996-11
1243,240,668,1996-11
1244,379,668,1996-11
1245,240,362,1996-11
1246,379,362,1996-11
1247,181,229,1996-11
1248,559,229,1996-11
1249,43,667,1996-11
1250,181,667,1996-11
1251,43,665,1996-11
1252,174,665,1996-11
1253,340,665,1996-11
1254,379,665,1996-11
1255,458,665,1996-11
1256,340,525,1996-11
1257,379,525,1996-11
1258,458,525,1996-11
1259,43,675,1996-11
1260,379,675,1996-11
1261,458,675,1996-11
1262,379,559,1996-11
1263,458,559,1996-11
1264,174,183,1996-11
1265,340,183,1996-11
1266,458,183,1996-11
1267,340,526,1996-11
1268,458,526,1996-11
1269,43,666,1996-11
1270,174,666,1996-11
1271,458,666,1996-11
1272,43,674,1996-11
1273,379,674,1996-11
1274,6,959,1996-11
1275,58,959,1996-11
1276,240,959,1996-11
1277,458,959,1996-11
1278,6,930,1996-11
1279,240,930,1996-11
1280,458,930,1996-11
1281,6,956,1996-11
1282,58,956,1996-11
1283,126,956,1996-11
1284,458,956,1996-11
1285,6,954,1996-11
1286,58,954,1996-11
1287,126,954,1996-11
1288,58,907,1996-11
1289,569,907,1996-11
1290,181,228,1996-11
1291,458,228,1996-11
1292,530,228,1996-11
1293,566,228,1996-11
1294,458,731,1996-11
1295,566,731,1996-11
1296,126,107,1996-11
1297,566,107,1996-11
1298,126,104,1996-11
1299,174,104,1996-11
1300,458,104,1996-11
1301,530,104,1996-11
1302,174,179,1996-11
1303,181,179,1996-11
1304,458,179,1996-11
1305,530,179,1996-11
1306,181,227,1996-11
1307,458,227,1996-11
1308,530,227,1996-11
1309,174,184,1996-11
1310,458,184,1996-11
1311,530,184,1996-11
1312,458,730,1996-11
1313,530,730,1996-11
1314,174,178,1996-11
1315,181,178,1996-11
1316,458,178,1996-11
1317,181,226,1996-11
1318,458,226,1996-11
1319,6,933,1996-11
1320,340,933,1996-11
1321,379,933,1996-11
1322,530,933,1996-11
1323,6,932,1996-11
1324,340,932,1996-11
1325,379,932,1996-11
1326,6,940,1996-11
1327,379,940,1996-11
1328,530,940,1996-11
1329,6,938,1996-11
1330,379,938,1996-11
1331,5,827,1996-11
1332,565,827,1996-11
1333,6,952,1996-11
1334,530,952,1996-11
1335,340,524,1996-11
1336,379,524,1996-11
1337,6,958,1996-11
1338,58,958,1996-11
1339,240,958,1996-11
1340,340,958,1996-11
1341,6,960,1996-11
1342,58,960,1996-11
1343,340,960,1996-11
1344,6,922,1996-11
1345,126,922,1996-11
1346,373,922,1996-11
1347,6,941,1996-11
1348,43,941,1996-11
1349,126,941,1996-11
1350,458,941,1996-11
1351,6,923,1996-11
1352,126,923,1996-11
1353,458,923,1996-11
1354,6,921,1996-11
1355,126,921,1996-11
1356,126,106,1996-11
1357,458,106,1996-11
1358,6,949,1996-11
1359,43,949,1996-11
1360,58,949,1996-11
1361,458,949,1996-11
1362,6,963,1996-11
1363,58,963,1996-11
1364,458,963,1996-11
1365,6,946,1996-11
1366,43,946,1996-11
1367,458,946,1996-11
1368,58,908,1996-11
1369,94,908,1996-11
1370,58,901,1996-11
1371,373,901,1996-11
1372,565,901,1996-11
1373,566,901,1996-11
1374,58,902,1996-11
1375,373,902,1996-11
1376,566,902,1996-11
1377,58,906,1996-11
1378,566,906,1996-11
1379,58,900,1996-11
1380,373,900,1996-11
1381,565,900,1996-11
1382,58,905,1996-11
1383,565,905,1996-11
1384,43,670,1996-11
1385,321,670,1996-11
1386,458,670,1996-11
1387,458,732,1996-11
1388,569,732,1996-11
1389,37,552,1996-11
1390,569,552,1996-11
1391,37,551,1996-11
1392,43,551,1996-11
1393,240,366,1996-11
1394,569,366,1996-11
1395,240,365,1996-11
1396,566,365,1996-11
1397,43,669,1996-11
1398,240,669,1996-11
1399,458,669,1996-11
1400,470,669,1996-11
1401,240,364,1996-11
1402,458,364,1996-11
1403,470,364,1996-11
1404,43,677,1996-11
1405,458,677,1996-11
1406,470,677,1996-11
1407,458,729,1996-11
1408,470,729,1996-11
1409,6,962,1996-11
1410,58,962,1996-11
1411,373,962,1996-11
1412,374,558,1996-11
1413,470,558,1996-11
1414,321,491,1996-11
1415,470,491,1996-11
1416,58,899,1996-11
1417,373,899,1996-11
1418,559,899,1996-11
1419,446,693,1996-11
1420,470,693,1996-11
1421,43,676,1996-11
1422,446,676,1996-11
1423,43,678,1996-11
1424,470,678,1996-11
1425,117,87,1996-11
1426,373,87,1996-11
1427,446,87,1996-11
1428,117,86,1996-11
1429,373,86,1996-11
1430,37,550,1996-11
1431,373,550,1996-11
1432,5,826,1996-11
1433,43,826,1996-11
1434,58,826,1996-11
1435,5,828,1996-11
1436,58,828,1996-11
1437,373,828,1996-11
1438,6,931,1996-11
1439,240,931,1996-11
1440,501,931,1996-11
1441,240,360,1996-11
1442,340,360,1996-11
1443,374,360,1996-11
1444,240,359,1996-11
1445,340,359,1996-11
1446,240,361,1996-11
1447,347,361,1996-11
1448,6,951,1996-11
1449,501,951,1996-11
1450,5,831,1996-11
1451,6,831,1996-11
1452,43,831,1996-11
1453,5,830,1996-11
1454,6,830,1996-11
1455,6,920,1996-11
1456,121,920,1996-11
1457,373,920,1996-11
1458,6,937,1996-11
1459,373,937,1996-11
1460,174,180,1996-11
1461,181,180,1996-11
1462,566,180,1996-11
1463,181,230,1996-11
1464,566,230,1996-11
1465,174,177,1996-11
1466,181,177,1996-11
1467,174,185,1996-11
1468,566,185,1996-11
1469,58,895,1996-11
1470,126,895,1996-11
1471,373,895,1996-11
1472,58,894,1996-11
1473,126,894,1996-11
1474,126,105,1996-11
1475,373,105,1996-11
1476,373,556,1996-11
1477,559,556,1996-11
1478,566,556,1996-11
1479,373,557,1996-11
1480,566,557,1996-11
1481,373,555,1996-11
1482,559,555,1996-11
1483,43,681,1996-11
1484,569,681,1996-11
1485,6,957,1996-11
1486,58,957,1996-11
1487,240,957,1996-11
1488,37,549,1996-11
1489,240,549,1996-11
1490,37,548,1996-11
1491,174,548,1996-11
1492,6,944,1996-11
1493,43,944,1996-11
1494,240,944,1996-11
1495,58,898,1996-11
1496,373,898,1996-11
1497,446,898,1996-11
1498,373,554,1996-11
1499,446,554,1996-11
1500,58,897,1996-11
1501,174,897,1996-11
1502,458,897,1996-11
1503,6,925,1996-11
1504,174,925,1996-11
1505,240,925,1996-11
1506,174,181,1996-11
1507,240,181,1996-11
1508,6,948,1996-11
1509,43,948,1996-11
1510,58,948,1996-11
1511,43,664,1996-11
1512,174,664,1996-11
1513,340,664,1996-11
1514,174,182,1996-11
1515,340,182,1996-11
1516,43,671,1996-11
1517,340,671,1996-11
1518,5,825,1996-11
1519,43,825,1996-11
1520,373,825,1996-11
1521,43,672,1996-11
1522,373,672,1996-11
1523,5,823,1996-11
1524,373,823,1996-11
1525,5,824,1996-11
1526,43,824,1996-11
1527,43,682,1996-11
1528,58,682,1996-11
1529,174,682,1996-11
1530,58,896,1996-11
1531,174,896,1996-11
1532,43,683,1996-11
1533,58,683,1996-11
1534,240,683,1996-11
1535,446,694,1996-11
1536,566,694,1996-11
1537,240,363,1996-11
1538,458,363,1996-11
1539,37,553,1996-11
1540,58,553,1996-11
1541,43,680,1996-11
1542,566,680,1996-11
1543,240,358,1996-11
1544,321,358,1996-11
1545,43,663,1996-11
1546,126,663,1996-11
1547,43,673,1996-11
1548,374,673,1996-11
1549,58,904,1996-11
1550,559,904,1996-11
1551,43,679,1996-11
1552,559,679,1996-11
1553,206,296,1997-02
1554,269,296,1997-02
1555,451,296,1997-02
1556,90,1028,1997-02
1557,206,1028,1997-02
1558,302,1028,1997-02
1559,451,1028,1997-02
1560,521,1028,1997-02
1561,90,1027,1997-02
1562,206,1027,1997-02
1563,302,1027,1997-02
1564,451,1027,1997-02
1565,206,298,1997-02
1566,451,298,1997-02
1567,32,487,1997-02
1568,529,487,1997-02
1569,32,489,1997-02
1570,90,489,1997-02
1571,206,489,1997-02
1572,302,489,1997-02
1573,32,490,1997-02
1574,90,490,1997-02
1575,302,490,1997-02
1576,90,1026,1997-02
1577,206,1026,1997-02
1578,302,1026,1997-02
1579,90,1029,1997-02
1580,302,1029,1997-02
1581,302,464,1997-02
1582,589,464,1997-02
1583,451,721,1997-02
1584,589,721,1997-02
1585,32,485,1997-02
1586,451,485,1997-02
1587,32,484,1997-02
1588,402,484,1997-02
1589,589,484,1997-02
1590,206,299,1997-02
1591,589,299,1997-02
1592,402,630,1997-02
1593,524,630,1997-02
1594,31,472,1997-02
1595,456,472,1997-02
1596,456,728,1997-02
1597,529,728,1997-02
1598,179,225,1997-02
1599,544,225,1997-02
1600,589,225,1997-02
1601,32,483,1997-02
1602,402,483,1997-02
1603,31,471,1997-02
1604,402,471,1997-02
1605,32,482,1997-02
1606,302,482,1997-02
1607,524,482,1997-02
1608,32,481,1997-02
1609,302,481,1997-02
1610,32,486,1997-02
1611,524,486,1997-02
1612,302,463,1997-02
1613,524,463,1997-02
1614,32,488,1997-02
1615,589,488,1997-02
1616,402,631,1997-02
1617,589,631,1997-02
1618,206,297,1997-02
1619,270,297,1997-02
1620,31,473,1997-02
1621,524,473,1997-02
1622,31,470,1997-02
1623,32,470,1997-02
1624,276,435,1997-05
1625,337,435,1997-05
1626,389,435,1997-05
1627,559,435,1997-05
1628,337,516,1997-05
1629,389,516,1997-05
1630,437,516,1997-05
1631,559,516,1997-05
1632,337,518,1997-05
1633,389,518,1997-05
1634,559,518,1997-05
1635,71,981,1997-05
1636,337,981,1997-05
1637,389,981,1997-05
1638,337,515,1997-05
1639,389,515,1997-05
1640,437,515,1997-05
1641,120,92,1997-05
1642,276,92,1997-05
1643,337,92,1997-05
1644,437,92,1997-05
1645,71,983,1997-05
1646,389,983,1997-05
1647,559,983,1997-05
1648,389,582,1997-05
1649,559,582,1997-05
1650,71,982,1997-05
1651,389,982,1997-05
1652,337,519,1997-05
1653,437,519,1997-05
1654,120,93,1997-05
1655,437,93,1997-05
1656,337,517,1997-05
1657,389,517,1997-05
1658,492,517,1997-05
1659,276,436,1997-05
1660,389,436,1997-05
1661,84,1022,1997-05
1662,276,1022,1997-05
1663,276,434,1997-05
1664,337,434,1997-05
1665,71,980,1997-05
1666,337,980,1997-05
1667,389,581,1997-05
1668,492,581,1997-05
1669,276,437,1997-05
1670,492,437,1997-05
1671,385,579,1997-05
1672,437,579,1997-05
1673,171,175,1997-08
1674,364,175,1997-08
1675,85,1023,1998-05
1676,304,1023,1998-05
1677,11,75,1998-08
1678,283,75,1998-08
1679,11,74,1998-08
1680,128,74,1998-08
1681,199,278,1999-11
1682,412,278,1999-11
1683,597,278,1999-11
1684,33,498,1999-11
1685,199,498,1999-11
1686,263,498,1999-11
1687,33,508,1999-11
1688,93,508,1999-11
1689,140,508,1999-11
1690,199,274,1999-11
1691,201,274,1999-11
1692,597,274,1999-11
1693,33,509,1999-11
1694,93,509,1999-11
1695,199,509,1999-11
1696,33,511,1999-11
1697,93,511,1999-11
1698,201,511,1999-11
1699,597,511,1999-11
1700,33,510,1999-11
1701,93,510,1999-11
1702,201,510,1999-11
1703,201,283,1999-11
1704,268,283,1999-11
1705,412,283,1999-11
1706,597,283,1999-11
1707,236,354,1999-11
1708,412,354,1999-11
1709,597,354,1999-11
1710,412,653,1999-11
1711,595,653,1999-11
1712,597,653,1999-11
1713,33,503,1999-11
1714,263,503,1999-11
1715,597,503,1999-11
1716,33,512,1999-11
1717,93,512,1999-11
1718,263,512,1999-11
1719,33,502,1999-11
1720,263,502,1999-11
1721,201,289,1999-11
1722,535,289,1999-11
1723,597,289,1999-11
1724,201,286,1999-11
1725,383,286,1999-11
1726,597,286,1999-11
1727,33,513,1999-11
1728,93,513,1999-11
1729,597,513,1999-11
1730,33,496,1999-11
1731,156,496,1999-11
1732,156,147,1999-11
1733,412,147,1999-11
1734,597,147,1999-11
1735,33,499,1999-11
1736,199,499,1999-11
1737,597,499,1999-11
1738,33,497,1999-11
1739,199,497,1999-11
1740,156,144,1999-11
1741,199,144,1999-11
1742,412,144,1999-11
1743,199,277,1999-11
1744,412,277,1999-11
1745,201,284,1999-11
1746,268,284,1999-11
1747,597,284,1999-11
1748,199,276,1999-11
1749,268,276,1999-11
1750,597,276,1999-11
1751,33,500,1999-11
1752,201,500,1999-11
1753,597,500,1999-11
1754,268,409,1999-11
1755,412,409,1999-11
1756,597,409,1999-11
1757,268,408,1999-11
1758,412,408,1999-11
1759,140,118,1999-11
1760,412,118,1999-11
1761,597,118,1999-11
1762,201,288,1999-11
1763,412,288,1999-11
1764,597,288,1999-11
1765,201,287,1999-11
1766,412,287,1999-11
1767,199,275,1999-11
1768,236,275,1999-11
1769,597,275,1999-11
1770,268,411,1999-11
1771,547,411,1999-11
1772,597,411,1999-11
1773,33,505,1999-11
1774,268,505,1999-11
1775,597,505,1999-11
1776,268,412,1999-11
1777,595,412,1999-11
1778,597,412,1999-11
1779,595,919,1999-11
1780,597,919,1999-11
1781,156,145,1999-11
1782,199,145,1999-11
1783,597,145,1999-11
1784,156,150,1999-11
1785,597,150,1999-11
1786,33,501,1999-11
1787,208,501,1999-11
1788,33,504,1999-11
1789,268,504,1999-11
1790,201,282,1999-11
1791,236,282,1999-11
1792,597,282,1999-11
1793,263,400,1999-11
1794,412,400,1999-11
1795,199,273,1999-11
1796,201,273,1999-11
1797,33,507,1999-11
1798,595,507,1999-11
1799,199,279,1999-11
1800,547,279,1999-11
1801,93,1033,1999-11
1802,140,1033,1999-11
1803,156,143,1999-11
1804,199,143,1999-11
1805,263,401,1999-11
1806,597,401,1999-11
1807,383,577,1999-11
1808,597,577,1999-11
1809,315,477,1999-11
1810,597,477,1999-11
1811,140,117,1999-11
1812,199,117,1999-11
1813,268,410,1999-11
1814,547,410,1999-11
1815,33,506,1999-11
1816,412,506,1999-11
1817,156,146,1999-11
1818,268,146,1999-11
1819,156,148,1999-11
1820,547,148,1999-11
1821,201,285,1999-11
1822,383,285,1999-11
1823,535,849,1999-11
1824,597,849,1999-11
1825,236,353,1999-11
1826,412,353,1999-11
1827,156,149,2000-02
1828,554,149,2000-02
1829,572,149,2000-02
1830,577,149,2000-02
1831,45,715,2000-02
1832,554,715,2000-02
1833,572,715,2000-02
1834,577,715,2000-02
1835,45,706,2000-02
1836,115,706,2000-02
1837,554,706,2000-02
1838,572,706,2000-02
1839,45,716,2000-02
1840,572,716,2000-02
1841,577,716,2000-02
1842,4,614,2000-02
1843,554,614,2000-02
1844,572,614,2000-02
1845,577,614,2000-02
1846,45,707,2000-02
1847,118,707,2000-02
1848,554,707,2000-02
1849,45,712,2000-02
1850,266,712,2000-02
1851,554,712,2000-02
1852,554,853,2000-02
1853,572,853,2000-02
1854,577,853,2000-02
1855,45,714,2000-02
1856,554,714,2000-02
1857,572,714,2000-02
1858,4,616,2000-02
1859,572,616,2000-02
1860,577,616,2000-02
1861,45,705,2000-02
1862,115,705,2000-02
1863,45,717,2000-02
1864,577,717,2000-02
1865,115,85,2000-02
1866,577,85,2000-02
1867,45,711,2000-02
1868,197,711,2000-02
1869,4,617,2000-02
1870,577,617,2000-02
1871,197,269,2000-02
1872,266,269,2000-02
1873,115,81,2000-02
1874,266,81,2000-02
1875,4,613,2000-02
1876,554,613,2000-02
1877,118,88,2000-02
1878,572,88,2000-02
1879,4,610,2000-02
1880,45,610,2000-02
1881,4,608,2000-02
1882,156,608,2000-02
1883,267,407,2000-05
1884,587,407,2000-05
1885,587,914,2000-05
1886,603,914,2000-05
1887,579,890,2000-05
1888,587,890,2000-05
1889,59,916,2000-05
1890,267,916,2000-05
1891,59,915,2000-05
1892,217,915,2000-05
1893,217,308,2000-05
1894,267,308,2000-05
1895,115,82,2000-05
1896,267,82,2000-05
1897,59,917,2000-05
1898,579,917,2000-05
1899,115,80,2000-05
1900,217,80,2000-05
1901,59,918,2000-05
1902,587,918,2000-05
1903,267,406,2000-05
1904,579,406,2000-05
1905,45,718,2000-05
1906,603,718,2000-05
1907,156,151,2000-05
1908,603,151,2000-05
1909,1,2,2000-08
1910,19,2,2000-08
1911,27,2,2000-08
1912,57,2,2000-08
1913,414,2,2000-08
1914,1,11,2000-08
1915,4,11,2000-08
1916,57,11,2000-08
1917,414,11,2000-08
1918,469,11,2000-08
1919,1,22,2000-08
1920,57,22,2000-08
1921,96,22,2000-08
1922,265,22,2000-08
1923,414,22,2000-08
1924,4,612,2000-08
1925,465,612,2000-08
1926,603,612,2000-08
1927,1,23,2000-08
1928,57,23,2000-08
1929,96,23,2000-08
1930,414,23,2000-08
1931,469,23,2000-08
1932,57,873,2000-08
1933,265,873,2000-08
1934,603,873,2000-08
1935,607,873,2000-08
1936,1,16,2000-08
1937,57,16,2000-08
1938,265,16,2000-08
1939,414,16,2000-08
1940,1,13,2000-08
1941,414,13,2000-08
1942,603,13,2000-08
1943,1,24,2000-08
1944,57,24,2000-08
1945,96,24,2000-08
1946,465,24,2000-08
1947,19,245,2000-08
1948,57,245,2000-08
1949,469,245,2000-08
1950,1,18,2000-08
1951,57,18,2000-08
1952,414,18,2000-08
1953,430,18,2000-08
1954,469,18,2000-08
1955,1,26,2000-08
1956,96,26,2000-08
1957,414,26,2000-08
1958,465,26,2000-08
1959,469,26,2000-08
1960,1,27,2000-08
1961,96,27,2000-08
1962,414,27,2000-08
1963,469,27,2000-08
1964,1,12,2000-08
1965,414,12,2000-08
1966,465,12,2000-08
1967,469,12,2000-08
1968,1,28,2000-08
1969,96,28,2000-08
1970,465,28,2000-08
1971,1,10,2000-08
1972,4,10,2000-08
1973,414,10,2000-08
1974,469,10,2000-08
1975,57,883,2000-08
1976,465,883,2000-08
1977,603,883,2000-08
1978,607,883,2000-08
1979,414,656,2000-08
1980,465,656,2000-08
1981,603,656,2000-08
1982,465,778,2000-08
1983,603,778,2000-08
1984,57,879,2000-08
1985,414,879,2000-08
1986,603,879,2000-08
1987,607,879,2000-08
1988,57,886,2000-08
1989,603,886,2000-08
1990,607,886,2000-08
1991,57,882,2000-08
1992,430,882,2000-08
1993,469,882,2000-08
1994,57,884,2000-08
1995,465,884,2000-08
1996,607,884,2000-08
1997,414,655,2000-08
1998,430,655,2000-08
1999,469,655,2000-08
2000,430,685,2000-08
2001,469,685,2000-08
2002,607,685,2000-08
2003,1,20,2000-08
2004,57,20,2000-08
2005,414,20,2000-08
2006,607,20,2000-08
2007,1,21,2000-08
2008,57,21,2000-08
2009,607,21,2000-08
2010,57,880,2000-08
2011,414,880,2000-08
2012,607,880,2000-08
2013,1,25,2000-08
2014,603,25,2000-08
2015,607,25,2000-08
2016,1,1,2000-08
2017,19,1,2000-08
2018,27,1,2000-08
2019,1,19,2000-08
2020,57,19,2000-08
2021,414,19,2000-08
2022,469,19,2000-08
2023,414,657,2000-08
2024,469,657,2000-08
2025,603,657,2000-08
2026,57,878,2000-08
2027,414,878,2000-08
2028,603,878,2000-08
2029,57,885,2000-08
2030,603,885,2000-08
2031,115,84,2000-08
2032,465,84,2000-08
2033,96,1039,2000-08
2034,414,1039,2000-08
2035,465,1039,2000-08
2036,469,1039,2000-08
2037,1,4,2000-08
2038,265,4,2000-08
2039,414,4,2000-08
2040,607,4,2000-08
2041,265,404,2000-08
2042,607,404,2000-08
2043,1,14,2000-08
2044,414,14,2000-08
2045,607,14,2000-08
2046,1,6,2000-08
2047,27,6,2000-08
2048,265,6,2000-08
2049,414,6,2000-08
2050,1,7,2000-08
2051,27,7,2000-08
2052,414,7,2000-08
2053,1,5,2000-08
2054,27,5,2000-08
2055,1,17,2000-08
2056,57,17,2000-08
2057,294,17,2000-08
2058,1,15,2000-08
2059,469,15,2000-08
2060,603,15,2000-08
2061,1,9,2000-08
2062,294,9,2000-08
2063,469,9,2000-08
2064,19,244,2000-08
2065,57,244,2000-08
2066,414,244,2000-08
2067,27,420,2000-08
2068,96,420,2000-08
2069,414,420,2000-08
2070,603,965,2000-08
2071,607,965,2000-08
2072,96,1042,2000-08
2073,607,1042,2000-08
2074,294,449,2000-08
2075,469,449,2000-08
2076,603,449,2000-08
2077,469,780,2000-08
2078,603,780,2000-08
2079,19,246,2000-08
2080,96,246,2000-08
2081,414,246,2000-08
2082,57,870,2000-08
2083,188,870,2000-08
2084,414,870,2000-08
2085,19,242,2000-08
2086,57,242,2000-08
2087,188,242,2000-08
2088,27,414,2000-08
2089,188,414,2000-08
2090,414,414,2000-08
2091,27,418,2000-08
2092,57,418,2000-08
2093,414,418,2000-08
2094,96,1038,2000-08
2095,414,1038,2000-08
2096,465,1038,2000-08
2097,96,1040,2000-08
2098,465,1040,2000-08
2099,57,875,2000-08
2100,294,875,2000-08
2101,414,875,2000-08
2102,57,871,2000-08
2103,188,871,2000-08
2104,469,871,2000-08
2105,57,869,2000-08
2106,188,869,2000-08
2107,27,415,2000-08
2108,414,415,2000-08
2109,469,415,2000-08
2110,27,419,2000-08
2111,57,419,2000-08
2112,469,419,2000-08
2113,27,417,2000-08
2114,57,417,2000-08
2115,27,416,2000-08
2116,469,416,2000-08
2117,19,243,2000-08
2118,57,243,2000-08
2119,265,243,2000-08
2120,57,872,2000-08
2121,265,872,2000-08
2122,19,241,2000-08
2123,414,241,2000-08
2124,469,241,2000-08
2125,414,658,2000-08
2126,469,658,2000-08
2127,607,658,2000-08
2128,57,877,2000-08
2129,414,877,2000-08
2130,430,877,2000-08
2131,57,881,2000-08
2132,430,881,2000-08
2133,414,654,2000-08
2134,430,654,2000-08
2135,1,3,2000-08
2136,19,3,2000-08
2137,414,3,2000-08
2138,57,876,2000-08
2139,294,876,2000-08
2140,469,876,2000-08
2141,57,874,2000-08
2142,294,874,2000-08
2143,188,239,2000-08
2144,465,239,2000-08
2145,188,240,2000-08
2146,607,240,2000-08
2147,4,618,2000-08
2148,603,618,2000-08
2149,4,609,2000-08
2150,265,609,2000-08
2151,430,684,2000-08
2152,469,684,2000-08
2153,4,611,2000-08
2154,465,611,2000-08
2155,265,403,2000-08
2156,465,403,2000-08
2157,4,619,2000-08
2158,96,619,2000-08
2159,414,659,2000-08
2160,603,659,2000-08
2161,1,0,2000-08
2162,188,0,2000-08
2163,265,402,2000-08
2164,294,402,2000-08
2165,469,779,2000-08
2166,571,779,2000-08
2167,571,887,2000-08
2168,607,887,2000-08
2169,96,1041,2000-08
2170,603,1041,2000-08
2171,188,238,2000-08
2172,414,238,2000-08
2173,27,413,2000-08
2174,188,413,2000-08
2175,4,615,2000-08
2176,57,615,2000-08
2177,1,8,2000-08
2178,294,8,2000-08
2179,39,585,2000-11
2180,160,585,2000-11
2181,195,585,2000-11
2182,290,585,2000-11
2183,409,585,2000-11
2184,39,587,2000-11
2185,160,587,2000-11
2186,290,587,2000-11
2187,79,991,2000-11
2188,160,991,2000-11
2189,450,991,2000-11
2190,39,589,2000-11
2191,160,589,2000-11
2192,409,589,2000-11
2193,453,589,2000-11
2194,39,588,2000-11
2195,160,588,2000-11
2196,409,588,2000-11
2197,160,157,2000-11
2198,244,157,2000-11
2199,368,157,2000-11
2200,224,314,2000-11
2201,244,314,2000-11
2202,368,314,2000-11
2203,39,602,2000-11
2204,79,602,2000-11
2205,290,602,2000-11
2206,450,602,2000-11
2207,79,997,2000-11
2208,368,997,2000-11
2209,450,997,2000-11
2210,39,590,2000-11
2211,160,590,2000-11
2212,453,590,2000-11
2213,160,156,2000-11
2214,224,156,2000-11
2215,368,156,2000-11
2216,160,159,2000-11
2217,368,159,2000-11
2218,224,315,2000-11
2219,368,315,2000-11
2220,79,998,2000-11
2221,450,998,2000-11
2222,39,593,2000-11
2223,202,593,2000-11
2224,453,593,2000-11
2225,368,546,2000-11
2226,409,546,2000-11
2227,290,447,2000-11
2228,368,447,2000-11
2229,450,447,2000-11
2230,290,448,2000-11
2231,450,448,2000-11
2232,368,547,2000-11
2233,450,547,2000-11
2234,202,292,2000-11
2235,244,292,2000-11
2236,368,292,2000-11
2237,39,596,2000-11
2238,244,596,2000-11
2239,368,596,2000-11
2240,39,598,2000-11
2241,368,598,2000-11
2242,39,600,2000-11
2243,79,600,2000-11
2244,160,600,2000-11
2245,591,600,2000-11
2246,79,990,2000-11
2247,160,990,2000-11
2248,39,597,2000-11
2249,290,597,2000-11
2250,409,597,2000-11
2251,39,601,2000-11
2252,79,601,2000-11
2253,290,601,2000-11
2254,39,584,2000-11
2255,160,584,2000-11
2256,195,584,2000-11
2257,160,153,2000-11
2258,195,153,2000-11
2259,202,153,2000-11
2260,160,152,2000-11
2261,195,152,2000-11
2262,39,586,2000-11
2263,160,586,2000-11
2264,202,586,2000-11
2265,39,591,2000-11
2266,195,591,2000-11
2267,202,591,2000-11
2268,244,380,2000-11
2269,450,380,2000-11
2270,160,158,2000-11
2271,290,158,2000-11
2272,409,158,2000-11
2273,160,160,2000-11
2274,409,160,2000-11
2275,79,992,2000-11
2276,202,992,2000-11
2277,290,992,2000-11
2278,195,263,2000-11
2279,290,263,2000-11
2280,453,263,2000-11
2281,244,383,2000-11
2282,591,383,2000-11
2283,244,381,2000-11
2284,453,381,2000-11
2285,79,995,2000-11
2286,290,995,2000-11
2287,409,995,2000-11
2288,195,262,2000-11
2289,290,262,2000-11
2290,409,262,2000-11
2291,244,379,2000-11
2292,409,379,2000-11
2293,244,378,2000-11
2294,290,378,2000-11
2295,195,260,2000-11
2296,244,260,2000-11
2297,79,994,2000-11
2298,244,994,2000-11
2299,368,994,2000-11
2300,79,996,2000-11
2301,368,996,2000-11
2302,79,993,2000-11
2303,244,993,2000-11
2304,39,599,2000-11
2305,591,599,2000-11
2306,453,724,2000-11
2307,591,724,2000-11
2308,39,592,2000-11
2309,195,592,2000-11
2310,453,592,2000-11
2311,39,583,2000-11
2312,101,583,2000-11
2313,224,313,2000-11
2314,244,313,2000-11
2315,101,30,2000-11
2316,202,30,2000-11
2317,453,30,2000-11
2318,202,294,2000-11
2319,453,294,2000-11
2320,39,594,2000-11
2321,216,594,2000-11
2322,202,291,2000-11
2323,244,291,2000-11
2324,160,155,2000-11
2325,216,155,2000-11
2326,39,595,2000-11
2327,224,595,2000-11
2328,195,264,2000-11
2329,409,264,2000-11
2330,160,154,2000-11
2331,202,154,2000-11
2332,195,261,2000-11
2333,290,261,2000-11
2334,216,306,2000-11
2335,355,306,2000-11
2336,453,723,2000-11
2337,546,723,2000-11
2338,290,446,2000-11
2339,368,446,2000-11
2340,202,290,2000-11
2341,216,290,2000-11
2342,216,305,2000-11
2343,244,305,2000-11
2344,195,258,2000-11
2345,202,258,2000-11
2346,244,382,2000-11
2347,474,382,2000-11
2348,450,720,2000-11
2349,546,720,2000-11
2350,101,31,2000-11
2351,409,31,2000-11
2352,224,316,2000-11
2353,409,316,2000-11
2354,216,304,2000-11
2355,224,304,2000-11
2356,216,307,2000-11
2357,450,307,2000-11
2358,115,83,2000-11
2359,409,83,2000-11
2360,202,293,2000-11
2361,409,293,2000-11
2362,195,259,2000-11
2363,216,259,2000-11
2364,288,445,2001-02
2365,474,445,2001-02
2366,113,78,2001-02
2367,474,78,2001-02
2368,474,784,2001-02
2369,555,784,2001-02
2370,113,79,2001-02
2371,555,79,2001-02
2372,410,640,2001-05
2373,422,640,2001-05
2374,183,231,2001-08
2375,457,231,2001-08
2376,367,544,2001-08
2377,457,544,2001-08
2378,42,661,2001-08
2379,457,661,2001-08
2380,267,405,2001-08
2381,384,405,2001-08
2382,367,545,2001-08
2383,516,545,2001-08
2384,234,335,2001-11
2385,493,335,2001-11
2386,494,335,2001-11
2387,234,334,2001-11
2388,453,334,2001-11
2389,500,334,2001-11
2390,234,333,2001-11
2391,453,333,2001-11
2392,164,171,2001-11
2393,234,171,2001-11
2394,234,336,2001-11
2395,494,336,2001-11
2396,234,337,2001-11
2397,500,337,2001-11
2398,453,722,2001-11
2399,493,722,2001-11
2400,45,713,2002-02
2401,452,713,2002-02
2402,45,708,2002-02
2403,135,708,2002-02
2404,69,978,2002-05
2405,452,978,2002-05
2406,448,704,2002-05
2407,452,704,2002-05
2408,45,713,2002-05
2409,452,713,2002-05
2410,391,605,2002-08
2411,532,605,2002-08
2412,391,603,2002-08
2413,392,603,2002-08
2414,313,475,2002-08
2415,414,475,2002-08
2416,198,271,2002-11
2417,391,271,2002-11
2418,527,271,2002-11
2419,45,710,2002-11
2420,186,710,2002-11
2421,186,235,2002-11
2422,527,235,2002-11
2423,531,235,2002-11
2424,186,236,2002-11
2425,531,236,2002-11
2426,186,233,2002-11
2427,198,233,2002-11
2428,527,233,2002-11
2429,198,272,2002-11
2430,527,272,2002-11
2431,531,272,2002-11
2432,527,847,2002-11
2433,531,847,2002-11
2434,186,234,2002-11
2435,391,234,2002-11
2436,391,604,2002-11
2437,527,604,2002-11
2438,527,848,2002-11
2439,558,848,2002-11
2440,198,270,2002-11
2441,391,270,2002-11
2442,186,237,2002-11
2443,558,237,2002-11
2444,95,1036,2003-02
2445,312,1036,2003-02
2446,325,1036,2003-02
2447,9,1025,2003-02
2448,95,1025,2003-02
2449,9,1024,2003-02
2450,414,1024,2003-02
2451,97,1043,2003-02
2452,325,1043,2003-02
2453,108,55,2003-02
2454,312,55,2003-02
2455,95,1037,2003-02
2456,325,1037,2003-02
2457,312,474,2003-02
2458,325,474,2003-02
2459,108,56,2003-02
2460,479,56,2003-02
2461,95,1034,2003-02
2462,108,1034,2003-02
2463,20,280,2003-05
2464,104,280,2003-05
2465,104,39,2003-05
2466,275,39,2003-05
2467,275,432,2003-05
2468,303,432,2003-05
2469,275,433,2003-05
2470,427,433,2003-05
2471,95,1035,2003-05
2472,275,1035,2003-05
2473,20,281,2003-05
2474,275,281,2003-05
2475,165,172,2003-05
2476,275,172,2003-05
2477,45,709,2003-08
2478,169,709,2003-08
2479,45,719,2004-08
2480,66,719,2004-08
2481,7,979,2005-02
2482,594,979,2005-02
2483,438,688,2005-02
2484,594,688,2005-02
2485,438,687,2005-02
2486,482,687,2005-02
2487,91,1031,2005-05
2488,552,1031,2005-05
2489,66,976,2005-05
2490,91,976,2005-05
2491,91,1032,2005-05
2492,608,1032,2005-05
2493,91,1030,2005-05
2494,488,1030,2005-05
2495,488,817,2005-05
2496,552,817,2005-05
2497,221,311,2005-08
2498,286,311,2005-08
2499,336,311,2005-08
2500,221,312,2005-08
2501,336,312,2005-08
2502,64,975,2006-11
2503,542,975,2006-11
2504,68,977,2006-11
2505,513,977,2006-11
2506,64,974,2006-11
2507,187,974,2006-11
2508,381,575,2006-11
2509,542,575,2006-11
2510,64,973,2006-11
2511,178,973,2006-11
2512,34,523,2006-11
2513,68,523,2006-11
2514,399,607,2007-02
2515,580,607,2007-02
2516,606,607,2007-02
2517,274,431,2007-02
2518,580,431,2007-02
2519,606,431,2007-02
2520,580,909,2007-02
2521,606,909,2007-02
2522,274,430,2007-02
2523,580,430,2007-02
2524,480,796,2007-05
2525,540,796,2007-05
2526,254,394,2007-05
2527,480,394,2007-05
2528,254,395,2007-05
2529,540,395,2007-05
2530,573,888,2007-08
2531,593,888,2007-08
2532,219,309,2007-11
2533,278,309,2007-11
2534,166,173,2007-11
2535,219,173,2007-11
2536,239,357,2008-11
2537,403,357,2008-11
2538,239,356,2008-11
2539,375,356,2008-11
2540,239,355,2008-11
2541,356,355,2008-11
2542,51,832,2009-02
2543,200,832,2009-02
2544,220,832,2009-02
2545,51,833,2009-02
2546,327,833,2009-02
2547,220,310,2009-02
2548,356,310,2009-02
2549,51,834,2009-02
2550,356,834,2009-02
2551,215,303,2010-02
2552,335,303,2010-02
2553,464,777,2010-08
2554,605,777,2010-08
2555,330,514,2010-11
2556,464,514,2010-11
2557,17,174,2011-05
2558,168,174,2011-05
2559,55,852,2011-08
2560,585,852,2011-08
2561,398,606,2011-08
2562,538,606,2011-08
2563,295,450,2011-11
2564,419,450,2011-11
2565,83,1021,2012-05
2566,88,1021,2012-05
2567,345,528,2012-08
2568,377,528,2012-08
2569,472,783,2012-08
2570,484,783,2012-08
2571,246,384,2012-11
2572,332,384,2012-11
2573,246,385,2012-11
2574,357,385,2012-11
2575,280,438,2012-11
2576,357,438,2012-11
2577,211,301,2012-11
2578,246,301,2012-11
2579,211,302,2012-11
2580,249,302,2012-11
2581,249,387,2012-11
2582,280,387,2012-11
2583,435,686,2013-05
2584,562,686,2013-05
2585,80,1020,2013-08
2586,543,1020,2013-08
2587,282,440,2013-11
2588,348,440,2013-11
2589,415,440,2013-11
2590,282,439,2013-11
2591,348,439,2013-11
2592,282,441,2013-11
2593,415,441,2013-11
2594,203,295,2014-02
2595,528,295,2014-02
2596,407,632,2015-02
2597,533,632,2015-02
2598,344,527,2015-02
2599,533,527,2015-02
2600,300,462,2015-05
2601,497,462,2015-05
2602,317,478,2015-05
2603,497,478,2015-05
2604,231,332,2015-05
2605,393,332,2015-05
2606,300,461,2015-05
2607,317,461,2015-05
2608,103,37,2015-05
2609,317,37,2015-05
2610,103,36,2015-05
2611,300,36,2015-05
2612,103,38,2015-05
2613,393,38,2015-05
2614,177,210,2015-08
2615,439,210,2015-08
2616,119,90,2015-08
2617,439,90,2015-08
2618,509,90,2015-08
2619,177,211,2015-08
2620,466,211,2015-08
2621,119,91,2015-08
2622,466,91,2015-08
2623,177,209,2015-08
2624,341,209,2015-08
2625,119,89,2015-08
2626,177,89,2015-08
2627,63,969,2015-11
2628,105,969,2015-11
2629,233,969,2015-11
2630,256,969,2015-11
2631,581,969,2015-11
2632,63,970,2015-11
2633,105,970,2015-11
2634,601,970,2015-11
2635,105,45,2015-11
2636,298,45,2015-11
2637,601,45,2015-11
2638,105,41,2015-11
2639,112,41,2015-11
2640,601,41,2015-11
2641,582,911,2015-11
2642,601,911,2015-11
2643,105,47,2015-11
2644,581,47,2015-11
2645,105,40,2015-11
2646,112,40,2015-11
2647,105,48,2015-11
2648,582,48,2015-11
2649,105,44,2015-11
2650,256,44,2015-11
2651,581,910,2015-11
2652,601,910,2015-11
2653,105,42,2015-11
2654,227,42,2015-11
2655,63,972,2015-11
2656,256,972,2015-11
2657,105,46,2015-11
2658,378,46,2015-11
2659,63,971,2015-11
2660,112,971,2015-11
2661,105,43,2015-11
2662,241,43,2015-11
2663,441,690,2016-02
2664,445,690,2016-02
2665,511,690,2016-02
2666,445,692,2016-02
2667,511,692,2016-02
2668,10,29,2016-02
2669,511,29,2016-02
2670,441,689,2016-02
2671,445,689,2016-02
2672,152,141,2016-02
2673,445,141,2016-02
2674,152,140,2016-02
2675,285,140,2016-02
2676,441,691,2016-02
2677,511,691,2016-02
2678,305,467,2016-05
2679,319,467,2016-05
2680,495,467,2016-05
2681,549,467,2016-05
2682,73,988,2016-05
2683,339,988,2016-05
2684,495,988,2016-05
2685,122,99,2016-05
2686,418,99,2016-05
2687,495,99,2016-05
2688,41,639,2016-05
2689,73,639,2016-05
2690,305,639,2016-05
2691,41,637,2016-05
2692,305,637,2016-05
2693,495,637,2016-05
2694,196,265,2016-05
2695,305,265,2016-05
2696,319,265,2016-05
2697,495,265,2016-05
2698,305,466,2016-05
2699,319,466,2016-05
2700,495,466,2016-05
2701,196,266,2016-05
2702,305,266,2016-05
2703,495,266,2016-05
2704,73,987,2016-05
2705,305,987,2016-05
2706,495,987,2016-05
2707,41,634,2016-05
2708,122,634,2016-05
2709,305,634,2016-05
2710,305,465,2016-05
2711,319,465,2016-05
2712,339,465,2016-05
2713,122,96,2016-05
2714,305,96,2016-05
2715,418,96,2016-05
2716,41,636,2016-05
2717,305,636,2016-05
2718,339,636,2016-05
2719,339,522,2016-05
2720,549,522,2016-05
2721,305,469,2016-05
2722,534,469,2016-05
2723,73,986,2016-05
2724,305,986,2016-05
2725,339,986,2016-05
2726,73,984,2016-05
2727,122,984,2016-05
2728,339,984,2016-05
2729,122,101,2016-05
2730,495,101,2016-05
2731,549,101,2016-05
2732,495,818,2016-05
2733,549,818,2016-05
2734,122,95,2016-05
2735,305,95,2016-05
2736,339,95,2016-05
2737,41,635,2016-05
2738,122,635,2016-05
2739,339,635,2016-05
2740,41,633,2016-05
2741,122,633,2016-05
2742,122,94,2016-05
2743,305,94,2016-05
2744,319,94,2016-05
2745,122,100,2016-05
2746,424,100,2016-05
2747,73,985,2016-05
2748,122,985,2016-05
2749,495,985,2016-05
2750,122,98,2016-05
2751,339,98,2016-05
2752,495,98,2016-05
2753,122,97,2016-05
2754,319,97,2016-05
2755,319,480,2016-05
2756,549,480,2016-05
2757,319,479,2016-05
2758,339,479,2016-05
2759,196,267,2016-05
2760,319,267,2016-05
2761,418,660,2016-05
2762,495,660,2016-05
2763,339,521,2016-05
2764,424,521,2016-05
2765,41,638,2016-05
2766,495,638,2016-05
2767,122,102,2016-05
2768,534,102,2016-05
2769,196,268,2016-05
2770,495,268,2016-05
2771,52,843,2016-08
2772,106,843,2016-08
2773,408,843,2016-08
2774,52,842,2016-08
2775,106,842,2016-08
2776,52,845,2016-08
2777,251,845,2016-08
2778,247,386,2016-08
2779,251,386,2016-08
2780,106,50,2016-08
2781,408,50,2016-08
2782,52,844,2016-08
2783,247,844,2016-08
2784,106,49,2016-08
2785,247,49,2016-08
2786,210,300,2016-11
2787,610,300,2016-11
2788,125,103,2016-11
2789,610,103,2016-11
2790,154,142,2017-02
2791,517,142,2017-02
2792,328,492,2017-05
2793,352,492,2017-05
2794,380,492,2017-05
2795,328,493,2017-05
2796,380,493,2017-05
2797,561,493,2017-05
2798,352,537,2017-05
2799,380,537,2017-05
2800,561,537,2017-05
2801,352,539,2017-05
2802,561,539,2017-05
2803,328,494,2017-05
2804,561,494,2017-05
2805,47,781,2017-05
2806,352,781,2017-05
2807,380,573,2017-05
2808,548,573,2017-05
2809,561,868,2017-05
2810,610,868,2017-05
2811,328,495,2017-05
2812,610,495,2017-05
2813,305,468,2017-05
2814,380,468,2017-05
2815,352,540,2017-05
2816,610,540,2017-05
2817,352,538,2017-05
2818,550,538,2017-05
2819,380,574,2017-05
2820,550,574,2017-05
2821,400,629,2017-08
2822,523,629,2017-08
2823,30,456,2017-08
2824,400,456,2017-08
2825,475,456,2017-08
2826,599,456,2017-08
2827,30,457,2017-08
2828,443,457,2017-08
2829,475,457,2017-08
2830,523,457,2017-08
2831,30,458,2017-08
2832,443,458,2017-08
2833,523,458,2017-08
2834,30,455,2017-08
2835,400,455,2017-08
2836,475,455,2017-08
2837,30,459,2017-08
2838,475,459,2017-08
2839,523,459,2017-08
2840,30,460,2017-08
2841,523,460,2017-08
2842,400,628,2017-08
2843,443,628,2017-08
2844,523,846,2017-08
2845,599,846,2017-08
2846,15,139,2017-11
2847,279,139,2017-11
2848,515,840,2018-02
2849,519,840,2018-02
2850,111,77,2018-02
2851,515,77,2018-02
2852,141,119,2018-02
2853,382,119,2018-02
2854,515,119,2018-02
2855,382,576,2018-02
2856,599,576,2018-02
2857,515,841,2018-02
2858,601,841,2018-02
2859,141,120,2018-02
2860,601,120,2018-02
2861,111,76,2018-02
2862,141,76,2018-02
2863,62,968,2018-05
2864,601,968,2018-05
2865,62,966,2018-05
2866,209,966,2018-05
2867,62,967,2018-05
2868,459,967,2018-05
2869,258,398,2018-08
2870,417,398,2018-08
2871,586,398,2018-08
2872,25,390,2018-08
2873,77,390,2018-08
2874,362,390,2018-08
2875,417,390,2018-08
2876,586,390,2018-08
2877,25,391,2018-08
2878,77,391,2018-08
2879,417,391,2018-08
2880,586,391,2018-08
2881,25,392,2018-08
2882,77,392,2018-08
2883,514,392,2018-08
2884,338,520,2018-08
2885,417,520,2018-08
2886,296,453,2018-08
2887,417,453,2018-08
2888,586,453,2018-08
2889,258,396,2018-08
2890,296,396,2018-08
2891,417,396,2018-08
2892,296,452,2018-08
2893,417,452,2018-08
2894,25,388,2018-08
2895,258,388,2018-08
2896,586,388,2018-08
2897,258,399,2018-08
2898,586,399,2018-08
2899,296,454,2018-08
2900,586,454,2018-08
2901,77,989,2018-08
2902,514,989,2018-08
2903,514,839,2018-08
2904,586,839,2018-08
2905,296,451,2018-08
2906,362,451,2018-08
2907,258,397,2018-08
2908,417,397,2018-08
2909,98,1044,2018-08
2910,417,1044,2018-08
2911,556,854,2018-08
2912,586,854,2018-08
2913,25,393,2018-08
2914,98,393,2018-08
2915,98,1045,2018-08
2916,586,1045,2018-08
2917,586,913,2018-08
2918,596,913,2018-08
2919,25,389,2018-08
2920,338,389,2018-08
2921,184,232,2018-11
2922,331,232,2018-11
