,user_id,group_id,period
0,107,101,1996-05
1,536,101,1996-05
2,40,1106,1996-05
3,99,1106,1996-05
4,107,1106,1996-05
5,107,98,1996-05
6,130,98,1996-05
7,40,1108,1996-05
8,99,1108,1996-05
9,353,1108,1996-05
10,35,961,1996-05
11,107,961,1996-05
12,429,961,1996-05
13,468,961,1996-05
14,107,99,1996-05
15,134,99,1996-05
16,35,962,1996-05
17,40,962,1996-05
18,107,962,1996-05
19,107,100,1996-05
20,136,100,1996-05
21,40,1098,1996-05
22,107,1098,1996-05
23,35,960,1996-05
24,107,960,1996-05
25,136,235,1996-05
26,284,235,1996-05
27,40,1101,1996-05
28,191,1101,1996-05
29,353,1101,1996-05
30,40,1107,1996-05
31,99,1107,1996-05
32,191,1107,1996-05
33,353,976,1996-05
34,444,976,1996-05
35,604,976,1996-05
36,191,447,1996-05
37,284,447,1996-05
38,353,447,1996-05
39,40,1103,1996-05
40,353,1103,1996-05
41,40,1102,1996-05
42,191,1102,1996-05
43,444,1102,1996-05
44,35,964,1996-05
45,429,964,1996-05
46,536,964,1996-05
47,40,1104,1996-05
48,536,1104,1996-05
49,99,1807,1996-05
50,191,1807,1996-05
51,353,1807,1996-05
52,99,1805,1996-05
53,136,1805,1996-05
54,353,1805,1996-05
55,35,965,1996-05
56,99,965,1996-05
57,429,965,1996-05
58,99,1809,1996-05
59,284,1809,1996-05
60,353,1809,1996-05
61,284,784,1996-05
62,353,784,1996-05
63,99,1810,1996-05
64,353,1810,1996-05
65,99,1812,1996-05
66,536,1812,1996-05
67,136,239,1996-05
68,536,239,1996-05
69,99,1804,1996-05
70,136,1804,1996-05
71,353,975,1996-05
72,444,975,1996-05
73,353,974,1996-05
74,436,974,1996-05
75,99,1808,1996-05
76,284,1808,1996-05
77,134,233,1996-05
78,429,233,1996-05
79,468,233,1996-05
80,429,1180,1996-05
81,468,1180,1996-05
82,99,1806,1996-05
83,191,1806,1996-05
84,35,963,1996-05
85,429,963,1996-05
86,136,237,1996-05
87,429,237,1996-05
88,99,1803,1996-05
89,130,1803,1996-05
90,191,449,1996-05
91,444,449,1996-05
92,191,448,1996-05
93,353,448,1996-05
94,136,236,1996-05
95,353,236,1996-05
96,40,1105,1996-05
97,99,1105,1996-05
98,40,1100,1996-05
99,191,1100,1996-05
100,284,786,1996-05
101,536,786,1996-05
102,99,1811,1996-05
103,429,1811,1996-05
104,136,238,1996-05
105,468,238,1996-05
106,40,1099,1996-05
107,136,1099,1996-05
108,284,785,1996-05
109,429,785,1996-05
110,109,105,1996-08
111,162,105,1996-08
112,179,105,1996-08
113,455,105,1996-08
114,476,105,1996-08
115,486,105,1996-08
116,498,105,1996-08
117,512,105,1996-08
118,38,1013,1996-08
119,109,1013,1996-08
120,176,1013,1996-08
121,179,1013,1996-08
122,229,1013,1996-08
123,447,1013,1996-08
124,486,1013,1996-08
125,498,1013,1996-08
126,512,1013,1996-08
127,574,1013,1996-08
128,588,1013,1996-08
129,602,1013,1996-08
130,109,111,1996-08
131,179,111,1996-08
132,486,111,1996-08
133,498,111,1996-08
134,512,111,1996-08
135,541,111,1996-08
136,584,111,1996-08
137,592,111,1996-08
138,109,110,1996-08
139,179,110,1996-08
140,486,110,1996-08
141,498,110,1996-08
142,512,110,1996-08
143,176,353,1996-08
144,455,353,1996-08
145,512,353,1996-08
146,574,353,1996-08
147,588,353,1996-08
148,602,353,1996-08
149,56,1453,1996-08
150,235,1453,1996-08
151,349,1453,1996-08
152,411,1453,1996-08
153,455,1453,1996-08
154,485,1453,1996-08
155,512,1453,1996-08
156,592,1453,1996-08
157,46,1273,1996-08
158,176,1273,1996-08
159,512,1273,1996-08
160,574,1273,1996-08
161,588,1273,1996-08
162,592,1273,1996-08
163,602,1273,1996-08
164,176,356,1996-08
165,512,356,1996-08
166,574,356,1996-08
167,588,356,1996-08
168,602,356,1996-08
169,38,1014,1996-08
170,176,1014,1996-08
171,229,1014,1996-08
172,476,1014,1996-08
173,486,1014,1996-08
174,498,1014,1996-08
175,512,1014,1996-08
176,588,1014,1996-08
177,602,1014,1996-08
178,476,1331,1996-08
179,486,1331,1996-08
180,498,1331,1996-08
181,512,1331,1996-08
182,541,1331,1996-08
183,592,1331,1996-08
184,476,1330,1996-08
185,486,1330,1996-08
186,498,1330,1996-08
187,512,1330,1996-08
188,38,1020,1996-08
189,46,1020,1996-08
190,176,1020,1996-08
191,229,1020,1996-08
192,486,1020,1996-08
193,498,1020,1996-08
194,512,1020,1996-08
195,541,1020,1996-08
196,588,1020,1996-08
197,592,1020,1996-08
198,602,1020,1996-08
199,38,1015,1996-08
200,176,1015,1996-08
201,229,1015,1996-08
202,486,1015,1996-08
203,498,1015,1996-08
204,512,1015,1996-08
205,588,1015,1996-08
206,602,1015,1996-08
207,486,1358,1996-08
208,498,1358,1996-08
209,512,1358,1996-08
210,541,1358,1996-08
211,592,1358,1996-08
212,486,1357,1996-08
213,498,1357,1996-08
214,512,1357,1996-08
215,46,1271,1996-08
216,176,1271,1996-08
217,242,1271,1996-08
218,512,1271,1996-08
219,588,1271,1996-08
220,592,1271,1996-08
221,602,1271,1996-08
222,46,1274,1996-08
223,176,1274,1996-08
224,512,1274,1996-08
225,588,1274,1996-08
226,592,1274,1996-08
227,602,1274,1996-08
228,176,358,1996-08
229,512,358,1996-08
230,588,358,1996-08
231,602,358,1996-08
232,512,1418,1996-08
233,592,1418,1996-08
234,229,587,1996-08
235,385,587,1996-08
236,486,587,1996-08
237,498,587,1996-08
238,192,450,1996-08
239,235,450,1996-08
240,411,450,1996-08
241,485,450,1996-08
242,486,450,1996-08
243,498,450,1996-08
244,584,450,1996-08
245,592,450,1996-08
246,229,593,1996-08
247,486,593,1996-08
248,498,593,1996-08
249,584,593,1996-08
250,592,593,1996-08
251,486,1361,1996-08
252,498,1361,1996-08
253,584,1361,1996-08
254,592,1361,1996-08
255,142,253,1996-08
256,235,253,1996-08
257,411,253,1996-08
258,485,253,1996-08
259,592,253,1996-08
260,235,615,1996-08
261,411,615,1996-08
262,485,615,1996-08
263,592,615,1996-08
264,229,594,1996-08
265,486,594,1996-08
266,498,594,1996-08
267,592,594,1996-08
268,229,592,1996-08
269,486,592,1996-08
270,498,592,1996-08
271,486,1362,1996-08
272,498,1362,1996-08
273,592,1362,1996-08
274,102,53,1996-08
275,109,53,1996-08
276,411,53,1996-08
277,486,53,1996-08
278,512,53,1996-08
279,109,112,1996-08
280,229,112,1996-08
281,447,112,1996-08
282,486,112,1996-08
283,512,112,1996-08
284,588,112,1996-08
285,602,112,1996-08
286,109,117,1996-08
287,486,117,1996-08
288,512,117,1996-08
289,142,254,1996-08
290,242,254,1996-08
291,411,254,1996-08
292,512,254,1996-08
293,588,254,1996-08
294,602,254,1996-08
295,229,584,1996-08
296,242,584,1996-08
297,486,584,1996-08
298,512,584,1996-08
299,588,584,1996-08
300,602,584,1996-08
301,229,595,1996-08
302,486,595,1996-08
303,512,595,1996-08
304,588,595,1996-08
305,602,595,1996-08
306,242,655,1996-08
307,512,655,1996-08
308,588,655,1996-08
309,602,655,1996-08
310,142,250,1996-08
311,229,250,1996-08
312,411,250,1996-08
313,486,250,1996-08
314,8,1734,1996-08
315,38,1734,1996-08
316,162,1734,1996-08
317,314,1734,1996-08
318,455,1734,1996-08
319,512,1734,1996-08
320,602,1734,1996-08
321,162,306,1996-08
322,235,306,1996-08
323,411,306,1996-08
324,444,306,1996-08
325,455,306,1996-08
326,512,306,1996-08
327,162,310,1996-08
328,455,310,1996-08
329,512,310,1996-08
330,142,252,1996-08
331,235,252,1996-08
332,411,252,1996-08
333,455,252,1996-08
334,512,252,1996-08
335,602,252,1996-08
336,455,1260,1996-08
337,512,1260,1996-08
338,602,1260,1996-08
339,235,614,1996-08
340,411,614,1996-08
341,455,614,1996-08
342,512,614,1996-08
343,455,1259,1996-08
344,512,1259,1996-08
345,142,251,1996-08
346,235,251,1996-08
347,411,251,1996-08
348,142,256,1996-08
349,411,256,1996-08
350,512,256,1996-08
351,602,256,1996-08
352,411,1147,1996-08
353,512,1147,1996-08
354,142,255,1996-08
355,411,255,1996-08
356,176,340,1996-08
357,179,340,1996-08
358,229,340,1996-08
359,314,340,1996-08
360,385,340,1996-08
361,476,340,1996-08
362,486,340,1996-08
363,602,340,1996-08
364,179,387,1996-08
365,476,387,1996-08
366,486,387,1996-08
367,584,387,1996-08
368,592,387,1996-08
369,179,386,1996-08
370,476,386,1996-08
371,486,386,1996-08
372,176,341,1996-08
373,179,341,1996-08
374,229,341,1996-08
375,486,341,1996-08
376,584,341,1996-08
377,592,341,1996-08
378,602,341,1996-08
379,176,342,1996-08
380,179,342,1996-08
381,229,342,1996-08
382,486,342,1996-08
383,602,342,1996-08
384,179,393,1996-08
385,486,393,1996-08
386,584,393,1996-08
387,592,393,1996-08
388,176,351,1996-08
389,273,351,1996-08
390,592,351,1996-08
391,602,351,1996-08
392,176,344,1996-08
393,229,344,1996-08
394,476,344,1996-08
395,486,344,1996-08
396,592,344,1996-08
397,602,344,1996-08
398,176,345,1996-08
399,229,345,1996-08
400,476,345,1996-08
401,486,345,1996-08
402,602,345,1996-08
403,476,1332,1996-08
404,486,1332,1996-08
405,592,1332,1996-08
406,476,1329,1996-08
407,486,1329,1996-08
408,176,346,1996-08
409,229,346,1996-08
410,486,346,1996-08
411,592,346,1996-08
412,602,346,1996-08
413,176,347,1996-08
414,229,347,1996-08
415,486,347,1996-08
416,602,347,1996-08
417,176,364,1996-08
418,592,364,1996-08
419,602,364,1996-08
420,229,588,1996-08
421,385,588,1996-08
422,486,588,1996-08
423,584,588,1996-08
424,592,588,1996-08
425,229,586,1996-08
426,385,586,1996-08
427,486,586,1996-08
428,229,596,1996-08
429,486,596,1996-08
430,584,596,1996-08
431,592,596,1996-08
432,229,597,1996-08
433,486,597,1996-08
434,592,597,1996-08
435,229,598,1996-08
436,486,598,1996-08
437,602,598,1996-08
438,229,591,1996-08
439,486,591,1996-08
440,314,860,1996-08
441,602,860,1996-08
442,56,1450,1996-08
443,102,1450,1996-08
444,512,1450,1996-08
445,584,1450,1996-08
446,14,240,1996-08
447,176,240,1996-08
448,512,240,1996-08
449,574,240,1996-08
450,584,240,1996-08
451,602,240,1996-08
452,56,1451,1996-08
453,176,1451,1996-08
454,242,1451,1996-08
455,512,1451,1996-08
456,574,1451,1996-08
457,602,1451,1996-08
458,56,1458,1996-08
459,512,1458,1996-08
460,176,357,1996-08
461,512,357,1996-08
462,574,357,1996-08
463,602,357,1996-08
464,176,348,1996-08
465,242,348,1996-08
466,512,348,1996-08
467,602,348,1996-08
468,176,359,1996-08
469,512,359,1996-08
470,602,359,1996-08
471,102,54,1996-08
472,242,54,1996-08
473,512,54,1996-08
474,602,54,1996-08
475,102,55,1996-08
476,512,55,1996-08
477,242,656,1996-08
478,512,656,1996-08
479,602,656,1996-08
480,176,362,1996-08
481,584,362,1996-08
482,602,362,1996-08
483,176,365,1996-08
484,602,365,1996-08
485,8,1735,1996-08
486,38,1735,1996-08
487,512,1735,1996-08
488,588,1735,1996-08
489,602,1735,1996-08
490,38,1021,1996-08
491,46,1021,1996-08
492,394,1021,1996-08
493,512,1021,1996-08
494,541,1021,1996-08
495,588,1021,1996-08
496,602,1021,1996-08
497,46,1269,1996-08
498,142,1269,1996-08
499,512,1269,1996-08
500,588,1269,1996-08
501,602,1269,1996-08
502,38,1022,1996-08
503,46,1022,1996-08
504,512,1022,1996-08
505,541,1022,1996-08
506,588,1022,1996-08
507,602,1022,1996-08
508,38,1024,1996-08
509,512,1024,1996-08
510,588,1024,1996-08
511,602,1024,1996-08
512,512,1414,1996-08
513,541,1414,1996-08
514,46,1305,1996-08
515,512,1305,1996-08
516,588,1305,1996-08
517,602,1305,1996-08
518,142,263,1996-08
519,512,263,1996-08
520,588,263,1996-08
521,602,263,1996-08
522,512,1417,1996-08
523,588,1417,1996-08
524,602,1417,1996-08
525,8,1733,1996-08
526,38,1733,1996-08
527,142,1733,1996-08
528,512,1733,1996-08
529,602,1733,1996-08
530,8,1736,1996-08
531,38,1736,1996-08
532,512,1736,1996-08
533,602,1736,1996-08
534,38,1025,1996-08
535,512,1025,1996-08
536,602,1025,1996-08
537,142,264,1996-08
538,512,264,1996-08
539,602,264,1996-08
540,447,1223,1996-08
541,476,1223,1996-08
542,498,1223,1996-08
543,574,1223,1996-08
544,588,1223,1996-08
545,46,1291,1996-08
546,447,1291,1996-08
547,498,1291,1996-08
548,574,1291,1996-08
549,588,1291,1996-08
550,592,1291,1996-08
551,447,1227,1996-08
552,498,1227,1996-08
553,574,1227,1996-08
554,588,1227,1996-08
555,46,1268,1996-08
556,142,1268,1996-08
557,273,1268,1996-08
558,574,1268,1996-08
559,588,1268,1996-08
560,592,1268,1996-08
561,46,1309,1996-08
562,574,1309,1996-08
563,588,1309,1996-08
564,592,1309,1996-08
565,574,1496,1996-08
566,588,1496,1996-08
567,46,1293,1996-08
568,476,1293,1996-08
569,498,1293,1996-08
570,588,1293,1996-08
571,592,1293,1996-08
572,476,1334,1996-08
573,498,1334,1996-08
574,588,1334,1996-08
575,476,1335,1996-08
576,498,1335,1996-08
577,592,1335,1996-08
578,476,1333,1996-08
579,498,1333,1996-08
580,46,1303,1996-08
581,498,1303,1996-08
582,588,1303,1996-08
583,592,1303,1996-08
584,498,1397,1996-08
585,588,1397,1996-08
586,46,1313,1996-08
587,588,1313,1996-08
588,592,1313,1996-08
589,142,262,1996-08
590,498,262,1996-08
591,592,262,1996-08
592,142,267,1996-08
593,592,267,1996-08
594,142,257,1996-08
595,447,257,1996-08
596,588,257,1996-08
597,447,1230,1996-08
598,588,1230,1996-08
599,46,1270,1996-08
600,142,1270,1996-08
601,588,1270,1996-08
602,46,1312,1996-08
603,588,1312,1996-08
604,142,266,1996-08
605,588,266,1996-08
606,179,388,1996-08
607,485,388,1996-08
608,486,388,1996-08
609,498,388,1996-08
610,541,388,1996-08
611,584,388,1996-08
612,179,391,1996-08
613,486,391,1996-08
614,498,391,1996-08
615,541,391,1996-08
616,584,391,1996-08
617,179,390,1996-08
618,486,390,1996-08
619,498,390,1996-08
620,142,259,1996-08
621,485,259,1996-08
622,486,259,1996-08
623,498,259,1996-08
624,584,259,1996-08
625,485,1347,1996-08
626,486,1347,1996-08
627,498,1347,1996-08
628,584,1347,1996-08
629,486,1360,1996-08
630,498,1360,1996-08
631,584,1360,1996-08
632,142,258,1996-08
633,485,258,1996-08
634,142,260,1996-08
635,486,260,1996-08
636,179,392,1996-08
637,486,392,1996-08
638,584,392,1996-08
639,179,389,1996-08
640,486,389,1996-08
641,142,265,1996-08
642,541,265,1996-08
643,142,261,1996-08
644,498,261,1996-08
645,8,1745,1996-08
646,498,1745,1996-08
647,56,1454,1996-08
648,235,1454,1996-08
649,498,1454,1996-08
650,584,1454,1996-08
651,592,1454,1996-08
652,46,1302,1996-08
653,498,1302,1996-08
654,584,1302,1996-08
655,592,1302,1996-08
656,46,1308,1996-08
657,56,1308,1996-08
658,235,1308,1996-08
659,273,1308,1996-08
660,592,1308,1996-08
661,56,1455,1996-08
662,235,1455,1996-08
663,592,1455,1996-08
664,235,620,1996-08
665,498,620,1996-08
666,584,620,1996-08
667,592,620,1996-08
668,498,1396,1996-08
669,584,1396,1996-08
670,592,1396,1996-08
671,8,1730,1996-08
672,235,1730,1996-08
673,46,1284,1996-08
674,273,1284,1996-08
675,498,1284,1996-08
676,592,1284,1996-08
677,192,451,1996-08
678,349,451,1996-08
679,485,451,1996-08
680,498,451,1996-08
681,541,451,1996-08
682,584,451,1996-08
683,349,958,1996-08
684,485,958,1996-08
685,192,453,1996-08
686,485,453,1996-08
687,498,453,1996-08
688,584,453,1996-08
689,485,1348,1996-08
690,498,1348,1996-08
691,541,1348,1996-08
692,584,1348,1996-08
693,498,1393,1996-08
694,541,1393,1996-08
695,584,1393,1996-08
696,485,1349,1996-08
697,498,1349,1996-08
698,584,1349,1996-08
699,8,1728,1996-08
700,176,1728,1996-08
701,46,1275,1996-08
702,176,1275,1996-08
703,584,1275,1996-08
704,592,1275,1996-08
705,46,1272,1996-08
706,176,1272,1996-08
707,485,1272,1996-08
708,592,1272,1996-08
709,46,1276,1996-08
710,176,1276,1996-08
711,592,1276,1996-08
712,192,455,1996-08
713,485,455,1996-08
714,584,455,1996-08
715,592,455,1996-08
716,485,1355,1996-08
717,592,1355,1996-08
718,176,361,1996-08
719,584,361,1996-08
720,592,361,1996-08
721,8,1742,1996-08
722,46,1742,1996-08
723,584,1742,1996-08
724,592,1742,1996-08
725,56,1452,1996-08
726,192,1452,1996-08
727,411,1452,1996-08
728,486,1452,1996-08
729,541,1452,1996-08
730,584,1452,1996-08
731,592,1452,1996-08
732,486,1366,1996-08
733,541,1366,1996-08
734,584,1366,1996-08
735,592,1366,1996-08
736,56,1456,1996-08
737,411,1456,1996-08
738,592,1456,1996-08
739,486,1367,1996-08
740,541,1367,1996-08
741,592,1367,1996-08
742,192,452,1996-08
743,411,452,1996-08
744,486,452,1996-08
745,584,452,1996-08
746,592,452,1996-08
747,486,1369,1996-08
748,584,1369,1996-08
749,592,1369,1996-08
750,486,1365,1996-08
751,541,1365,1996-08
752,584,1365,1996-08
753,56,1461,1996-08
754,584,1461,1996-08
755,592,1461,1996-08
756,56,1462,1996-08
757,592,1462,1996-08
758,56,1460,1996-08
759,584,1460,1996-08
760,192,456,1996-08
761,541,456,1996-08
762,584,456,1996-08
763,192,458,1996-08
764,584,458,1996-08
765,592,458,1996-08
766,8,1743,1996-08
767,476,1743,1996-08
768,411,1139,1996-08
769,476,1139,1996-08
770,485,1139,1996-08
771,541,1139,1996-08
772,584,1139,1996-08
773,46,1307,1996-08
774,541,1307,1996-08
775,584,1307,1996-08
776,46,1288,1996-08
777,411,1288,1996-08
778,485,1288,1996-08
779,46,1294,1996-08
780,476,1294,1996-08
781,541,1294,1996-08
782,411,1141,1996-08
783,485,1141,1996-08
784,584,1141,1996-08
785,411,1140,1996-08
786,485,1140,1996-08
787,8,1737,1996-08
788,411,1737,1996-08
789,8,1740,1996-08
790,46,1740,1996-08
791,541,1740,1996-08
792,46,1306,1996-08
793,541,1306,1996-08
794,485,1353,1996-08
795,541,1353,1996-08
796,584,1353,1996-08
797,8,1739,1996-08
798,46,1739,1996-08
799,485,1739,1996-08
800,584,1739,1996-08
801,8,1741,1996-08
802,46,1741,1996-08
803,584,1741,1996-08
804,8,1738,1996-08
805,46,1738,1996-08
806,8,1727,1996-08
807,170,1727,1996-08
808,179,1727,1996-08
809,229,1727,1996-08
810,179,381,1996-08
811,229,381,1996-08
812,109,106,1996-08
813,162,106,1996-08
814,235,106,1996-08
815,411,106,1996-08
816,498,106,1996-08
817,109,107,1996-08
818,162,107,1996-08
819,498,107,1996-08
820,109,118,1996-08
821,498,118,1996-08
822,235,616,1996-08
823,411,616,1996-08
824,498,616,1996-08
825,162,305,1996-08
826,235,305,1996-08
827,411,305,1996-08
828,235,613,1996-08
829,411,613,1996-08
830,235,619,1996-08
831,498,619,1996-08
832,179,382,1996-08
833,235,382,1996-08
834,349,382,1996-08
835,584,382,1996-08
836,235,612,1996-08
837,349,612,1996-08
838,179,383,1996-08
839,243,383,1996-08
840,584,383,1996-08
841,349,959,1996-08
842,584,959,1996-08
843,179,385,1996-08
844,349,385,1996-08
845,507,385,1996-08
846,179,384,1996-08
847,349,384,1996-08
848,235,610,1996-08
849,243,610,1996-08
850,235,617,1996-08
851,476,617,1996-08
852,584,617,1996-08
853,592,617,1996-08
854,273,749,1996-08
855,476,749,1996-08
856,584,749,1996-08
857,592,749,1996-08
858,476,1338,1996-08
859,584,1338,1996-08
860,592,1338,1996-08
861,46,1283,1996-08
862,273,1283,1996-08
863,476,1283,1996-08
864,592,1283,1996-08
865,46,1296,1996-08
866,476,1296,1996-08
867,592,1296,1996-08
868,273,750,1996-08
869,476,750,1996-08
870,592,750,1996-08
871,476,1339,1996-08
872,592,1339,1996-08
873,46,1279,1996-08
874,235,1279,1996-08
875,273,1279,1996-08
876,584,1279,1996-08
877,592,1279,1996-08
878,46,1280,1996-08
879,235,1280,1996-08
880,273,1280,1996-08
881,592,1280,1996-08
882,235,622,1996-08
883,584,622,1996-08
884,592,622,1996-08
885,273,753,1996-08
886,584,753,1996-08
887,592,753,1996-08
888,46,1286,1996-08
889,273,1286,1996-08
890,592,1286,1996-08
891,273,755,1996-08
892,592,755,1996-08
893,46,1311,1996-08
894,584,1311,1996-08
895,592,1311,1996-08
896,46,1295,1996-08
897,476,1295,1996-08
898,584,1295,1996-08
899,46,1292,1996-08
900,476,1292,1996-08
901,235,621,1996-08
902,584,621,1996-08
903,411,1144,1996-08
904,486,1144,1996-08
905,498,1144,1996-08
906,541,1144,1996-08
907,411,1143,1996-08
908,486,1143,1996-08
909,498,1143,1996-08
910,243,661,1996-08
911,486,661,1996-08
912,498,661,1996-08
913,541,661,1996-08
914,486,1359,1996-08
915,498,1359,1996-08
916,541,1359,1996-08
917,486,1356,1996-08
918,498,1356,1996-08
919,498,1392,1996-08
920,541,1392,1996-08
921,411,1145,1996-08
922,486,1145,1996-08
923,541,1145,1996-08
924,411,1142,1996-08
925,486,1142,1996-08
926,486,1364,1996-08
927,541,1364,1996-08
928,243,658,1996-08
929,411,658,1996-08
930,498,658,1996-08
931,411,1146,1996-08
932,498,1146,1996-08
933,243,663,1996-08
934,498,663,1996-08
935,46,1278,1996-08
936,229,1278,1996-08
937,584,1278,1996-08
938,46,1282,1996-08
939,273,1282,1996-08
940,411,1282,1996-08
941,46,1277,1996-08
942,229,1277,1996-08
943,229,590,1996-08
944,411,590,1996-08
945,584,590,1996-08
946,229,589,1996-08
947,411,589,1996-08
948,229,585,1996-08
949,273,585,1996-08
950,584,585,1996-08
951,229,599,1996-08
952,584,599,1996-08
953,46,1289,1996-08
954,411,1289,1996-08
955,584,1289,1996-08
956,46,1287,1996-08
957,411,1287,1996-08
958,46,1285,1996-08
959,273,1285,1996-08
960,584,1285,1996-08
961,273,752,1996-08
962,584,752,1996-08
963,46,1281,1996-08
964,273,1281,1996-08
965,485,1351,1996-08
966,512,1351,1996-08
967,584,1351,1996-08
968,485,1352,1996-08
969,512,1352,1996-08
970,602,1352,1996-08
971,485,1350,1996-08
972,512,1350,1996-08
973,512,1416,1996-08
974,584,1416,1996-08
975,602,1416,1996-08
976,512,1415,1996-08
977,584,1415,1996-08
978,512,1419,1996-08
979,602,1419,1996-08
980,243,659,1996-08
981,485,659,1996-08
982,584,659,1996-08
983,176,343,1996-08
984,192,343,1996-08
985,584,343,1996-08
986,176,360,1996-08
987,584,360,1996-08
988,242,652,1996-08
989,273,652,1996-08
990,512,652,1996-08
991,242,653,1996-08
992,486,653,1996-08
993,512,653,1996-08
994,486,1363,1996-08
995,512,1363,1996-08
996,8,1729,1996-08
997,192,1729,1996-08
998,485,1729,1996-08
999,584,1729,1996-08
1000,192,454,1996-08
1001,485,454,1996-08
1002,584,454,1996-08
1003,8,1744,1996-08
1004,485,1744,1996-08
1005,584,1744,1996-08
1006,8,1747,1996-08
1007,584,1747,1996-08
1008,192,457,1996-08
1009,584,457,1996-08
1010,102,56,1996-08
1011,588,56,1996-08
1012,38,1026,1996-08
1013,588,1026,1996-08
1014,273,754,1996-08
1015,588,754,1996-08
1016,14,241,1996-08
1017,46,241,1996-08
1018,447,241,1996-08
1019,486,241,1996-08
1020,46,1299,1996-08
1021,486,1299,1996-08
1022,46,1290,1996-08
1023,447,1290,1996-08
1024,447,1225,1996-08
1025,486,1225,1996-08
1026,584,1225,1996-08
1027,602,1225,1996-08
1028,447,1226,1996-08
1029,486,1226,1996-08
1030,602,1226,1996-08
1031,486,1370,1996-08
1032,584,1370,1996-08
1033,602,1370,1996-08
1034,486,1373,1996-08
1035,602,1373,1996-08
1036,584,1524,1996-08
1037,602,1524,1996-08
1038,162,309,1996-08
1039,411,309,1996-08
1040,541,309,1996-08
1041,584,309,1996-08
1042,411,1149,1996-08
1043,541,1149,1996-08
1044,584,1149,1996-08
1045,162,308,1996-08
1046,411,308,1996-08
1047,411,1148,1996-08
1048,541,1148,1996-08
1049,411,1150,1996-08
1050,584,1150,1996-08
1051,109,115,1996-08
1052,411,115,1996-08
1053,592,115,1996-08
1054,109,109,1996-08
1055,176,109,1996-08
1056,592,109,1996-08
1057,109,108,1996-08
1058,176,108,1996-08
1059,109,120,1996-08
1060,592,120,1996-08
1061,176,352,1996-08
1062,411,352,1996-08
1063,592,352,1996-08
1064,411,1151,1996-08
1065,592,1151,1996-08
1066,109,114,1996-08
1067,411,114,1996-08
1068,109,104,1996-08
1069,162,104,1996-08
1070,498,1394,1996-08
1071,574,1394,1996-08
1072,56,1457,1996-08
1073,498,1457,1996-08
1074,38,1018,1996-08
1075,385,1018,1996-08
1076,385,1043,1996-08
1077,411,1043,1996-08
1078,38,1019,1996-08
1079,411,1019,1996-08
1080,8,1746,1996-08
1081,512,1746,1996-08
1082,242,654,1996-08
1083,512,654,1996-08
1084,162,312,1996-08
1085,476,312,1996-08
1086,584,312,1996-08
1087,162,311,1996-08
1088,476,311,1996-08
1089,476,1337,1996-08
1090,584,1337,1996-08
1091,162,313,1996-08
1092,584,313,1996-08
1093,109,116,1996-08
1094,447,116,1996-08
1095,512,116,1996-08
1096,109,119,1996-08
1097,512,119,1996-08
1098,46,1298,1996-08
1099,485,1298,1996-08
1100,584,1298,1996-08
1101,46,1297,1996-08
1102,485,1297,1996-08
1103,485,1354,1996-08
1104,584,1354,1996-08
1105,235,609,1996-08
1106,242,609,1996-08
1107,602,609,1996-08
1108,235,624,1996-08
1109,602,624,1996-08
1110,242,657,1996-08
1111,602,657,1996-08
1112,176,350,1996-08
1113,273,350,1996-08
1114,486,350,1996-08
1115,273,751,1996-08
1116,486,751,1996-08
1117,385,1045,1996-08
1118,602,1045,1996-08
1119,46,1304,1996-08
1120,498,1304,1996-08
1121,592,1304,1996-08
1122,498,1398,1996-08
1123,592,1398,1996-08
1124,46,1314,1996-08
1125,592,1314,1996-08
1126,8,1732,1996-08
1127,38,1732,1996-08
1128,8,1731,1996-08
1129,273,1731,1996-08
1130,447,1228,1996-08
1131,541,1228,1996-08
1132,447,1222,1996-08
1133,476,1222,1996-08
1134,476,1336,1996-08
1135,541,1336,1996-08
1136,46,1301,1996-08
1137,498,1301,1996-08
1138,584,1301,1996-08
1139,498,1395,1996-08
1140,584,1395,1996-08
1141,46,1310,1996-08
1142,584,1310,1996-08
1143,46,1300,1996-08
1144,498,1300,1996-08
1145,273,747,1996-08
1146,314,747,1996-08
1147,38,1016,1996-08
1148,273,1016,1996-08
1149,541,1441,1996-08
1150,584,1441,1996-08
1151,592,1441,1996-08
1152,541,1442,1996-08
1153,592,1442,1996-08
1154,541,1440,1996-08
1155,584,1440,1996-08
1156,447,1221,1996-08
1157,455,1221,1996-08
1158,455,1261,1996-08
1159,584,1261,1996-08
1160,447,1229,1996-08
1161,584,1229,1996-08
1162,162,314,1996-08
1163,602,314,1996-08
1164,176,355,1996-08
1165,486,355,1996-08
1166,592,355,1996-08
1167,176,363,1996-08
1168,592,363,1996-08
1169,176,354,1996-08
1170,486,354,1996-08
1171,243,662,1996-08
1172,486,662,1996-08
1173,584,662,1996-08
1174,486,1368,1996-08
1175,584,1368,1996-08
1176,235,618,1996-08
1177,486,618,1996-08
1178,592,618,1996-08
1179,235,623,1996-08
1180,592,623,1996-08
1181,486,1372,1996-08
1182,592,1372,1996-08
1183,486,1371,1996-08
1184,588,1371,1996-08
1185,38,1017,1996-08
1186,314,1017,1996-08
1187,14,243,1996-08
1188,602,243,1996-08
1189,273,748,1996-08
1190,385,748,1996-08
1191,109,113,1996-08
1192,235,113,1996-08
1193,243,660,1996-08
1194,486,660,1996-08
1195,38,1023,1996-08
1196,512,1023,1996-08
1197,179,395,1996-08
1198,584,395,1996-08
1199,235,611,1996-08
1200,273,611,1996-08
1201,14,242,1996-08
1202,584,242,1996-08
1203,447,1224,1996-08
1204,486,1224,1996-08
1205,56,1459,1996-08
1206,574,1459,1996-08
1207,243,664,1996-08
1208,584,664,1996-08
1209,176,349,1996-08
1210,273,349,1996-08
1211,584,1523,1996-08
1212,592,1523,1996-08
1213,162,307,1996-08
1214,262,307,1996-08
1215,6,1544,1996-11
1216,240,1544,1996-11
1217,379,1544,1996-11
1218,458,1544,1996-11
1219,470,1544,1996-11
1220,566,1544,1996-11
1221,6,1583,1996-11
1222,58,1583,1996-11
1223,94,1583,1996-11
1224,117,1583,1996-11
1225,340,1583,1996-11
1226,566,1583,1996-11
1227,6,1571,1996-11
1228,566,1571,1996-11
1229,6,1580,1996-11
1230,58,1580,1996-11
1231,340,1580,1996-11
1232,379,1580,1996-11
1233,458,1580,1996-11
1234,6,1562,1996-11
1235,43,1562,1996-11
1236,379,1562,1996-11
1237,458,1562,1996-11
1238,530,1562,1996-11
1239,6,1555,1996-11
1240,379,1555,1996-11
1241,458,1555,1996-11
1242,6,1574,1996-11
1243,58,1574,1996-11
1244,126,1574,1996-11
1245,340,1574,1996-11
1246,58,1499,1996-11
1247,117,1499,1996-11
1248,470,1499,1996-11
1249,566,1499,1996-11
1250,173,329,1996-11
1251,470,329,1996-11
1252,566,329,1996-11
1253,470,1323,1996-11
1254,566,1323,1996-11
1255,58,1498,1996-11
1256,117,1498,1996-11
1257,373,1498,1996-11
1258,566,1498,1996-11
1259,58,1500,1996-11
1260,117,1500,1996-11
1261,566,1500,1996-11
1262,58,1512,1996-11
1263,374,1512,1996-11
1264,5,1406,1996-11
1265,58,1406,1996-11
1266,373,1406,1996-11
1267,565,1406,1996-11
1268,6,1551,1996-11
1269,340,1551,1996-11
1270,458,1551,1996-11
1271,470,1551,1996-11
1272,6,1552,1996-11
1273,340,1552,1996-11
1274,559,1552,1996-11
1275,6,1540,1996-11
1276,174,1540,1996-11
1277,340,1540,1996-11
1278,458,1540,1996-11
1279,6,1550,1996-11
1280,340,1550,1996-11
1281,458,1550,1996-11
1282,6,1560,1996-11
1283,43,1560,1996-11
1284,181,1560,1996-11
1285,458,1560,1996-11
1286,470,1560,1996-11
1287,530,1560,1996-11
1288,6,1559,1996-11
1289,43,1559,1996-11
1290,174,1559,1996-11
1291,458,1559,1996-11
1292,530,1559,1996-11
1293,6,1564,1996-11
1294,43,1564,1996-11
1295,458,1564,1996-11
1296,530,1564,1996-11
1297,6,1538,1996-11
1298,174,1538,1996-11
1299,181,1538,1996-11
1300,458,1538,1996-11
1301,470,1538,1996-11
1302,6,1542,1996-11
1303,181,1542,1996-11
1304,458,1542,1996-11
1305,470,1542,1996-11
1306,6,1568,1996-11
1307,458,1568,1996-11
1308,470,1568,1996-11
1309,6,1541,1996-11
1310,174,1541,1996-11
1311,458,1541,1996-11
1312,43,1187,1996-11
1313,181,1187,1996-11
1314,240,1187,1996-11
1315,379,1187,1996-11
1316,240,644,1996-11
1317,379,644,1996-11
1318,181,420,1996-11
1319,559,420,1996-11
1320,43,1186,1996-11
1321,181,1186,1996-11
1322,43,1184,1996-11
1323,174,1184,1996-11
1324,340,1184,1996-11
1325,379,1184,1996-11
1326,458,1184,1996-11
1327,340,946,1996-11
1328,379,946,1996-11
1329,458,946,1996-11
1330,43,1195,1996-11
1331,379,1195,1996-11
1332,458,1195,1996-11
1333,379,1012,1996-11
1334,458,1012,1996-11
1335,174,336,1996-11
1336,340,336,1996-11
1337,458,336,1996-11
1338,340,947,1996-11
1339,458,947,1996-11
1340,43,1185,1996-11
1341,174,1185,1996-11
1342,458,1185,1996-11
1343,43,1194,1996-11
1344,379,1194,1996-11
1345,6,1578,1996-11
1346,58,1578,1996-11
1347,240,1578,1996-11
1348,458,1578,1996-11
1349,6,1545,1996-11
1350,240,1545,1996-11
1351,458,1545,1996-11
1352,6,1575,1996-11
1353,58,1575,1996-11
1354,126,1575,1996-11
1355,458,1575,1996-11
1356,6,1573,1996-11
1357,58,1573,1996-11
1358,126,1573,1996-11
1359,58,1517,1996-11
1360,569,1517,1996-11
1361,181,419,1996-11
1362,458,419,1996-11
1363,530,419,1996-11
1364,566,419,1996-11
1365,458,1265,1996-11
1366,566,1265,1996-11
1367,126,221,1996-11
1368,566,221,1996-11
1369,126,218,1996-11
1370,174,218,1996-11
1371,458,218,1996-11
1372,530,218,1996-11
1373,174,332,1996-11
1374,181,332,1996-11
1375,458,332,1996-11
1376,530,332,1996-11
1377,181,418,1996-11
1378,458,418,1996-11
1379,530,418,1996-11
1380,174,338,1996-11
1381,458,338,1996-11
1382,530,338,1996-11
1383,458,1264,1996-11
1384,530,1264,1996-11
1385,174,331,1996-11
1386,181,331,1996-11
1387,458,331,1996-11
1388,181,417,1996-11
1389,458,417,1996-11
1390,6,1549,1996-11
1391,340,1549,1996-11
1392,379,1549,1996-11
1393,530,1549,1996-11
1394,6,1548,1996-11
1395,340,1548,1996-11
1396,379,1548,1996-11
1397,6,1556,1996-11
1398,379,1556,1996-11
1399,530,1556,1996-11
1400,6,1554,1996-11
1401,379,1554,1996-11
1402,5,1403,1996-11
1403,565,1403,1996-11
1404,6,1570,1996-11
1405,530,1570,1996-11
1406,340,945,1996-11
1407,379,945,1996-11
1408,6,1577,1996-11
1409,58,1577,1996-11
1410,240,1577,1996-11
1411,340,1577,1996-11
1412,6,1579,1996-11
1413,58,1579,1996-11
1414,340,1579,1996-11
1415,6,1547,1996-11
1416,340,1547,1996-11
1417,6,1535,1996-11
1418,126,1535,1996-11
1419,373,1535,1996-11
1420,6,1558,1996-11
1421,43,1558,1996-11
1422,126,1558,1996-11
1423,458,1558,1996-11
1424,6,1536,1996-11
1425,126,1536,1996-11
1426,458,1536,1996-11
1427,6,1534,1996-11
1428,126,1534,1996-11
1429,126,220,1996-11
1430,458,220,1996-11
1431,6,1566,1996-11
1432,43,1566,1996-11
1433,58,1566,1996-11
1434,458,1566,1996-11
1435,6,1582,1996-11
1436,58,1582,1996-11
1437,458,1582,1996-11
1438,6,1563,1996-11
1439,43,1563,1996-11
1440,458,1563,1996-11
1441,58,1518,1996-11
1442,94,1518,1996-11
1443,58,1510,1996-11
1444,373,1510,1996-11
1445,565,1510,1996-11
1446,566,1510,1996-11
1447,58,1511,1996-11
1448,373,1511,1996-11
1449,566,1511,1996-11
1450,58,1516,1996-11
1451,566,1516,1996-11
1452,58,1509,1996-11
1453,373,1509,1996-11
1454,565,1509,1996-11
1455,58,1515,1996-11
1456,565,1515,1996-11
1457,43,1190,1996-11
1458,321,1190,1996-11
1459,458,1190,1996-11
1460,458,1266,1996-11
1461,569,1266,1996-11
1462,37,999,1996-11
1463,569,999,1996-11
1464,37,998,1996-11
1465,43,998,1996-11
1466,240,648,1996-11
1467,569,648,1996-11
1468,240,647,1996-11
1469,566,647,1996-11
1470,43,1189,1996-11
1471,240,1189,1996-11
1472,458,1189,1996-11
1473,470,1189,1996-11
1474,240,646,1996-11
1475,458,646,1996-11
1476,470,646,1996-11
1477,43,1198,1996-11
1478,458,1198,1996-11
1479,470,1198,1996-11
1480,458,1263,1996-11
1481,470,1263,1996-11
1482,43,1197,1996-11
1483,458,1197,1996-11
1484,6,1581,1996-11
1485,58,1581,1996-11
1486,373,1581,1996-11
1487,374,1005,1996-11
1488,470,1005,1996-11
1489,321,881,1996-11
1490,470,881,1996-11
1491,58,1508,1996-11
1492,373,1508,1996-11
1493,559,1508,1996-11
1494,446,1219,1996-11
1495,470,1219,1996-11
1496,43,1196,1996-11
1497,446,1196,1996-11
1498,43,1199,1996-11
1499,470,1199,1996-11
1500,117,159,1996-11
1501,373,159,1996-11
1502,446,159,1996-11
1503,117,158,1996-11
1504,373,158,1996-11
1505,37,997,1996-11
1506,373,997,1996-11
1507,5,1402,1996-11
1508,43,1402,1996-11
1509,58,1402,1996-11
1510,5,1405,1996-11
1511,58,1405,1996-11
1512,373,1405,1996-11
1513,6,1546,1996-11
1514,240,1546,1996-11
1515,501,1546,1996-11
1516,240,642,1996-11
1517,340,642,1996-11
1518,374,642,1996-11
1519,240,641,1996-11
1520,340,641,1996-11
1521,240,643,1996-11
1522,347,643,1996-11
1523,6,1569,1996-11
1524,501,1569,1996-11
1525,5,1408,1996-11
1526,6,1408,1996-11
1527,43,1408,1996-11
1528,5,1407,1996-11
1529,6,1407,1996-11
1530,6,1533,1996-11
1531,121,1533,1996-11
1532,373,1533,1996-11
1533,6,1553,1996-11
1534,373,1553,1996-11
1535,174,333,1996-11
1536,181,333,1996-11
1537,566,333,1996-11
1538,181,421,1996-11
1539,566,421,1996-11
1540,174,330,1996-11
1541,181,330,1996-11
1542,174,339,1996-11
1543,566,339,1996-11
1544,58,1502,1996-11
1545,126,1502,1996-11
1546,373,1502,1996-11
1547,58,1501,1996-11
1548,126,1501,1996-11
1549,126,219,1996-11
1550,373,219,1996-11
1551,373,1003,1996-11
1552,559,1003,1996-11
1553,566,1003,1996-11
1554,373,1004,1996-11
1555,566,1004,1996-11
1556,373,1002,1996-11
1557,559,1002,1996-11
1558,43,1202,1996-11
1559,569,1202,1996-11
1560,6,1576,1996-11
1561,58,1576,1996-11
1562,240,1576,1996-11
1563,37,996,1996-11
1564,240,996,1996-11
1565,37,995,1996-11
1566,174,995,1996-11
1567,6,1561,1996-11
1568,43,1561,1996-11
1569,240,1561,1996-11
1570,58,1507,1996-11
1571,373,1507,1996-11
1572,446,1507,1996-11
1573,373,1001,1996-11
1574,446,1001,1996-11
1575,58,1504,1996-11
1576,174,1504,1996-11
1577,458,1504,1996-11
1578,6,1539,1996-11
1579,174,1539,1996-11
1580,240,1539,1996-11
1581,6,1537,1996-11
1582,174,1537,1996-11
1583,174,334,1996-11
1584,240,334,1996-11
1585,6,1565,1996-11
1586,43,1565,1996-11
1587,58,1565,1996-11
1588,6,1572,1996-11
1589,58,1572,1996-11
1590,43,1183,1996-11
1591,174,1183,1996-11
1592,340,1183,1996-11
1593,174,335,1996-11
1594,340,335,1996-11
1595,43,1191,1996-11
1596,340,1191,1996-11
1597,5,1401,1996-11
1598,43,1401,1996-11
1599,373,1401,1996-11
1600,43,1192,1996-11
1601,373,1192,1996-11
1602,5,1399,1996-11
1603,373,1399,1996-11
1604,5,1400,1996-11
1605,43,1400,1996-11
1606,43,1204,1996-11
1607,58,1204,1996-11
1608,174,1204,1996-11
1609,58,1503,1996-11
1610,174,1503,1996-11
1611,43,1205,1996-11
1612,58,1205,1996-11
1613,240,1205,1996-11
1614,446,1220,1996-11
1615,566,1220,1996-11
1616,58,1505,1996-11
1617,240,1505,1996-11
1618,5,1404,1996-11
1619,58,1404,1996-11
1620,240,645,1996-11
1621,458,645,1996-11
1622,174,337,1996-11
1623,458,337,1996-11
1624,37,1000,1996-11
1625,58,1000,1996-11
1626,43,1201,1996-11
1627,566,1201,1996-11
1628,240,640,1996-11
1629,321,640,1996-11
1630,6,1567,1996-11
1631,458,1567,1996-11
1632,43,1181,1996-11
1633,126,1181,1996-11
1634,43,1193,1996-11
1635,374,1193,1996-11
1636,6,1543,1996-11
1637,240,1543,1996-11
1638,58,1513,1996-11
1639,458,1513,1996-11
1640,43,1182,1996-11
1641,174,1182,1996-11
1642,58,1514,1996-11
1643,559,1514,1996-11
1644,58,1506,1996-11
1645,373,1506,1996-11
1646,43,1203,1996-11
1647,58,1203,1996-11
1648,43,1200,1996-11
1649,559,1200,1996-11
1650,6,1557,1996-11
1651,43,1557,1996-11
1652,43,1188,1996-11
1653,240,1188,1996-11
1654,206,515,1997-02
1655,269,515,1997-02
1656,451,515,1997-02
1657,90,1764,1997-02
1658,206,1764,1997-02
1659,302,1764,1997-02
1660,451,1764,1997-02
1661,521,1764,1997-02
1662,90,1763,1997-02
1663,206,1763,1997-02
1664,302,1763,1997-02
1665,451,1763,1997-02
1666,206,517,1997-02
1667,451,517,1997-02
1668,32,877,1997-02
1669,529,877,1997-02
1670,32,879,1997-02
1671,90,879,1997-02
1672,206,879,1997-02
1673,302,879,1997-02
1674,32,880,1997-02
1675,90,880,1997-02
1676,302,880,1997-02
1677,90,1762,1997-02
1678,206,1762,1997-02
1679,302,1762,1997-02
1680,90,1765,1997-02
1681,302,1765,1997-02
1682,302,830,1997-02
1683,589,830,1997-02
1684,451,1255,1997-02
1685,589,1255,1997-02
1686,32,875,1997-02
1687,451,875,1997-02
1688,32,874,1997-02
1689,402,874,1997-02
1690,589,874,1997-02
1691,206,518,1997-02
1692,589,518,1997-02
1693,402,1114,1997-02
1694,524,1114,1997-02
1695,31,854,1997-02
1696,456,854,1997-02
1697,456,1262,1997-02
1698,529,1262,1997-02
1699,179,394,1997-02
1700,544,394,1997-02
1701,589,394,1997-02
1702,32,873,1997-02
1703,402,873,1997-02
1704,31,853,1997-02
1705,402,853,1997-02
1706,32,872,1997-02
1707,302,872,1997-02
1708,524,872,1997-02
1709,32,871,1997-02
1710,302,871,1997-02
1711,32,876,1997-02
1712,524,876,1997-02
1713,302,829,1997-02
1714,524,829,1997-02
1715,32,878,1997-02
1716,589,878,1997-02
1717,402,1115,1997-02
1718,589,1115,1997-02
1719,206,516,1997-02
1720,270,516,1997-02
1721,31,855,1997-02
1722,524,855,1997-02
1723,31,852,1997-02
1724,32,852,1997-02
1725,276,768,1997-05
1726,337,768,1997-05
1727,389,768,1997-05
1728,559,768,1997-05
1729,337,925,1997-05
1730,389,925,1997-05
1731,437,925,1997-05
1732,559,925,1997-05
1733,337,927,1997-05
1734,389,927,1997-05
1735,559,927,1997-05
1736,71,1673,1997-05
1737,337,1673,1997-05
1738,389,1673,1997-05
1739,337,924,1997-05
1740,389,924,1997-05
1741,437,924,1997-05
1742,120,168,1997-05
1743,276,168,1997-05
1744,337,168,1997-05
1745,437,168,1997-05
1746,71,1675,1997-05
1747,389,1675,1997-05
1748,559,1675,1997-05
1749,389,1047,1997-05
1750,559,1047,1997-05
1751,71,1674,1997-05
1752,389,1674,1997-05
1753,337,928,1997-05
1754,437,928,1997-05
1755,120,169,1997-05
1756,437,169,1997-05
1757,337,926,1997-05
1758,389,926,1997-05
1759,492,926,1997-05
1760,276,769,1997-05
1761,389,769,1997-05
1762,84,1753,1997-05
1763,276,1753,1997-05
1764,337,923,1997-05
1765,389,923,1997-05
1766,276,767,1997-05
1767,337,767,1997-05
1768,337,929,1997-05
1769,492,929,1997-05
1770,71,1672,1997-05
1771,337,1672,1997-05
1772,389,1046,1997-05
1773,492,1046,1997-05
1774,276,770,1997-05
1775,492,770,1997-05
1776,385,1044,1997-05
1777,437,1044,1997-05
1778,84,1754,1997-05
1779,437,1754,1997-05
1780,171,328,1997-08
1781,364,328,1997-08
1782,85,1755,1998-05
1783,304,1755,1998-05
1784,11,122,1998-08
1785,283,122,1998-08
1786,11,121,1998-08
1787,128,121,1998-08
1788,199,483,1999-11
1789,412,483,1999-11
1790,597,483,1999-11
1791,33,902,1999-11
1792,199,902,1999-11
1793,263,902,1999-11
1794,33,915,1999-11
1795,93,915,1999-11
1796,140,915,1999-11
1797,199,479,1999-11
1798,201,479,1999-11
1799,597,479,1999-11
1800,33,916,1999-11
1801,93,916,1999-11
1802,199,916,1999-11
1803,33,918,1999-11
1804,93,918,1999-11
1805,201,918,1999-11
1806,597,918,1999-11
1807,33,917,1999-11
1808,93,917,1999-11
1809,201,917,1999-11
1810,201,496,1999-11
1811,268,496,1999-11
1812,412,496,1999-11
1813,597,496,1999-11
1814,236,626,1999-11
1815,412,626,1999-11
1816,597,626,1999-11
1817,412,1152,1999-11
1818,595,1152,1999-11
1819,597,1152,1999-11
1820,33,908,1999-11
1821,263,908,1999-11
1822,597,908,1999-11
1823,33,919,1999-11
1824,93,919,1999-11
1825,263,919,1999-11
1826,33,907,1999-11
1827,263,907,1999-11
1828,201,502,1999-11
1829,535,502,1999-11
1830,597,502,1999-11
1831,201,499,1999-11
1832,383,499,1999-11
1833,597,499,1999-11
1834,33,920,1999-11
1835,93,920,1999-11
1836,597,920,1999-11
1837,33,914,1999-11
1838,93,914,1999-11
1839,33,900,1999-11
1840,156,900,1999-11
1841,156,284,1999-11
1842,412,284,1999-11
1843,597,284,1999-11
1844,33,903,1999-11
1845,199,903,1999-11
1846,597,903,1999-11
1847,33,901,1999-11
1848,199,901,1999-11
1849,93,1778,1999-11
1850,201,1778,1999-11
1851,597,1778,1999-11
1852,156,280,1999-11
1853,199,280,1999-11
1854,412,280,1999-11
1855,199,482,1999-11
1856,412,482,1999-11
1857,201,497,1999-11
1858,268,497,1999-11
1859,597,497,1999-11
1860,199,481,1999-11
1861,268,481,1999-11
1862,597,481,1999-11
1863,33,905,1999-11
1864,201,905,1999-11
1865,597,905,1999-11
1866,268,733,1999-11
1867,412,733,1999-11
1868,597,733,1999-11
1869,268,732,1999-11
1870,412,732,1999-11
1871,140,245,1999-11
1872,412,245,1999-11
1873,597,245,1999-11
1874,201,501,1999-11
1875,412,501,1999-11
1876,597,501,1999-11
1877,201,500,1999-11
1878,412,500,1999-11
1879,199,480,1999-11
1880,236,480,1999-11
1881,597,480,1999-11
1882,268,735,1999-11
1883,547,735,1999-11
1884,597,735,1999-11
1885,33,910,1999-11
1886,268,910,1999-11
1887,597,910,1999-11
1888,268,736,1999-11
1889,595,736,1999-11
1890,597,736,1999-11
1891,595,1532,1999-11
1892,597,1532,1999-11
1893,156,281,1999-11
1894,199,281,1999-11
1895,597,281,1999-11
1896,156,289,1999-11
1897,597,289,1999-11
1898,33,906,1999-11
1899,208,906,1999-11
1900,33,909,1999-11
1901,268,909,1999-11
1902,201,495,1999-11
1903,236,495,1999-11
1904,597,495,1999-11
1905,263,723,1999-11
1906,412,723,1999-11
1907,199,478,1999-11
1908,201,478,1999-11
1909,33,912,1999-11
1910,595,912,1999-11
1911,199,484,1999-11
1912,547,484,1999-11
1913,93,1776,1999-11
1914,140,1776,1999-11
1915,156,279,1999-11
1916,199,279,1999-11
1917,156,283,1999-11
1918,412,283,1999-11
1919,263,724,1999-11
1920,597,724,1999-11
1921,383,1042,1999-11
1922,597,1042,1999-11
1923,315,861,1999-11
1924,597,861,1999-11
1925,140,244,1999-11
1926,199,244,1999-11
1927,199,485,1999-11
1928,597,485,1999-11
1929,268,734,1999-11
1930,547,734,1999-11
1931,268,737,1999-11
1932,597,737,1999-11
1933,140,246,1999-11
1934,597,246,1999-11
1935,412,1153,1999-11
1936,597,1153,1999-11
1937,33,911,1999-11
1938,412,911,1999-11
1939,33,913,1999-11
1940,597,913,1999-11
1941,93,1777,1999-11
1942,201,1777,1999-11
1943,156,282,1999-11
1944,268,282,1999-11
1945,156,286,1999-11
1946,547,286,1999-11
1947,201,498,1999-11
1948,383,498,1999-11
1949,33,904,1999-11
1950,201,904,1999-11
1951,236,627,1999-11
1952,597,627,1999-11
1953,535,1439,1999-11
1954,597,1439,1999-11
1955,236,625,1999-11
1956,412,625,1999-11
1957,93,1779,1999-11
1958,597,1779,1999-11
1959,201,503,1999-11
1960,597,503,1999-11
1961,156,287,2000-02
1962,554,287,2000-02
1963,572,287,2000-02
1964,577,287,2000-02
1965,45,1248,2000-02
1966,554,1248,2000-02
1967,572,1248,2000-02
1968,577,1248,2000-02
1969,45,1233,2000-02
1970,115,1233,2000-02
1971,554,1233,2000-02
1972,572,1233,2000-02
1973,45,1250,2000-02
1974,572,1250,2000-02
1975,577,1250,2000-02
1976,4,1091,2000-02
1977,554,1091,2000-02
1978,572,1091,2000-02
1979,577,1091,2000-02
1980,45,1234,2000-02
1981,118,1234,2000-02
1982,554,1234,2000-02
1983,45,1242,2000-02
1984,266,1242,2000-02
1985,554,1242,2000-02
1986,554,1448,2000-02
1987,572,1448,2000-02
1988,577,1448,2000-02
1989,45,1247,2000-02
1990,554,1247,2000-02
1991,572,1247,2000-02
1992,4,1094,2000-02
1993,572,1094,2000-02
1994,577,1094,2000-02
1995,45,1232,2000-02
1996,115,1232,2000-02
1997,45,1251,2000-02
1998,577,1251,2000-02
1999,115,157,2000-02
2000,577,157,2000-02
2001,45,1239,2000-02
2002,197,1239,2000-02
2003,4,1095,2000-02
2004,577,1095,2000-02
2005,4,1093,2000-02
2006,572,1093,2000-02
2007,197,473,2000-02
2008,266,473,2000-02
2009,156,288,2000-02
2010,572,288,2000-02
2011,115,153,2000-02
2012,266,153,2000-02
2013,572,1494,2000-02
2014,577,1494,2000-02
2015,266,728,2000-02
2016,572,728,2000-02
2017,45,1249,2000-02
2018,572,1249,2000-02
2019,45,1241,2000-02
2020,266,1241,2000-02
2021,4,1090,2000-02
2022,554,1090,2000-02
2023,118,160,2000-02
2024,572,160,2000-02
2025,4,1087,2000-02
2026,45,1087,2000-02
2027,45,1246,2000-02
2028,554,1246,2000-02
2029,4,1084,2000-02
2030,156,1084,2000-02
2031,554,1447,2000-02
2032,572,1447,2000-02
2033,267,731,2000-05
2034,587,731,2000-05
2035,587,1526,2000-05
2036,603,1526,2000-05
2037,579,1497,2000-05
2038,587,1497,2000-05
2039,59,1528,2000-05
2040,267,1528,2000-05
2041,59,1527,2000-05
2042,217,1527,2000-05
2043,217,547,2000-05
2044,267,547,2000-05
2045,115,154,2000-05
2046,267,154,2000-05
2047,59,1529,2000-05
2048,579,1529,2000-05
2049,115,152,2000-05
2050,217,152,2000-05
2051,59,1531,2000-05
2052,603,1531,2000-05
2053,59,1530,2000-05
2054,587,1530,2000-05
2055,267,730,2000-05
2056,579,730,2000-05
2057,45,1252,2000-05
2058,603,1252,2000-05
2059,156,290,2000-05
2060,603,290,2000-05
2061,1,3,2000-08
2062,19,3,2000-08
2063,27,3,2000-08
2064,57,3,2000-08
2065,414,3,2000-08
2066,1,14,2000-08
2067,4,14,2000-08
2068,57,14,2000-08
2069,414,14,2000-08
2070,469,14,2000-08
2071,1,33,2000-08
2072,57,33,2000-08
2073,96,33,2000-08
2074,265,33,2000-08
2075,414,33,2000-08
2076,4,1089,2000-08
2077,465,1089,2000-08
2078,603,1089,2000-08
2079,1,35,2000-08
2080,57,35,2000-08
2081,96,35,2000-08
2082,414,35,2000-08
2083,469,35,2000-08
2084,57,1469,2000-08
2085,265,1469,2000-08
2086,603,1469,2000-08
2087,607,1469,2000-08
2088,1,24,2000-08
2089,57,24,2000-08
2090,265,24,2000-08
2091,414,24,2000-08
2092,1,18,2000-08
2093,414,18,2000-08
2094,603,18,2000-08
2095,1,36,2000-08
2096,57,36,2000-08
2097,96,36,2000-08
2098,465,36,2000-08
2099,19,445,2000-08
2100,57,445,2000-08
2101,469,445,2000-08
2102,1,27,2000-08
2103,57,27,2000-08
2104,414,27,2000-08
2105,430,27,2000-08
2106,469,27,2000-08
2107,1,42,2000-08
2108,96,42,2000-08
2109,414,42,2000-08
2110,465,42,2000-08
2111,469,42,2000-08
2112,1,43,2000-08
2113,96,43,2000-08
2114,414,43,2000-08
2115,469,43,2000-08
2116,1,16,2000-08
2117,414,16,2000-08
2118,465,16,2000-08
2119,469,16,2000-08
2120,1,44,2000-08
2121,96,44,2000-08
2122,465,44,2000-08
2123,1,13,2000-08
2124,4,13,2000-08
2125,414,13,2000-08
2126,469,13,2000-08
2127,57,1485,2000-08
2128,465,1485,2000-08
2129,603,1485,2000-08
2130,607,1485,2000-08
2131,414,1158,2000-08
2132,465,1158,2000-08
2133,603,1158,2000-08
2134,465,1317,2000-08
2135,603,1317,2000-08
2136,57,1479,2000-08
2137,414,1479,2000-08
2138,603,1479,2000-08
2139,607,1479,2000-08
2140,57,1489,2000-08
2141,603,1489,2000-08
2142,607,1489,2000-08
2143,57,1482,2000-08
2144,430,1482,2000-08
2145,469,1482,2000-08
2146,57,1486,2000-08
2147,465,1486,2000-08
2148,607,1486,2000-08
2149,414,1155,2000-08
2150,430,1155,2000-08
2151,469,1155,2000-08
2152,430,1207,2000-08
2153,469,1207,2000-08
2154,607,1207,2000-08
2155,1,29,2000-08
2156,57,29,2000-08
2157,414,29,2000-08
2158,607,29,2000-08
2159,1,31,2000-08
2160,57,31,2000-08
2161,607,31,2000-08
2162,57,1480,2000-08
2163,414,1480,2000-08
2164,607,1480,2000-08
2165,1,38,2000-08
2166,603,38,2000-08
2167,607,38,2000-08
2168,1,2,2000-08
2169,19,2,2000-08
2170,27,2,2000-08
2171,1,28,2000-08
2172,57,28,2000-08
2173,414,28,2000-08
2174,469,28,2000-08
2175,414,1160,2000-08
2176,469,1160,2000-08
2177,603,1160,2000-08
2178,57,1478,2000-08
2179,414,1478,2000-08
2180,603,1478,2000-08
2181,57,1488,2000-08
2182,603,1488,2000-08
2183,115,156,2000-08
2184,465,156,2000-08
2185,96,1790,2000-08
2186,414,1790,2000-08
2187,465,1790,2000-08
2188,469,1790,2000-08
2189,1,7,2000-08
2190,265,7,2000-08
2191,414,7,2000-08
2192,607,7,2000-08
2193,265,727,2000-08
2194,607,727,2000-08
2195,1,19,2000-08
2196,414,19,2000-08
2197,607,19,2000-08
2198,57,1476,2000-08
2199,414,1476,2000-08
2200,465,1476,2000-08
2201,469,1476,2000-08
2202,57,1475,2000-08
2203,414,1475,2000-08
2204,465,1475,2000-08
2205,1,9,2000-08
2206,27,9,2000-08
2207,265,9,2000-08
2208,414,9,2000-08
2209,1,10,2000-08
2210,27,10,2000-08
2211,414,10,2000-08
2212,1,8,2000-08
2213,27,8,2000-08
2214,1,6,2000-08
2215,265,6,2000-08
2216,414,6,2000-08
2217,1,25,2000-08
2218,57,25,2000-08
2219,294,25,2000-08
2220,1,30,2000-08
2221,57,30,2000-08
2222,469,30,2000-08
2223,1,22,2000-08
2224,469,22,2000-08
2225,603,22,2000-08
2226,1,12,2000-08
2227,294,12,2000-08
2228,469,12,2000-08
2229,1,34,2000-08
2230,57,34,2000-08
2231,96,34,2000-08
2232,414,34,2000-08
2233,1,26,2000-08
2234,57,26,2000-08
2235,414,26,2000-08
2236,19,444,2000-08
2237,57,444,2000-08
2238,414,444,2000-08
2239,1,32,2000-08
2240,57,32,2000-08
2241,96,32,2000-08
2242,27,746,2000-08
2243,96,746,2000-08
2244,414,746,2000-08
2245,414,1157,2000-08
2246,465,1157,2000-08
2247,469,1157,2000-08
2248,603,1584,2000-08
2249,607,1584,2000-08
2250,96,1794,2000-08
2251,607,1794,2000-08
2252,294,804,2000-08
2253,469,804,2000-08
2254,603,804,2000-08
2255,469,1319,2000-08
2256,603,1319,2000-08
2257,19,446,2000-08
2258,96,446,2000-08
2259,414,446,2000-08
2260,57,1466,2000-08
2261,188,1466,2000-08
2262,414,1466,2000-08
2263,57,1484,2000-08
2264,465,1484,2000-08
2265,469,1484,2000-08
2266,19,442,2000-08
2267,57,442,2000-08
2268,188,442,2000-08
2269,27,739,2000-08
2270,188,739,2000-08
2271,414,739,2000-08
2272,96,1791,2000-08
2273,414,1791,2000-08
2274,469,1791,2000-08
2275,27,744,2000-08
2276,57,744,2000-08
2277,414,744,2000-08
2278,96,1789,2000-08
2279,414,1789,2000-08
2280,465,1789,2000-08
2281,96,1792,2000-08
2282,465,1792,2000-08
2283,414,1156,2000-08
2284,465,1156,2000-08
2285,57,1471,2000-08
2286,294,1471,2000-08
2287,414,1471,2000-08
2288,1,41,2000-08
2289,96,41,2000-08
2290,414,41,2000-08
2291,96,1788,2000-08
2292,414,1788,2000-08
2293,57,1467,2000-08
2294,188,1467,2000-08
2295,469,1467,2000-08
2296,57,1465,2000-08
2297,188,1465,2000-08
2298,57,1477,2000-08
2299,414,1477,2000-08
2300,469,1477,2000-08
2301,27,741,2000-08
2302,414,741,2000-08
2303,469,741,2000-08
2304,27,745,2000-08
2305,57,745,2000-08
2306,469,745,2000-08
2307,27,743,2000-08
2308,57,743,2000-08
2309,27,742,2000-08
2310,469,742,2000-08
2311,19,443,2000-08
2312,57,443,2000-08
2313,265,443,2000-08
2314,57,1468,2000-08
2315,265,1468,2000-08
2316,19,441,2000-08
2317,57,441,2000-08
2318,19,439,2000-08
2319,414,439,2000-08
2320,469,439,2000-08
2321,414,1161,2000-08
2322,469,1161,2000-08
2323,607,1161,2000-08
2324,57,1474,2000-08
2325,414,1474,2000-08
2326,430,1474,2000-08
2327,57,1481,2000-08
2328,430,1481,2000-08
2329,414,1154,2000-08
2330,430,1154,2000-08
2331,1,17,2000-08
2332,414,17,2000-08
2333,469,17,2000-08
2334,1,4,2000-08
2335,19,4,2000-08
2336,414,4,2000-08
2337,57,1472,2000-08
2338,294,1472,2000-08
2339,469,1472,2000-08
2340,57,1470,2000-08
2341,294,1470,2000-08
2342,188,436,2000-08
2343,465,436,2000-08
2344,188,437,2000-08
2345,607,437,2000-08
2346,4,1096,2000-08
2347,603,1096,2000-08
2348,4,1085,2000-08
2349,265,1085,2000-08
2350,294,802,2000-08
2351,414,802,2000-08
2352,57,1491,2000-08
2353,96,1491,2000-08
2354,430,1206,2000-08
2355,469,1206,2000-08
2356,27,740,2000-08
2357,414,740,2000-08
2358,4,1088,2000-08
2359,465,1088,2000-08
2360,265,726,2000-08
2361,465,726,2000-08
2362,4,1097,2000-08
2363,96,1097,2000-08
2364,414,1163,2000-08
2365,603,1163,2000-08
2366,1,23,2000-08
2367,57,23,2000-08
2368,465,1316,2000-08
2369,469,1316,2000-08
2370,1,0,2000-08
2371,188,0,2000-08
2372,19,438,2000-08
2373,414,438,2000-08
2374,265,725,2000-08
2375,294,725,2000-08
2376,469,1318,2000-08
2377,571,1318,2000-08
2378,571,1493,2000-08
2379,607,1493,2000-08
2380,57,1490,2000-08
2381,607,1490,2000-08
2382,1,21,2000-08
2383,469,21,2000-08
2384,96,1793,2000-08
2385,603,1793,2000-08
2386,188,435,2000-08
2387,414,435,2000-08
2388,1,40,2000-08
2389,96,40,2000-08
2390,27,738,2000-08
2391,188,738,2000-08
2392,4,1092,2000-08
2393,57,1092,2000-08
2394,1,1,2000-08
2395,19,1,2000-08
2396,469,1320,2000-08
2397,607,1320,2000-08
2398,57,1487,2000-08
2399,469,1487,2000-08
2400,1,11,2000-08
2401,294,11,2000-08
2402,1,39,2000-08
2403,607,39,2000-08
2404,57,1483,2000-08
2405,465,1483,2000-08
2406,19,440,2000-08
2407,469,440,2000-08
2408,414,1164,2000-08
2409,607,1164,2000-08
2410,414,1159,2000-08
2411,469,1159,2000-08
2412,4,1086,2000-08
2413,414,1086,2000-08
2414,294,803,2000-08
2415,469,803,2000-08
2416,1,15,2000-08
2417,414,15,2000-08
2418,1,20,2000-08
2419,465,20,2000-08
2420,1,37,2000-08
2421,603,37,2000-08
2422,1,5,2000-08
2423,265,5,2000-08
2424,57,1473,2000-08
2425,414,1473,2000-08
2426,39,1051,2000-11
2427,160,1051,2000-11
2428,195,1051,2000-11
2429,290,1051,2000-11
2430,409,1051,2000-11
2431,39,1053,2000-11
2432,160,1053,2000-11
2433,290,1053,2000-11
2434,79,1717,2000-11
2435,160,1717,2000-11
2436,450,1717,2000-11
2437,39,1055,2000-11
2438,160,1055,2000-11
2439,409,1055,2000-11
2440,453,1055,2000-11
2441,39,1054,2000-11
2442,160,1054,2000-11
2443,409,1054,2000-11
2444,160,298,2000-11
2445,244,298,2000-11
2446,368,298,2000-11
2447,224,571,2000-11
2448,244,571,2000-11
2449,368,571,2000-11
2450,39,1074,2000-11
2451,79,1074,2000-11
2452,290,1074,2000-11
2453,450,1074,2000-11
2454,79,1725,2000-11
2455,368,1725,2000-11
2456,450,1725,2000-11
2457,39,1056,2000-11
2458,160,1056,2000-11
2459,453,1056,2000-11
2460,160,297,2000-11
2461,224,297,2000-11
2462,368,297,2000-11
2463,160,301,2000-11
2464,368,301,2000-11
2465,224,572,2000-11
2466,368,572,2000-11
2467,79,1726,2000-11
2468,450,1726,2000-11
2469,39,1061,2000-11
2470,202,1061,2000-11
2471,453,1061,2000-11
2472,368,993,2000-11
2473,409,993,2000-11
2474,290,797,2000-11
2475,368,797,2000-11
2476,450,797,2000-11
2477,290,799,2000-11
2478,450,799,2000-11
2479,368,994,2000-11
2480,450,994,2000-11
2481,202,507,2000-11
2482,244,507,2000-11
2483,368,507,2000-11
2484,39,1064,2000-11
2485,244,1064,2000-11
2486,368,1064,2000-11
2487,39,1067,2000-11
2488,368,1067,2000-11
2489,39,1072,2000-11
2490,79,1072,2000-11
2491,160,1072,2000-11
2492,591,1072,2000-11
2493,79,1716,2000-11
2494,160,1716,2000-11
2495,39,1066,2000-11
2496,290,1066,2000-11
2497,409,1066,2000-11
2498,39,1073,2000-11
2499,79,1073,2000-11
2500,290,1073,2000-11
2501,39,1050,2000-11
2502,160,1050,2000-11
2503,195,1050,2000-11
2504,160,294,2000-11
2505,195,294,2000-11
2506,202,294,2000-11
2507,160,293,2000-11
2508,195,293,2000-11
2509,39,1052,2000-11
2510,160,1052,2000-11
2511,202,1052,2000-11
2512,39,1058,2000-11
2513,195,1058,2000-11
2514,202,1058,2000-11
2515,244,668,2000-11
2516,450,668,2000-11
2517,160,300,2000-11
2518,290,300,2000-11
2519,409,300,2000-11
2520,160,302,2000-11
2521,409,302,2000-11
2522,79,1719,2000-11
2523,202,1719,2000-11
2524,290,1719,2000-11
2525,195,464,2000-11
2526,290,464,2000-11
2527,453,464,2000-11
2528,244,671,2000-11
2529,591,671,2000-11
2530,244,669,2000-11
2531,453,669,2000-11
2532,79,1723,2000-11
2533,290,1723,2000-11
2534,409,1723,2000-11
2535,160,299,2000-11
2536,290,299,2000-11
2537,195,463,2000-11
2538,290,463,2000-11
2539,409,463,2000-11
2540,244,667,2000-11
2541,409,667,2000-11
2542,244,665,2000-11
2543,290,665,2000-11
2544,195,461,2000-11
2545,244,461,2000-11
2546,79,1721,2000-11
2547,244,1721,2000-11
2548,368,1721,2000-11
2549,79,1724,2000-11
2550,368,1724,2000-11
2551,79,1720,2000-11
2552,244,1720,2000-11
2553,244,666,2000-11
2554,368,666,2000-11
2555,39,1070,2000-11
2556,591,1070,2000-11
2557,453,1258,2000-11
2558,591,1258,2000-11
2559,39,1059,2000-11
2560,195,1059,2000-11
2561,453,1059,2000-11
2562,39,1057,2000-11
2563,195,1057,2000-11
2564,39,1048,2000-11
2565,101,1048,2000-11
2566,224,570,2000-11
2567,244,570,2000-11
2568,101,51,2000-11
2569,202,51,2000-11
2570,453,51,2000-11
2571,202,510,2000-11
2572,453,510,2000-11
2573,39,1062,2000-11
2574,216,1062,2000-11
2575,202,506,2000-11
2576,244,506,2000-11
2577,160,296,2000-11
2578,216,296,2000-11
2579,39,1063,2000-11
2580,224,1063,2000-11
2581,195,465,2000-11
2582,409,465,2000-11
2583,160,295,2000-11
2584,202,295,2000-11
2585,195,462,2000-11
2586,290,462,2000-11
2587,216,544,2000-11
2588,355,544,2000-11
2589,195,466,2000-11
2590,453,466,2000-11
2591,79,1718,2000-11
2592,202,1718,2000-11
2593,453,1257,2000-11
2594,546,1257,2000-11
2595,290,796,2000-11
2596,368,796,2000-11
2597,202,508,2000-11
2598,290,508,2000-11
2599,202,504,2000-11
2600,216,504,2000-11
2601,216,542,2000-11
2602,244,542,2000-11
2603,195,459,2000-11
2604,202,459,2000-11
2605,244,670,2000-11
2606,474,670,2000-11
2607,39,1060,2000-11
2608,202,1060,2000-11
2609,450,1254,2000-11
2610,546,1254,2000-11
2611,290,798,2000-11
2612,409,798,2000-11
2613,202,505,2000-11
2614,224,505,2000-11
2615,101,52,2000-11
2616,409,52,2000-11
2617,39,1065,2000-11
2618,290,1065,2000-11
2619,39,1071,2000-11
2620,79,1071,2000-11
2621,39,1069,2000-11
2622,453,1069,2000-11
2623,224,573,2000-11
2624,409,573,2000-11
2625,216,541,2000-11
2626,224,541,2000-11
2627,216,546,2000-11
2628,450,546,2000-11
2629,79,1722,2000-11
2630,290,1722,2000-11
2631,39,1049,2000-11
2632,160,1049,2000-11
2633,39,1068,2000-11
2634,409,1068,2000-11
2635,216,545,2000-11
2636,409,545,2000-11
2637,216,543,2000-11
2638,290,543,2000-11
2639,115,155,2000-11
2640,409,155,2000-11
2641,160,303,2000-11
2642,453,303,2000-11
2643,202,509,2000-11
2644,409,509,2000-11
2645,195,460,2000-11
2646,216,460,2000-11
2647,288,791,2001-02
2648,474,791,2001-02
2649,113,150,2001-02
2650,474,150,2001-02
2651,474,1326,2001-02
2652,555,1326,2001-02
2653,288,792,2001-02
2654,555,792,2001-02
2655,113,151,2001-02
2656,555,151,2001-02
2657,410,1138,2001-05
2658,422,1138,2001-05
2659,183,424,2001-08
2660,457,424,2001-08
2661,42,1171,2001-08
2662,367,1171,2001-08
2663,367,991,2001-08
2664,457,991,2001-08
2665,42,1172,2001-08
2666,457,1172,2001-08
2667,267,729,2001-08
2668,384,729,2001-08
2669,367,992,2001-08
2670,516,992,2001-08
2671,234,606,2001-11
2672,493,606,2001-11
2673,494,606,2001-11
2674,234,605,2001-11
2675,453,605,2001-11
2676,500,605,2001-11
2677,234,604,2001-11
2678,453,604,2001-11
2679,164,315,2001-11
2680,234,315,2001-11
2681,234,607,2001-11
2682,494,607,2001-11
2683,493,1389,2001-11
2684,494,1389,2001-11
2685,234,608,2001-11
2686,500,608,2001-11
2687,164,316,2001-11
2688,494,316,2001-11
2689,453,1256,2001-11
2690,493,1256,2001-11
2691,135,234,2002-02
2692,452,234,2002-02
2693,45,1243,2002-02
2694,452,1243,2002-02
2695,45,1235,2002-02
2696,135,1235,2002-02
2697,69,1664,2002-05
2698,452,1664,2002-05
2699,448,1231,2002-05
2700,452,1231,2002-05
2701,69,1663,2002-05
2702,448,1663,2002-05
2703,45,1243,2002-05
2704,452,1243,2002-05
2705,391,1077,2002-08
2706,532,1077,2002-08
2707,391,1075,2002-08
2708,392,1075,2002-08
2709,313,859,2002-08
2710,532,859,2002-08
2711,313,857,2002-08
2712,391,857,2002-08
2713,313,858,2002-08
2714,414,858,2002-08
2715,198,475,2002-11
2716,391,475,2002-11
2717,527,475,2002-11
2718,45,1238,2002-11
2719,186,1238,2002-11
2720,186,429,2002-11
2721,527,429,2002-11
2722,531,429,2002-11
2723,186,430,2002-11
2724,531,430,2002-11
2725,186,426,2002-11
2726,198,426,2002-11
2727,527,426,2002-11
2728,198,477,2002-11
2729,527,477,2002-11
2730,531,477,2002-11
2731,527,1437,2002-11
2732,531,1437,2002-11
2733,186,427,2002-11
2734,391,427,2002-11
2735,391,1076,2002-11
2736,527,1076,2002-11
2737,527,1438,2002-11
2738,558,1438,2002-11
2739,198,474,2002-11
2740,391,474,2002-11
2741,186,428,2002-11
2742,527,428,2002-11
2743,198,476,2002-11
2744,527,476,2002-11
2745,186,431,2002-11
2746,558,431,2002-11
2747,95,1784,2003-02
2748,312,1784,2003-02
2749,325,1784,2003-02
2750,9,1761,2003-02
2751,95,1761,2003-02
2752,9,1760,2003-02
2753,414,1760,2003-02
2754,97,1795,2003-02
2755,325,1795,2003-02
2756,108,102,2003-02
2757,312,102,2003-02
2758,95,1785,2003-02
2759,325,1785,2003-02
2760,312,856,2003-02
2761,325,856,2003-02
2762,95,1783,2003-02
2763,312,1783,2003-02
2764,108,103,2003-02
2765,479,103,2003-02
2766,95,1780,2003-02
2767,108,1780,2003-02
2768,104,66,2003-05
2769,474,66,2003-05
2770,275,764,2003-05
2771,427,764,2003-05
2772,275,766,2003-05
2773,474,766,2003-05
2774,104,65,2003-05
2775,275,65,2003-05
2776,275,763,2003-05
2777,303,763,2003-05
2778,95,1782,2003-05
2779,275,1782,2003-05
2780,20,487,2003-05
2781,104,487,2003-05
2782,20,488,2003-05
2783,275,488,2003-05
2784,20,489,2003-05
2785,474,489,2003-05
2786,165,317,2003-05
2787,275,317,2003-05
2788,275,765,2003-05
2789,449,765,2003-05
2790,160,292,2003-08
2791,182,292,2003-08
2792,182,422,2003-08
2793,288,422,2003-08
2794,182,423,2003-08
2795,430,423,2003-08
2796,45,1237,2003-08
2797,169,1237,2003-08
2798,169,323,2003-08
2799,182,323,2003-08
2800,45,1245,2003-08
2801,518,1245,2003-08
2802,169,324,2003-08
2803,414,324,2003-08
2804,66,1644,2004-08
2805,474,1644,2004-08
2806,45,1244,2004-08
2807,474,1244,2004-08
2808,66,1643,2004-08
2809,448,1643,2004-08
2810,45,1253,2004-08
2811,66,1253,2004-08
2812,66,1641,2004-08
2813,263,1641,2004-08
2814,226,574,2004-11
2815,387,574,2004-11
2816,346,956,2004-11
2817,387,956,2004-11
2818,66,1642,2004-11
2819,387,1642,2004-11
2820,100,49,2004-11
2821,226,49,2004-11
2822,100,50,2004-11
2823,474,50,2004-11
2824,425,1177,2005-02
2825,438,1177,2005-02
2826,7,1670,2005-02
2827,95,1670,2005-02
2828,7,1666,2005-02
2829,260,1666,2005-02
2830,156,285,2005-02
2831,438,285,2005-02
2832,482,1344,2005-02
2833,594,1344,2005-02
2834,95,1786,2005-02
2835,438,1786,2005-02
2836,23,600,2005-02
2837,156,600,2005-02
2838,7,1669,2005-02
2839,594,1669,2005-02
2840,7,1668,2005-02
2841,482,1668,2005-02
2842,95,1787,2005-02
2843,482,1787,2005-02
2844,438,1210,2005-02
2845,594,1210,2005-02
2846,7,1665,2005-02
2847,156,1665,2005-02
2848,95,1781,2005-02
2849,260,1781,2005-02
2850,66,1640,2005-02
2851,156,1640,2005-02
2852,260,722,2005-02
2853,438,722,2005-02
2854,7,1667,2005-02
2855,438,1667,2005-02
2856,438,1209,2005-02
2857,482,1209,2005-02
2858,428,1179,2005-05
2859,608,1179,2005-05
2860,91,1767,2005-05
2861,221,1767,2005-05
2862,608,1767,2005-05
2863,91,1774,2005-05
2864,552,1774,2005-05
2865,608,1774,2005-05
2866,552,1446,2005-05
2867,608,1446,2005-05
2868,91,1771,2005-05
2869,488,1771,2005-05
2870,608,1771,2005-05
2871,91,1770,2005-05
2872,488,1770,2005-05
2873,552,1770,2005-05
2874,396,1078,2005-05
2875,488,1078,2005-05
2876,488,1374,2005-05
2877,502,1374,2005-05
2878,91,1769,2005-05
2879,488,1769,2005-05
2880,221,564,2005-05
2881,488,564,2005-05
2882,91,1766,2005-05
2883,221,1766,2005-05
2884,91,1768,2005-05
2885,428,1768,2005-05
2886,221,562,2005-05
2887,396,562,2005-05
2888,91,1773,2005-05
2889,552,1773,2005-05
2890,66,1646,2005-05
2891,91,1646,2005-05
2892,91,1772,2005-05
2893,502,1772,2005-05
2894,488,1375,2005-05
2895,552,1375,2005-05
2896,287,790,2005-05
2897,608,790,2005-05
2898,221,565,2005-05
2899,502,565,2005-05
2900,287,789,2005-05
2901,488,789,2005-05
2902,91,1775,2005-05
2903,608,1775,2005-05
2904,66,1645,2005-05
2905,608,1645,2005-05
2906,488,1376,2005-05
2907,608,1376,2005-05
2908,221,559,2005-08
2909,286,559,2005-08
2910,336,559,2005-08
2911,221,561,2005-08
2912,387,561,2005-08
2913,221,558,2005-08
2914,286,558,2005-08
2915,221,560,2005-08
2916,336,560,2005-08
2917,221,563,2005-08
2918,462,563,2005-08
2919,286,787,2005-08
2920,336,787,2005-08
2921,286,788,2005-08
2922,462,788,2005-08
2923,144,269,2006-02
2924,264,269,2006-02
2925,61,1586,2006-05
2926,608,1586,2006-05
2927,61,1585,2006-05
2928,463,1585,2006-05
2929,68,1654,2006-11
2930,132,1654,2006-11
2931,178,1654,2006-11
2932,542,1654,2006-11
2933,178,377,2006-11
2934,381,377,2006-11
2935,542,377,2006-11
2936,64,1619,2006-11
2937,178,1619,2006-11
2938,187,1619,2006-11
2939,370,1619,2006-11
2940,64,1634,2006-11
2941,68,1634,2006-11
2942,187,1634,2006-11
2943,370,1634,2006-11
2944,64,1622,2006-11
2945,178,1622,2006-11
2946,513,1622,2006-11
2947,64,1623,2006-11
2948,178,1623,2006-11
2949,542,1623,2006-11
2950,64,1620,2006-11
2951,178,1620,2006-11
2952,226,1620,2006-11
2953,178,373,2006-11
2954,187,373,2006-11
2955,370,373,2006-11
2956,68,1655,2006-11
2957,132,1655,2006-11
2958,542,1655,2006-11
2959,68,1653,2006-11
2960,132,1653,2006-11
2961,178,379,2006-11
2962,513,379,2006-11
2963,64,1635,2006-11
2964,68,1635,2006-11
2965,226,1635,2006-11
2966,64,1621,2006-11
2967,178,1621,2006-11
2968,370,1621,2006-11
2969,178,375,2006-11
2970,370,375,2006-11
2971,64,1625,2006-11
2972,187,1625,2006-11
2973,370,1625,2006-11
2974,64,1632,2006-11
2975,68,1632,2006-11
2976,178,1632,2006-11
2977,68,1656,2006-11
2978,178,1656,2006-11
2979,64,1633,2006-11
2980,68,1633,2006-11
2981,187,1633,2006-11
2982,64,1626,2006-11
2983,187,1626,2006-11
2984,542,1626,2006-11
2985,381,1033,2006-11
2986,414,1033,2006-11
2987,187,432,2006-11
2988,370,432,2006-11
2989,178,380,2006-11
2990,542,380,2006-11
2991,187,434,2006-11
2992,513,434,2006-11
2993,68,1660,2006-11
2994,513,1660,2006-11
2995,64,1618,2006-11
2996,178,1618,2006-11
2997,68,1662,2006-11
2998,75,1662,2006-11
2999,64,1629,2006-11
3000,381,1629,2006-11
3001,64,1628,2006-11
3002,370,1628,2006-11
3003,68,1657,2006-11
3004,187,1657,2006-11
3005,75,1706,2006-11
3006,187,1706,2006-11
3007,187,433,2006-11
3008,381,433,2006-11
3009,34,943,2006-11
3010,64,943,2006-11
3011,68,1661,2006-11
3012,542,1661,2006-11
3013,132,232,2006-11
3014,187,232,2006-11
3015,178,372,2006-11
3016,187,372,2006-11
3017,68,1659,2006-11
3018,381,1659,2006-11
3019,226,575,2006-11
3020,542,575,2006-11
3021,178,376,2006-11
3022,381,376,2006-11
3023,178,378,2006-11
3024,425,378,2006-11
3025,64,1630,2006-11
3026,542,1630,2006-11
3027,34,941,2006-11
3028,132,941,2006-11
3029,34,942,2006-11
3030,542,942,2006-11
3031,64,1627,2006-11
3032,226,1627,2006-11
3033,34,944,2006-11
3034,68,944,2006-11
3035,64,1624,2006-11
3036,187,1624,2006-11
3037,64,1631,2006-11
3038,68,1631,2006-11
3039,178,374,2006-11
3040,226,374,2006-11
3041,129,228,2007-02
3042,399,228,2007-02
3043,580,228,2007-02
3044,606,228,2007-02
3045,129,224,2007-02
3046,274,224,2007-02
3047,580,224,2007-02
3048,606,224,2007-02
3049,129,230,2007-02
3050,580,230,2007-02
3051,606,230,2007-02
3052,399,1082,2007-02
3053,580,1082,2007-02
3054,606,1082,2007-02
3055,274,758,2007-02
3056,399,758,2007-02
3057,606,758,2007-02
3058,381,1036,2007-02
3059,580,1036,2007-02
3060,606,1036,2007-02
3061,129,227,2007-02
3062,399,227,2007-02
3063,580,227,2007-02
3064,274,761,2007-02
3065,580,761,2007-02
3066,606,761,2007-02
3067,129,223,2007-02
3068,274,223,2007-02
3069,580,223,2007-02
3070,274,757,2007-02
3071,399,757,2007-02
3072,399,1083,2007-02
3073,606,1083,2007-02
3074,274,762,2007-02
3075,606,762,2007-02
3076,129,222,2007-02
3077,274,222,2007-02
3078,274,756,2007-02
3079,381,756,2007-02
3080,274,760,2007-02
3081,580,760,2007-02
3082,381,1037,2007-02
3083,606,1037,2007-02
3084,381,1035,2007-02
3085,580,1035,2007-02
3086,399,1081,2007-02
3087,580,1081,2007-02
3088,580,1519,2007-02
3089,606,1519,2007-02
3090,129,225,2007-02
3091,381,225,2007-02
3092,129,231,2007-02
3093,606,231,2007-02
3094,274,759,2007-02
3095,473,759,2007-02
3096,129,226,2007-02
3097,399,226,2007-02
3098,129,229,2007-02
3099,580,229,2007-02
3100,110,125,2007-05
3101,254,125,2007-05
3102,480,125,2007-05
3103,540,125,2007-05
3104,110,127,2007-05
3105,254,127,2007-05
3106,540,127,2007-05
3107,110,126,2007-05
3108,254,126,2007-05
3109,483,126,2007-05
3110,110,124,2007-05
3111,254,124,2007-05
3112,480,124,2007-05
3113,254,708,2007-05
3114,480,708,2007-05
3115,483,708,2007-05
3116,254,709,2007-05
3117,480,709,2007-05
3118,540,709,2007-05
3119,110,128,2007-05
3120,480,128,2007-05
3121,480,1342,2007-05
3122,540,1342,2007-05
3123,110,123,2007-05
3124,254,123,2007-05
3125,483,1346,2007-05
3126,606,1346,2007-05
3127,254,710,2007-05
3128,483,710,2007-05
3129,480,1341,2007-05
3130,483,1341,2007-05
3131,254,711,2007-05
3132,540,711,2007-05
3133,254,707,2007-05
3134,480,707,2007-05
3135,307,849,2007-08
3136,570,849,2007-08
3137,307,851,2007-08
3138,593,851,2007-08
3139,570,1492,2007-08
3140,573,1492,2007-08
3141,161,304,2007-08
3142,573,304,2007-08
3143,307,850,2007-08
3144,573,850,2007-08
3145,573,1495,2007-08
3146,593,1495,2007-08
3147,232,603,2007-08
3148,573,603,2007-08
3149,480,1343,2007-08
3150,573,1343,2007-08
3151,166,319,2007-11
3152,219,319,2007-11
3153,278,319,2007-11
3154,45,1240,2007-11
3155,230,1240,2007-11
3156,166,321,2007-11
3157,278,321,2007-11
3158,166,322,2007-11
3159,608,322,2007-11
3160,166,320,2007-11
3161,230,320,2007-11
3162,219,548,2007-11
3163,230,548,2007-11
3164,219,549,2007-11
3165,307,549,2007-11
3166,166,318,2007-11
3167,219,318,2007-11
3168,45,1236,2007-11
3169,166,1236,2007-11
3170,219,551,2007-11
3171,608,551,2007-11
3172,343,949,2008-02
3173,354,949,2008-02
3174,477,949,2008-02
3175,354,978,2008-02
3176,381,978,2008-02
3177,477,978,2008-02
3178,343,951,2008-02
3179,381,951,2008-02
3180,343,950,2008-02
3181,359,950,2008-02
3182,354,977,2008-02
3183,359,977,2008-02
3184,359,982,2008-02
3185,477,982,2008-02
3186,354,979,2008-02
3187,477,979,2008-02
3188,343,948,2008-02
3189,354,948,2008-02
3190,477,1340,2008-02
3191,483,1340,2008-02
3192,343,952,2008-02
3193,477,952,2008-02
3194,381,1034,2008-02
3195,477,1034,2008-02
3196,74,1705,2008-05
3197,307,1705,2008-05
3198,74,1703,2008-05
3199,137,1703,2008-05
3200,74,1704,2008-05
3201,301,1704,2008-05
3202,72,1678,2008-08
3203,322,1678,2008-08
3204,553,1678,2008-08
3205,292,801,2008-08
3206,420,801,2008-08
3207,72,1679,2008-08
3208,420,1679,2008-08
3209,72,1680,2008-08
3210,553,1680,2008-08
3211,72,1676,2008-08
3212,232,1676,2008-08
3213,232,602,2008-08
3214,477,602,2008-08
3215,72,1677,2008-08
3216,322,1677,2008-08
3217,483,1345,2008-08
3218,553,1345,2008-08
3219,322,882,2008-08
3220,420,882,2008-08
3221,420,1173,2008-08
3222,483,1173,2008-08
3223,219,550,2008-08
3224,477,550,2008-08
3225,239,628,2008-11
3226,288,628,2008-11
3227,239,629,2008-11
3228,356,629,2008-11
3229,239,631,2008-11
3230,403,631,2008-11
3231,223,569,2008-11
3232,375,569,2008-11
3233,239,630,2008-11
3234,375,630,2008-11
3235,356,980,2008-11
3236,375,980,2008-11
3237,223,568,2008-11
3238,239,568,2008-11
3239,220,555,2009-02
3240,318,555,2009-02
3241,327,555,2009-02
3242,356,555,2009-02
3243,220,553,2009-02
3244,288,553,2009-02
3245,28,778,2009-02
3246,51,778,2009-02
3247,220,778,2009-02
3248,51,1410,2009-02
3249,200,1410,2009-02
3250,220,1410,2009-02
3251,200,491,2009-02
3252,220,491,2009-02
3253,356,491,2009-02
3254,28,776,2009-02
3255,220,776,2009-02
3256,356,776,2009-02
3257,28,774,2009-02
3258,200,774,2009-02
3259,220,774,2009-02
3260,200,492,2009-02
3261,327,492,2009-02
3262,220,554,2009-02
3263,318,554,2009-02
3264,356,981,2009-02
3265,553,981,2009-02
3266,51,1412,2009-02
3267,327,1412,2009-02
3268,220,557,2009-02
3269,356,557,2009-02
3270,220,556,2009-02
3271,327,556,2009-02
3272,51,1411,2009-02
3273,220,1411,2009-02
3274,200,494,2009-02
3275,553,494,2009-02
3276,28,773,2009-02
3277,200,773,2009-02
3278,28,777,2009-02
3279,356,777,2009-02
3280,51,1413,2009-02
3281,356,1413,2009-02
3282,200,490,2009-02
3283,220,490,2009-02
3284,200,493,2009-02
3285,356,493,2009-02
3286,28,775,2009-02
3287,220,775,2009-02
3288,51,1409,2009-02
3289,200,1409,2009-02
3290,440,1212,2009-05
3291,600,1212,2009-05
3292,307,850,2009-08
3293,573,850,2009-08
3294,568,1464,2009-11
3295,590,1464,2009-11
3296,78,1715,2009-11
3297,590,1715,2009-11
3298,522,1432,2009-11
3299,590,1432,2009-11
3300,215,540,2010-02
3301,335,540,2010-02
3302,180,416,2010-05
3303,434,416,2010-05
3304,22,552,2010-05
3305,434,552,2010-05
3306,318,865,2010-05
3307,434,865,2010-05
3308,464,1315,2010-08
3309,605,1315,2010-08
3310,414,1162,2010-08
3311,477,1162,2010-08
3312,253,705,2010-11
3313,330,705,2010-11
3314,330,921,2010-11
3315,464,921,2010-11
3316,253,706,2010-11
3317,499,706,2010-11
3318,17,327,2011-05
3319,573,327,2011-05
3320,17,325,2011-05
3321,168,325,2011-05
3322,29,795,2011-08
3323,585,795,2011-08
3324,29,793,2011-08
3325,421,793,2011-08
3326,398,1079,2011-08
3327,421,1079,2011-08
3328,55,1444,2011-08
3329,585,1444,2011-08
3330,398,1080,2011-08
3331,538,1080,2011-08
3332,295,806,2011-11
3333,326,806,2011-11
3334,419,806,2011-11
3335,326,885,2011-11
3336,419,885,2011-11
3337,432,885,2011-11
3338,326,884,2011-11
3339,419,884,2011-11
3340,295,807,2011-11
3341,326,807,2011-11
3342,432,807,2011-11
3343,326,886,2011-11
3344,432,886,2011-11
3345,295,808,2011-11
3346,419,808,2011-11
3347,17,326,2011-11
3348,419,326,2011-11
3349,295,805,2011-11
3350,326,805,2011-11
3351,419,1170,2011-11
3352,432,1170,2011-11
3353,204,514,2012-02
3354,520,514,2012-02
3355,204,512,2012-02
3356,351,512,2012-02
3357,204,513,2012-02
3358,432,513,2012-02
3359,83,1750,2012-05
3360,124,1750,2012-05
3361,489,1377,2012-05
3362,539,1377,2012-05
3363,88,1757,2012-05
3364,124,1757,2012-05
3365,124,213,2012-05
3366,503,213,2012-05
3367,83,1749,2012-05
3368,116,1749,2012-05
3369,83,1751,2012-05
3370,489,1751,2012-05
3371,124,212,2012-05
3372,489,212,2012-05
3373,88,1758,2012-05
3374,489,1758,2012-05
3375,124,214,2012-05
3376,539,214,2012-05
3377,83,1752,2012-05
3378,88,1752,2012-05
3379,345,955,2012-08
3380,377,955,2012-08
3381,377,1008,2012-08
3382,573,1008,2012-08
3383,472,1325,2012-08
3384,484,1325,2012-08
3385,86,1756,2012-08
3386,472,1756,2012-08
3387,211,527,2012-11
3388,246,527,2012-11
3389,249,527,2012-11
3390,332,527,2012-11
3391,211,531,2012-11
3392,249,531,2012-11
3393,332,531,2012-11
3394,357,531,2012-11
3395,211,530,2012-11
3396,249,530,2012-11
3397,332,530,2012-11
3398,211,532,2012-11
3399,249,532,2012-11
3400,357,532,2012-11
3401,211,528,2012-11
3402,246,528,2012-11
3403,332,528,2012-11
3404,246,673,2012-11
3405,280,673,2012-11
3406,357,673,2012-11
3407,211,533,2012-11
3408,280,533,2012-11
3409,211,534,2012-11
3410,332,534,2012-11
3411,211,526,2012-11
3412,246,526,2012-11
3413,249,526,2012-11
3414,332,922,2012-11
3415,357,922,2012-11
3416,249,680,2012-11
3417,332,680,2012-11
3418,280,779,2012-11
3419,332,779,2012-11
3420,246,674,2012-11
3421,332,674,2012-11
3422,246,675,2012-11
3423,357,675,2012-11
3424,280,780,2012-11
3425,357,780,2012-11
3426,211,525,2012-11
3427,246,525,2012-11
3428,246,672,2012-11
3429,249,672,2012-11
3430,249,681,2012-11
3431,357,681,2012-11
3432,211,535,2012-11
3433,357,535,2012-11
3434,249,679,2012-11
3435,280,679,2012-11
3436,211,529,2012-11
3437,249,529,2012-11
3438,29,794,2013-02
3439,460,794,2013-02
3440,70,1671,2013-02
3441,460,1671,2013-02
3442,228,583,2013-05
3443,562,583,2013-05
3444,376,1007,2013-05
3445,562,1007,2013-05
3446,376,1006,2013-05
3447,435,1006,2013-05
3448,435,1208,2013-05
3449,562,1208,2013-05
3450,16,291,2013-08
3451,80,291,2013-08
3452,80,1748,2013-08
3453,543,1748,2013-08
3454,282,782,2013-11
3455,348,782,2013-11
3456,415,782,2013-11
3457,348,957,2013-11
3458,415,957,2013-11
3459,282,783,2013-11
3460,415,783,2013-11
3461,282,781,2013-11
3462,348,781,2013-11
3463,203,511,2014-02
3464,528,511,2014-02
3465,222,566,2014-02
3466,462,566,2014-02
3467,222,567,2014-02
3468,528,567,2014-02
3469,21,521,2014-08
3470,261,521,2014-08
3471,249,684,2014-11
3472,573,684,2014-11
3473,323,883,2015-02
3474,344,883,2015-02
3475,407,1116,2015-02
3476,533,1116,2015-02
3477,318,864,2015-02
3478,344,864,2015-02
3479,407,1117,2015-02
3480,537,1117,2015-02
3481,344,953,2015-02
3482,407,953,2015-02
3483,344,954,2015-02
3484,533,954,2015-02
3485,326,889,2015-02
3486,537,889,2015-02
3487,103,58,2015-05
3488,300,58,2015-05
3489,497,58,2015-05
3490,103,61,2015-05
3491,317,61,2015-05
3492,497,61,2015-05
3493,103,60,2015-05
3494,317,60,2015-05
3495,393,60,2015-05
3496,103,64,2015-05
3497,598,64,2015-05
3498,317,863,2015-05
3499,497,863,2015-05
3500,317,862,2015-05
3501,393,862,2015-05
3502,103,63,2015-05
3503,497,63,2015-05
3504,231,601,2015-05
3505,393,601,2015-05
3506,300,826,2015-05
3507,317,826,2015-05
3508,300,827,2015-05
3509,393,827,2015-05
3510,103,59,2015-05
3511,317,59,2015-05
3512,103,62,2015-05
3513,393,62,2015-05
3514,300,828,2015-05
3515,497,828,2015-05
3516,103,57,2015-05
3517,300,57,2015-05
3518,177,369,2015-08
3519,439,369,2015-08
3520,119,165,2015-08
3521,439,165,2015-08
3522,509,165,2015-08
3523,119,162,2015-08
3524,189,162,2015-08
3525,326,887,2015-08
3526,466,887,2015-08
3527,177,368,2015-08
3528,341,368,2015-08
3529,76,1707,2015-08
3530,177,1707,2015-08
3531,76,1708,2015-08
3532,193,1708,2015-08
3533,177,367,2015-08
3534,193,367,2015-08
3535,119,164,2015-08
3536,326,164,2015-08
3537,439,1211,2015-08
3538,466,1211,2015-08
3539,177,366,2015-08
3540,189,366,2015-08
3541,177,370,2015-08
3542,466,370,2015-08
3543,119,166,2015-08
3544,466,166,2015-08
3545,177,371,2015-08
3546,509,371,2015-08
3547,119,161,2015-08
3548,177,161,2015-08
3549,119,167,2015-08
3550,509,167,2015-08
3551,123,208,2015-11
3552,366,208,2015-11
3553,581,208,2015-11
3554,601,208,2015-11
3555,105,79,2015-11
3556,233,79,2015-11
3557,256,79,2015-11
3558,378,79,2015-11
3559,105,88,2015-11
3560,366,88,2015-11
3561,581,88,2015-11
3562,601,88,2015-11
3563,63,1603,2015-11
3564,105,1603,2015-11
3565,233,1603,2015-11
3566,256,1603,2015-11
3567,581,1603,2015-11
3568,601,1603,2015-11
3569,63,1607,2015-11
3570,105,1607,2015-11
3571,581,1607,2015-11
3572,601,1607,2015-11
3573,105,78,2015-11
3574,233,78,2015-11
3575,256,78,2015-11
3576,112,144,2015-11
3577,378,144,2015-11
3578,582,144,2015-11
3579,227,579,2015-11
3580,378,579,2015-11
3581,63,1602,2015-11
3582,105,1602,2015-11
3583,227,1602,2015-11
3584,298,1602,2015-11
3585,105,77,2015-11
3586,227,77,2015-11
3587,298,77,2015-11
3588,601,77,2015-11
3589,105,75,2015-11
3590,227,75,2015-11
3591,241,75,2015-11
3592,298,75,2015-11
3593,105,76,2015-11
3594,227,76,2015-11
3595,298,76,2015-11
3596,112,148,2015-11
3597,582,148,2015-11
3598,601,148,2015-11
3599,112,139,2015-11
3600,227,139,2015-11
3601,582,139,2015-11
3602,112,147,2015-11
3603,582,147,2015-11
3604,112,141,2015-11
3605,366,141,2015-11
3606,378,141,2015-11
3607,581,141,2015-11
3608,601,141,2015-11
3609,366,990,2015-11
3610,581,990,2015-11
3611,601,990,2015-11
3612,378,1009,2015-11
3613,581,1009,2015-11
3614,582,1009,2015-11
3615,601,1009,2015-11
3616,105,90,2015-11
3617,378,90,2015-11
3618,581,90,2015-11
3619,601,90,2015-11
3620,105,93,2015-11
3621,581,93,2015-11
3622,601,93,2015-11
3623,582,1522,2015-11
3624,601,1522,2015-11
3625,105,81,2015-11
3626,241,81,2015-11
3627,256,81,2015-11
3628,105,84,2015-11
3629,256,84,2015-11
3630,581,84,2015-11
3631,105,92,2015-11
3632,581,92,2015-11
3633,582,92,2015-11
3634,581,1520,2015-11
3635,582,1520,2015-11
3636,105,71,2015-11
3637,123,71,2015-11
3638,227,71,2015-11
3639,63,1608,2015-11
3640,105,1608,2015-11
3641,601,1608,2015-11
3642,112,143,2015-11
3643,378,143,2015-11
3644,581,143,2015-11
3645,601,143,2015-11
3646,112,142,2015-11
3647,378,142,2015-11
3648,63,1605,2015-11
3649,105,1605,2015-11
3650,378,1605,2015-11
3651,63,1604,2015-11
3652,105,1604,2015-11
3653,366,1604,2015-11
3654,105,87,2015-11
3655,366,87,2015-11
3656,378,87,2015-11
3657,366,988,2015-11
3658,378,988,2015-11
3659,227,576,2015-11
3660,233,576,2015-11
3661,63,1612,2015-11
3662,233,1612,2015-11
3663,63,1610,2015-11
3664,123,1610,2015-11
3665,112,137,2015-11
3666,123,137,2015-11
3667,378,1010,2015-11
3668,581,1010,2015-11
3669,601,1010,2015-11
3670,105,82,2015-11
3671,241,82,2015-11
3672,378,82,2015-11
3673,63,1614,2015-11
3674,298,1614,2015-11
3675,105,69,2015-11
3676,112,69,2015-11
3677,601,69,2015-11
3678,112,149,2015-11
3679,601,149,2015-11
3680,105,68,2015-11
3681,112,68,2015-11
3682,581,68,2015-11
3683,112,146,2015-11
3684,581,146,2015-11
3685,105,67,2015-11
3686,112,67,2015-11
3687,63,1606,2015-11
3688,105,1606,2015-11
3689,581,1606,2015-11
3690,123,210,2015-11
3691,581,210,2015-11
3692,601,210,2015-11
3693,143,268,2015-11
3694,581,268,2015-11
3695,105,85,2015-11
3696,256,85,2015-11
3697,601,85,2015-11
3698,227,581,2015-11
3699,581,581,2015-11
3700,601,581,2015-11
3701,227,582,2015-11
3702,601,582,2015-11
3703,227,580,2015-11
3704,581,580,2015-11
3705,581,1521,2015-11
3706,601,1521,2015-11
3707,105,74,2015-11
3708,227,74,2015-11
3709,241,74,2015-11
3710,105,94,2015-11
3711,582,94,2015-11
3712,63,1616,2015-11
3713,378,1616,2015-11
3714,582,1616,2015-11
3715,378,1011,2015-11
3716,582,1011,2015-11
3717,256,713,2015-11
3718,582,713,2015-11
3719,123,211,2015-11
3720,582,211,2015-11
3721,123,206,2015-11
3722,227,206,2015-11
3723,366,206,2015-11
3724,123,207,2015-11
3725,366,207,2015-11
3726,123,205,2015-11
3727,227,205,2015-11
3728,63,1615,2015-11
3729,378,1615,2015-11
3730,112,138,2015-11
3731,227,138,2015-11
3732,112,140,2015-11
3733,256,140,2015-11
3734,105,86,2015-11
3735,366,86,2015-11
3736,63,1609,2015-11
3737,112,1609,2015-11
3738,63,1613,2015-11
3739,256,1613,2015-11
3740,105,95,2015-11
3741,601,95,2015-11
3742,241,650,2015-11
3743,581,650,2015-11
3744,123,209,2015-11
3745,378,209,2015-11
3746,105,91,2015-11
3747,581,91,2015-11
3748,256,714,2015-11
3749,601,714,2015-11
3750,256,712,2015-11
3751,581,712,2015-11
3752,366,989,2015-11
3753,581,989,2015-11
3754,227,577,2015-11
3755,241,577,2015-11
3756,63,1611,2015-11
3757,227,1611,2015-11
3758,105,83,2015-11
3759,256,83,2015-11
3760,105,72,2015-11
3761,143,72,2015-11
3762,105,89,2015-11
3763,378,89,2015-11
3764,63,1601,2015-11
3765,105,1601,2015-11
3766,63,1617,2015-11
3767,581,1617,2015-11
3768,105,70,2015-11
3769,123,70,2015-11
3770,241,649,2015-11
3771,256,649,2015-11
3772,241,651,2015-11
3773,582,651,2015-11
3774,2,486,2015-11
3775,227,486,2015-11
3776,105,80,2015-11
3777,241,80,2015-11
3778,105,73,2015-11
3779,227,73,2015-11
3780,227,578,2015-11
3781,256,578,2015-11
3782,18,402,2016-02
3783,152,402,2016-02
3784,441,402,2016-02
3785,445,402,2016-02
3786,18,415,2016-02
3787,511,415,2016-02
3788,557,415,2016-02
3789,18,411,2016-02
3790,441,411,2016-02
3791,445,411,2016-02
3792,511,411,2016-02
3793,18,410,2016-02
3794,441,410,2016-02
3795,445,410,2016-02
3796,10,47,2016-02
3797,441,47,2016-02
3798,557,47,2016-02
3799,441,1215,2016-02
3800,557,1215,2016-02
3801,18,401,2016-02
3802,152,401,2016-02
3803,441,401,2016-02
3804,426,1178,2016-02
3805,557,1178,2016-02
3806,18,413,2016-02
3807,445,413,2016-02
3808,511,413,2016-02
3809,441,1214,2016-02
3810,511,1214,2016-02
3811,10,46,2016-02
3812,441,46,2016-02
3813,10,48,2016-02
3814,511,48,2016-02
3815,18,403,2016-02
3816,152,403,2016-02
3817,511,403,2016-02
3818,152,275,2016-02
3819,441,275,2016-02
3820,18,409,2016-02
3821,441,409,2016-02
3822,152,274,2016-02
3823,285,274,2016-02
3824,18,400,2016-02
3825,152,400,2016-02
3826,18,404,2016-02
3827,285,404,2016-02
3828,445,1217,2016-02
3829,511,1217,2016-02
3830,18,408,2016-02
3831,426,408,2016-02
3832,445,1218,2016-02
3833,557,1218,2016-02
3834,152,276,2016-02
3835,445,276,2016-02
3836,441,1213,2016-02
3837,445,1213,2016-02
3838,18,412,2016-02
3839,445,412,2016-02
3840,10,45,2016-02
3841,426,45,2016-02
3842,291,800,2016-02
3843,426,800,2016-02
3844,18,414,2016-02
3845,511,414,2016-02
3846,122,176,2016-05
3847,305,176,2016-05
3848,319,176,2016-05
3849,495,176,2016-05
3850,549,176,2016-05
3851,122,179,2016-05
3852,305,179,2016-05
3853,339,179,2016-05
3854,495,179,2016-05
3855,549,179,2016-05
3856,122,185,2016-05
3857,305,185,2016-05
3858,424,185,2016-05
3859,495,185,2016-05
3860,549,185,2016-05
3861,122,188,2016-05
3862,305,188,2016-05
3863,495,188,2016-05
3864,549,188,2016-05
3865,122,174,2016-05
3866,305,174,2016-05
3867,319,174,2016-05
3868,339,174,2016-05
3869,495,174,2016-05
3870,122,175,2016-05
3871,305,175,2016-05
3872,319,175,2016-05
3873,495,175,2016-05
3874,339,937,2016-05
3875,495,937,2016-05
3876,534,937,2016-05
3877,549,937,2016-05
3878,339,938,2016-05
3879,495,938,2016-05
3880,549,938,2016-05
3881,495,1391,2016-05
3882,549,1391,2016-05
3883,305,838,2016-05
3884,339,838,2016-05
3885,495,838,2016-05
3886,534,838,2016-05
3887,339,936,2016-05
3888,495,936,2016-05
3889,534,936,2016-05
3890,41,1137,2016-05
3891,73,1137,2016-05
3892,305,1137,2016-05
3893,339,1137,2016-05
3894,418,1137,2016-05
3895,41,1126,2016-05
3896,305,1126,2016-05
3897,418,1126,2016-05
3898,41,1136,2016-05
3899,73,1136,2016-05
3900,305,1136,2016-05
3901,122,187,2016-05
3902,305,187,2016-05
3903,495,187,2016-05
3904,534,187,2016-05
3905,41,1119,2016-05
3906,122,1119,2016-05
3907,305,1119,2016-05
3908,41,1129,2016-05
3909,305,1129,2016-05
3910,495,1129,2016-05
3911,534,1129,2016-05
3912,18,398,2016-05
3913,122,398,2016-05
3914,305,398,2016-05
3915,339,398,2016-05
3916,495,398,2016-05
3917,196,467,2016-05
3918,305,467,2016-05
3919,319,467,2016-05
3920,495,467,2016-05
3921,305,833,2016-05
3922,319,833,2016-05
3923,495,833,2016-05
3924,196,468,2016-05
3925,305,468,2016-05
3926,495,468,2016-05
3927,73,1683,2016-05
3928,122,1683,2016-05
3929,305,1683,2016-05
3930,339,1683,2016-05
3931,495,1683,2016-05
3932,122,195,2016-05
3933,339,195,2016-05
3934,424,195,2016-05
3935,495,195,2016-05
3936,122,184,2016-05
3937,305,184,2016-05
3938,424,184,2016-05
3939,495,184,2016-05
3940,73,1684,2016-05
3941,122,1684,2016-05
3942,305,1684,2016-05
3943,495,1684,2016-05
3944,73,1687,2016-05
3945,122,1687,2016-05
3946,424,1687,2016-05
3947,495,1687,2016-05
3948,122,181,2016-05
3949,305,181,2016-05
3950,418,181,2016-05
3951,424,181,2016-05
3952,122,183,2016-05
3953,305,183,2016-05
3954,424,183,2016-05
3955,24,633,2016-05
3956,122,633,2016-05
3957,305,633,2016-05
3958,73,1692,2016-05
3959,305,1692,2016-05
3960,339,1692,2016-05
3961,495,1692,2016-05
3962,305,836,2016-05
3963,339,836,2016-05
3964,424,836,2016-05
3965,41,1127,2016-05
3966,305,1127,2016-05
3967,424,1127,2016-05
3968,122,203,2016-05
3969,495,203,2016-05
3970,534,203,2016-05
3971,41,1121,2016-05
3972,122,1121,2016-05
3973,424,1121,2016-05
3974,24,637,2016-05
3975,305,637,2016-05
3976,418,637,2016-05
3977,305,835,2016-05
3978,339,835,2016-05
3979,418,835,2016-05
3980,24,636,2016-05
3981,305,636,2016-05
3982,339,636,2016-05
3983,24,635,2016-05
3984,305,635,2016-05
3985,41,1125,2016-05
3986,305,1125,2016-05
3987,339,1125,2016-05
3988,495,1125,2016-05
3989,41,1128,2016-05
3990,305,1128,2016-05
3991,495,1128,2016-05
3992,41,1124,2016-05
3993,305,1124,2016-05
3994,339,1124,2016-05
3995,122,178,2016-05
3996,305,178,2016-05
3997,339,178,2016-05
3998,495,178,2016-05
3999,122,173,2016-05
4000,305,173,2016-05
4001,319,173,2016-05
4002,339,173,2016-05
4003,122,172,2016-05
4004,305,172,2016-05
4005,319,172,2016-05
4006,73,1693,2016-05
4007,305,1693,2016-05
4008,424,1693,2016-05
4009,495,1693,2016-05
4010,73,1699,2016-05
4011,424,1699,2016-05
4012,495,1699,2016-05
4013,122,182,2016-05
4014,305,182,2016-05
4015,418,182,2016-05
4016,495,182,2016-05
4017,73,1686,2016-05
4018,122,1686,2016-05
4019,339,1686,2016-05
4020,495,1686,2016-05
4021,73,1698,2016-05
4022,339,1698,2016-05
4023,495,1698,2016-05
4024,122,191,2016-05
4025,319,191,2016-05
4026,339,191,2016-05
4027,73,1695,2016-05
4028,305,1695,2016-05
4029,495,1695,2016-05
4030,534,1695,2016-05
4031,73,1701,2016-05
4032,495,1701,2016-05
4033,534,1701,2016-05
4034,73,1694,2016-05
4035,305,1694,2016-05
4036,495,1694,2016-05
4037,122,192,2016-05
4038,319,192,2016-05
4039,495,192,2016-05
4040,122,190,2016-05
4041,319,190,2016-05
4042,18,406,2016-05
4043,305,406,2016-05
4044,339,406,2016-05
4045,196,469,2016-05
4046,319,469,2016-05
4047,305,832,2016-05
4048,319,832,2016-05
4049,339,832,2016-05
4050,305,847,2016-05
4051,495,847,2016-05
4052,534,847,2016-05
4053,122,180,2016-05
4054,305,180,2016-05
4055,418,180,2016-05
4056,24,634,2016-05
4057,122,634,2016-05
4058,339,634,2016-05
4059,24,632,2016-05
4060,122,632,2016-05
4061,24,638,2016-05
4062,339,638,2016-05
4063,41,1134,2016-05
4064,495,1134,2016-05
4065,534,1134,2016-05
4066,305,839,2016-05
4067,339,839,2016-05
4068,534,839,2016-05
4069,122,194,2016-05
4070,339,194,2016-05
4071,424,194,2016-05
4072,305,845,2016-05
4073,424,845,2016-05
4074,495,845,2016-05
4075,305,844,2016-05
4076,424,844,2016-05
4077,73,1691,2016-05
4078,305,1691,2016-05
4079,339,1691,2016-05
4080,122,199,2016-05
4081,418,199,2016-05
4082,495,199,2016-05
4083,41,1135,2016-05
4084,534,1135,2016-05
4085,18,397,2016-05
4086,122,397,2016-05
4087,305,397,2016-05
4088,18,405,2016-05
4089,305,405,2016-05
4090,339,934,2016-05
4091,424,934,2016-05
4092,549,934,2016-05
4093,424,1176,2016-05
4094,549,1176,2016-05
4095,339,940,2016-05
4096,549,940,2016-05
4097,41,1122,2016-05
4098,122,1122,2016-05
4099,495,1122,2016-05
4100,41,1133,2016-05
4101,495,1133,2016-05
4102,305,843,2016-05
4103,418,843,2016-05
4104,534,843,2016-05
4105,418,1169,2016-05
4106,534,1169,2016-05
4107,122,201,2016-05
4108,424,201,2016-05
4109,495,201,2016-05
4110,122,177,2016-05
4111,305,177,2016-05
4112,339,177,2016-05
4113,18,399,2016-05
4114,122,399,2016-05
4115,339,399,2016-05
4116,18,396,2016-05
4117,122,396,2016-05
4118,73,1685,2016-05
4119,122,1685,2016-05
4120,339,1685,2016-05
4121,122,196,2016-05
4122,339,196,2016-05
4123,495,196,2016-05
4124,41,1120,2016-05
4125,122,1120,2016-05
4126,339,1120,2016-05
4127,41,1118,2016-05
4128,122,1118,2016-05
4129,122,197,2016-05
4130,339,197,2016-05
4131,534,197,2016-05
4132,122,186,2016-05
4133,305,186,2016-05
4134,495,186,2016-05
4135,73,1688,2016-05
4136,122,1688,2016-05
4137,495,1688,2016-05
4138,73,1682,2016-05
4139,122,1682,2016-05
4140,305,1682,2016-05
4141,122,189,2016-05
4142,305,189,2016-05
4143,534,189,2016-05
4144,41,1131,2016-05
4145,339,1131,2016-05
4146,424,1131,2016-05
4147,41,1132,2016-05
4148,424,1132,2016-05
4149,305,837,2016-05
4150,339,837,2016-05
4151,495,837,2016-05
4152,73,1689,2016-05
4153,122,1689,2016-05
4154,534,1689,2016-05
4155,196,470,2016-05
4156,339,470,2016-05
4157,495,470,2016-05
4158,326,888,2016-05
4159,495,888,2016-05
4160,196,471,2016-05
4161,495,471,2016-05
4162,319,870,2016-05
4163,549,870,2016-05
4164,319,867,2016-05
4165,339,867,2016-05
4166,319,869,2016-05
4167,534,869,2016-05
4168,196,472,2016-05
4169,534,472,2016-05
4170,122,170,2016-05
4171,196,170,2016-05
4172,424,1175,2016-05
4173,534,1175,2016-05
4174,339,933,2016-05
4175,424,933,2016-05
4176,41,1130,2016-05
4177,339,1130,2016-05
4178,424,1174,2016-05
4179,495,1174,2016-05
4180,73,1700,2016-05
4181,495,1700,2016-05
4182,24,639,2016-05
4183,495,639,2016-05
4184,122,198,2016-05
4185,418,198,2016-05
4186,122,193,2016-05
4187,339,193,2016-05
4188,73,1697,2016-05
4189,339,1697,2016-05
4190,73,1702,2016-05
4191,534,1702,2016-05
4192,339,939,2016-05
4193,534,939,2016-05
4194,18,407,2016-05
4195,339,407,2016-05
4196,41,1123,2016-05
4197,305,1123,2016-05
4198,418,1168,2016-05
4199,495,1168,2016-05
4200,305,834,2016-05
4201,339,834,2016-05
4202,305,848,2016-05
4203,534,848,2016-05
4204,339,932,2016-05
4205,418,932,2016-05
4206,73,1681,2016-05
4207,122,1681,2016-05
4208,305,846,2016-05
4209,495,846,2016-05
4210,319,868,2016-05
4211,495,868,2016-05
4212,122,171,2016-05
4213,305,171,2016-05
4214,73,1690,2016-05
4215,305,1690,2016-05
4216,339,935,2016-05
4217,495,935,2016-05
4218,122,200,2016-05
4219,424,200,2016-05
4220,305,831,2016-05
4221,319,831,2016-05
4222,122,204,2016-05
4223,534,204,2016-05
4224,495,1390,2016-05
4225,534,1390,2016-05
4226,305,842,2016-05
4227,418,842,2016-05
4228,122,202,2016-05
4229,495,202,2016-05
4230,73,1696,2016-05
4231,319,1696,2016-05
4232,52,1427,2016-08
4233,251,1427,2016-08
4234,408,1427,2016-08
4235,52,1428,2016-08
4236,251,1428,2016-08
4237,560,1428,2016-08
4238,52,1425,2016-08
4239,247,1425,2016-08
4240,251,1425,2016-08
4241,52,1426,2016-08
4242,251,1426,2016-08
4243,52,1430,2016-08
4244,408,1430,2016-08
4245,560,1430,2016-08
4246,52,1422,2016-08
4247,106,1422,2016-08
4248,408,1422,2016-08
4249,251,701,2016-08
4250,560,701,2016-08
4251,247,676,2016-08
4252,251,676,2016-08
4253,106,97,2016-08
4254,408,97,2016-08
4255,247,677,2016-08
4256,408,677,2016-08
4257,52,1431,2016-08
4258,560,1431,2016-08
4259,52,1421,2016-08
4260,106,1421,2016-08
4261,106,96,2016-08
4262,247,96,2016-08
4263,52,1424,2016-08
4264,247,1424,2016-08
4265,52,1429,2016-08
4266,408,1429,2016-08
4267,52,1423,2016-08
4268,119,1423,2016-08
4269,119,163,2016-08
4270,247,163,2016-08
4271,525,1435,2016-11
4272,610,1435,2016-11
4273,125,216,2016-11
4274,564,216,2016-11
4275,125,217,2016-11
4276,610,217,2016-11
4277,210,523,2016-11
4278,525,523,2016-11
4279,125,215,2016-11
4280,525,215,2016-11
4281,210,524,2016-11
4282,610,524,2016-11
4283,154,278,2017-02
4284,517,278,2017-02
4285,154,277,2017-02
4286,414,277,2017-02
4287,352,966,2017-05
4288,365,966,2017-05
4289,47,1322,2017-05
4290,352,1322,2017-05
4291,380,1322,2017-05
4292,328,892,2017-05
4293,352,892,2017-05
4294,380,892,2017-05
4295,561,892,2017-05
4296,328,893,2017-05
4297,352,893,2017-05
4298,561,893,2017-05
4299,49,1381,2017-05
4300,352,1381,2017-05
4301,380,1381,2017-05
4302,550,1381,2017-05
4303,49,1380,2017-05
4304,352,1380,2017-05
4305,380,1380,2017-05
4306,212,537,2017-05
4307,328,537,2017-05
4308,352,537,2017-05
4309,352,969,2017-05
4310,380,969,2017-05
4311,561,969,2017-05
4312,610,969,2017-05
4313,328,897,2017-05
4314,550,897,2017-05
4315,561,897,2017-05
4316,49,1387,2017-05
4317,65,1387,2017-05
4318,352,1387,2017-05
4319,550,1387,2017-05
4320,49,1382,2017-05
4321,352,1382,2017-05
4322,550,1382,2017-05
4323,328,891,2017-05
4324,352,891,2017-05
4325,380,891,2017-05
4326,49,1378,2017-05
4327,328,1378,2017-05
4328,328,895,2017-05
4329,380,895,2017-05
4330,561,895,2017-05
4331,49,1384,2017-05
4332,380,1384,2017-05
4333,561,1384,2017-05
4334,49,1383,2017-05
4335,380,1383,2017-05
4336,49,1385,2017-05
4337,561,1385,2017-05
4338,47,1321,2017-05
4339,352,1321,2017-05
4340,328,896,2017-05
4341,380,896,2017-05
4342,610,896,2017-05
4343,352,970,2017-05
4344,380,970,2017-05
4345,610,970,2017-05
4346,352,968,2017-05
4347,380,968,2017-05
4348,561,968,2017-05
4349,212,536,2017-05
4350,328,536,2017-05
4351,380,1031,2017-05
4352,561,1031,2017-05
4353,610,1031,2017-05
4354,380,1029,2017-05
4355,550,1029,2017-05
4356,561,1029,2017-05
4357,550,1445,2017-05
4358,561,1445,2017-05
4359,49,1386,2017-05
4360,610,1386,2017-05
4361,49,1379,2017-05
4362,352,1379,2017-05
4363,328,898,2017-05
4364,561,898,2017-05
4365,328,890,2017-05
4366,352,890,2017-05
4367,380,1027,2017-05
4368,548,1027,2017-05
4369,328,894,2017-05
4370,380,894,2017-05
4371,548,1443,2017-05
4372,610,1443,2017-05
4373,380,1030,2017-05
4374,561,1030,2017-05
4375,328,899,2017-05
4376,610,899,2017-05
4377,212,539,2017-05
4378,380,539,2017-05
4379,65,1637,2017-05
4380,380,1637,2017-05
4381,305,840,2017-05
4382,380,840,2017-05
4383,352,972,2017-05
4384,561,972,2017-05
4385,65,1636,2017-05
4386,352,1636,2017-05
4387,65,1639,2017-05
4388,561,1639,2017-05
4389,212,538,2017-05
4390,352,538,2017-05
4391,352,973,2017-05
4392,610,973,2017-05
4393,352,971,2017-05
4394,550,971,2017-05
4395,65,1638,2017-05
4396,550,1638,2017-05
4397,561,1463,2017-05
4398,610,1463,2017-05
4399,380,1028,2017-05
4400,550,1028,2017-05
4401,380,1032,2017-05
4402,610,1032,2017-05
4403,352,967,2017-05
4404,380,967,2017-05
4405,67,1648,2017-08
4406,400,1648,2017-08
4407,443,1648,2017-08
4408,523,1648,2017-08
4409,30,818,2017-08
4410,400,818,2017-08
4411,475,818,2017-08
4412,599,818,2017-08
4413,30,825,2017-08
4414,67,825,2017-08
4415,400,825,2017-08
4416,67,1650,2017-08
4417,400,1650,2017-08
4418,523,1650,2017-08
4419,599,1650,2017-08
4420,67,1651,2017-08
4421,400,1651,2017-08
4422,599,1651,2017-08
4423,67,1649,2017-08
4424,400,1649,2017-08
4425,523,1649,2017-08
4426,67,1647,2017-08
4427,400,1647,2017-08
4428,30,820,2017-08
4429,443,820,2017-08
4430,475,820,2017-08
4431,523,820,2017-08
4432,30,821,2017-08
4433,443,821,2017-08
4434,523,821,2017-08
4435,443,1216,2017-08
4436,523,1216,2017-08
4437,400,1109,2017-08
4438,443,1109,2017-08
4439,30,817,2017-08
4440,400,817,2017-08
4441,475,817,2017-08
4442,363,987,2017-08
4443,599,987,2017-08
4444,400,1112,2017-08
4445,523,1112,2017-08
4446,599,1112,2017-08
4447,523,1434,2017-08
4448,599,1434,2017-08
4449,30,823,2017-08
4450,475,823,2017-08
4451,523,823,2017-08
4452,30,824,2017-08
4453,523,824,2017-08
4454,30,819,2017-08
4455,443,819,2017-08
4456,400,1113,2017-08
4457,599,1113,2017-08
4458,471,1324,2017-08
4459,526,1324,2017-08
4460,526,1436,2017-08
4461,599,1436,2017-08
4462,475,1328,2017-08
4463,599,1328,2017-08
4464,67,1652,2017-08
4465,475,1652,2017-08
4466,523,1433,2017-08
4467,526,1433,2017-08
4468,252,703,2017-08
4469,475,703,2017-08
4470,400,1111,2017-08
4471,523,1111,2017-08
4472,252,702,2017-08
4473,471,702,2017-08
4474,30,816,2017-08
4475,400,816,2017-08
4476,252,704,2017-08
4477,523,704,2017-08
4478,30,822,2017-08
4479,475,822,2017-08
4480,400,1110,2017-08
4481,475,1110,2017-08
4482,249,682,2017-08
4483,380,682,2017-08
4484,475,1327,2017-08
4485,523,1327,2017-08
4486,15,271,2017-11
4487,461,271,2017-11
4488,279,771,2017-11
4489,433,771,2017-11
4490,15,272,2017-11
4491,523,272,2017-11
4492,279,772,2017-11
4493,551,772,2017-11
4494,15,270,2017-11
4495,279,270,2017-11
4496,15,273,2017-11
4497,551,273,2017-11
4498,249,683,2017-11
4499,414,683,2017-11
4500,339,931,2017-11
4501,414,931,2017-11
4502,382,1039,2018-02
4503,515,1039,2018-02
4504,601,1039,2018-02
4505,111,134,2018-02
4506,382,134,2018-02
4507,515,134,2018-02
4508,519,134,2018-02
4509,111,133,2018-02
4510,382,133,2018-02
4511,515,133,2018-02
4512,141,248,2018-02
4513,382,248,2018-02
4514,515,248,2018-02
4515,111,130,2018-02
4516,112,130,2018-02
4517,382,130,2018-02
4518,141,249,2018-02
4519,382,249,2018-02
4520,601,249,2018-02
4521,382,1041,2018-02
4522,601,1041,2018-02
4523,111,129,2018-02
4524,112,129,2018-02
4525,305,841,2018-02
4526,382,841,2018-02
4527,382,1038,2018-02
4528,515,1038,2018-02
4529,382,1040,2018-02
4530,599,1040,2018-02
4531,111,132,2018-02
4532,382,132,2018-02
4533,111,135,2018-02
4534,515,135,2018-02
4535,112,145,2018-02
4536,515,145,2018-02
4537,141,247,2018-02
4538,382,247,2018-02
4539,111,136,2018-02
4540,519,136,2018-02
4541,111,131,2018-02
4542,141,131,2018-02
4543,210,522,2018-02
4544,515,522,2018-02
4545,318,866,2018-02
4546,515,866,2018-02
4547,62,1592,2018-05
4548,209,1592,2018-05
4549,491,1592,2018-05
4550,62,1591,2018-05
4551,209,1591,2018-05
4552,233,1591,2018-05
4553,209,519,2018-05
4554,233,519,2018-05
4555,62,1597,2018-05
4556,459,1597,2018-05
4557,601,1597,2018-05
4558,62,1594,2018-05
4559,210,1594,2018-05
4560,491,1594,2018-05
4561,62,1589,2018-05
4562,205,1589,2018-05
4563,491,1589,2018-05
4564,62,1593,2018-05
4565,210,1593,2018-05
4566,89,1759,2018-05
4567,601,1759,2018-05
4568,62,1595,2018-05
4569,233,1595,2018-05
4570,62,1590,2018-05
4571,209,1590,2018-05
4572,209,520,2018-05
4573,459,520,2018-05
4574,62,1588,2018-05
4575,205,1588,2018-05
4576,62,1598,2018-05
4577,491,1598,2018-05
4578,491,1388,2018-05
4579,601,1388,2018-05
4580,62,1599,2018-05
4581,567,1599,2018-05
4582,68,1658,2018-05
4583,210,1658,2018-05
4584,62,1596,2018-05
4585,459,1596,2018-05
4586,62,1587,2018-05
4587,153,1587,2018-05
4588,62,1600,2018-05
4589,601,1600,2018-05
4590,459,1267,2018-05
4591,601,1267,2018-05
4592,258,718,2018-08
4593,296,718,2018-08
4594,362,718,2018-08
4595,417,718,2018-08
4596,586,718,2018-08
4597,258,716,2018-08
4598,296,716,2018-08
4599,338,716,2018-08
4600,362,716,2018-08
4601,417,716,2018-08
4602,258,717,2018-08
4603,296,717,2018-08
4604,362,717,2018-08
4605,417,717,2018-08
4606,296,810,2018-08
4607,338,810,2018-08
4608,362,810,2018-08
4609,417,810,2018-08
4610,296,812,2018-08
4611,362,812,2018-08
4612,417,812,2018-08
4613,25,693,2018-08
4614,77,693,2018-08
4615,362,693,2018-08
4616,417,693,2018-08
4617,586,693,2018-08
4618,362,984,2018-08
4619,417,984,2018-08
4620,586,984,2018-08
4621,25,694,2018-08
4622,77,694,2018-08
4623,362,694,2018-08
4624,586,694,2018-08
4625,25,685,2018-08
4626,248,685,2018-08
4627,77,1710,2018-08
4628,362,1710,2018-08
4629,514,1710,2018-08
4630,586,1710,2018-08
4631,77,1711,2018-08
4632,362,1711,2018-08
4633,586,1711,2018-08
4634,362,986,2018-08
4635,586,986,2018-08
4636,25,696,2018-08
4637,77,696,2018-08
4638,514,696,2018-08
4639,586,696,2018-08
4640,77,1712,2018-08
4641,514,1712,2018-08
4642,586,1712,2018-08
4643,25,695,2018-08
4644,77,695,2018-08
4645,417,695,2018-08
4646,586,695,2018-08
4647,25,699,2018-08
4648,98,699,2018-08
4649,305,699,2018-08
4650,25,692,2018-08
4651,586,692,2018-08
4652,596,692,2018-08
4653,25,700,2018-08
4654,98,700,2018-08
4655,586,700,2018-08
4656,296,809,2018-08
4657,338,809,2018-08
4658,362,985,2018-08
4659,514,985,2018-08
4660,98,1800,2018-08
4661,514,1800,2018-08
4662,98,1798,2018-08
4663,362,1798,2018-08
4664,417,1798,2018-08
4665,98,1797,2018-08
4666,362,1797,2018-08
4667,296,814,2018-08
4668,417,814,2018-08
4669,586,814,2018-08
4670,417,1166,2018-08
4671,586,1166,2018-08
4672,338,930,2018-08
4673,362,930,2018-08
4674,417,930,2018-08
4675,98,1796,2018-08
4676,248,1796,2018-08
4677,25,697,2018-08
4678,77,697,2018-08
4679,586,697,2018-08
4680,25,686,2018-08
4681,258,686,2018-08
4682,586,686,2018-08
4683,258,720,2018-08
4684,586,720,2018-08
4685,25,688,2018-08
4686,296,688,2018-08
4687,417,688,2018-08
4688,296,813,2018-08
4689,417,813,2018-08
4690,25,698,2018-08
4691,98,698,2018-08
4692,25,689,2018-08
4693,338,689,2018-08
4694,296,815,2018-08
4695,586,815,2018-08
4696,296,811,2018-08
4697,362,811,2018-08
4698,77,1714,2018-08
4699,586,1714,2018-08
4700,514,1420,2018-08
4701,586,1420,2018-08
4702,362,983,2018-08
4703,417,983,2018-08
4704,25,687,2018-08
4705,296,687,2018-08
4706,258,719,2018-08
4707,417,719,2018-08
4708,98,1802,2018-08
4709,596,1802,2018-08
4710,417,1167,2018-08
4711,596,1167,2018-08
4712,417,1165,2018-08
4713,556,1165,2018-08
4714,77,1713,2018-08
4715,556,1713,2018-08
4716,77,1709,2018-08
4717,362,1709,2018-08
4718,98,1799,2018-08
4719,417,1799,2018-08
4720,258,715,2018-08
4721,296,715,2018-08
4722,25,690,2018-08
4723,417,690,2018-08
4724,258,721,2018-08
4725,596,721,2018-08
4726,25,691,2018-08
4727,586,691,2018-08
4728,556,1449,2018-08
4729,586,1449,2018-08
4730,248,678,2018-08
4731,258,678,2018-08
4732,98,1801,2018-08
4733,586,1801,2018-08
4734,586,1525,2018-08
4735,596,1525,2018-08
4736,184,425,2018-11
4737,331,425,2018-11
