,user_id,group_id,period
0,107,100,1996-05
1,536,100,1996-05
2,40,1093,1996-05
3,99,1093,1996-05
4,107,1093,1996-05
5,107,97,1996-05
6,130,97,1996-05
7,40,1095,1996-05
8,99,1095,1996-05
9,353,1095,1996-05
10,35,950,1996-05
11,107,950,1996-05
12,429,950,1996-05
13,468,950,1996-05
14,107,98,1996-05
15,134,98,1996-05
16,35,951,1996-05
17,40,951,1996-05
18,107,951,1996-05
19,107,99,1996-05
20,136,99,1996-05
21,40,1085,1996-05
22,107,1085,1996-05
23,35,949,1996-05
24,107,949,1996-05
25,136,230,1996-05
26,284,230,1996-05
27,40,1088,1996-05
28,191,1088,1996-05
29,353,1088,1996-05
30,40,1094,1996-05
31,99,1094,1996-05
32,191,1094,1996-05
33,353,965,1996-05
34,444,965,1996-05
35,604,965,1996-05
36,191,441,1996-05
37,284,441,1996-05
38,353,441,1996-05
39,40,1090,1996-05
40,353,1090,1996-05
41,40,1089,1996-05
42,191,1089,1996-05
43,444,1089,1996-05
44,35,953,1996-05
45,429,953,1996-05
46,536,953,1996-05
47,40,1091,1996-05
48,536,1091,1996-05
49,99,1790,1996-05
50,191,1790,1996-05
51,353,1790,1996-05
52,99,1788,1996-05
53,136,1788,1996-05
54,353,1788,1996-05
55,35,954,1996-05
56,99,954,1996-05
57,429,954,1996-05
58,99,1792,1996-05
59,284,1792,1996-05
60,353,1792,1996-05
61,284,777,1996-05
62,353,777,1996-05
63,99,1793,1996-05
64,353,1793,1996-05
65,99,1795,1996-05
66,536,1795,1996-05
67,136,234,1996-05
68,536,234,1996-05
69,99,1787,1996-05
70,136,1787,1996-05
71,353,964,1996-05
72,444,964,1996-05
73,353,963,1996-05
74,436,963,1996-05
75,99,1791,1996-05
76,284,1791,1996-05
77,134,228,1996-05
78,429,228,1996-05
79,468,228,1996-05
80,429,1166,1996-05
81,468,1166,1996-05
82,99,1789,1996-05
83,191,1789,1996-05
84,35,952,1996-05
85,429,952,1996-05
86,136,232,1996-05
87,429,232,1996-05
88,99,1786,1996-05
89,130,1786,1996-05
90,191,443,1996-05
91,444,443,1996-05
92,191,442,1996-05
93,353,442,1996-05
94,136,231,1996-05
95,353,231,1996-05
96,40,1092,1996-05
97,99,1092,1996-05
98,40,1087,1996-05
99,191,1087,1996-05
100,284,779,1996-05
101,536,779,1996-05
102,99,1794,1996-05
103,429,1794,1996-05
104,136,233,1996-05
105,468,233,1996-05
106,40,1086,1996-05
107,136,1086,1996-05
108,284,778,1996-05
109,429,778,1996-05
110,109,104,1996-08
111,162,104,1996-08
112,179,104,1996-08
113,455,104,1996-08
114,476,104,1996-08
115,486,104,1996-08
116,498,104,1996-08
117,512,104,1996-08
118,38,1002,1996-08
119,109,1002,1996-08
120,176,1002,1996-08
121,179,1002,1996-08
122,229,1002,1996-08
123,447,1002,1996-08
124,486,1002,1996-08
125,498,1002,1996-08
126,512,1002,1996-08
127,574,1002,1996-08
128,588,1002,1996-08
129,602,1002,1996-08
130,109,110,1996-08
131,179,110,1996-08
132,486,110,1996-08
133,498,110,1996-08
134,512,110,1996-08
135,541,110,1996-08
136,584,110,1996-08
137,592,110,1996-08
138,109,109,1996-08
139,179,109,1996-08
140,486,109,1996-08
141,498,109,1996-08
142,512,109,1996-08
143,176,347,1996-08
144,455,347,1996-08
145,512,347,1996-08
146,574,347,1996-08
147,588,347,1996-08
148,602,347,1996-08
149,56,1439,1996-08
150,235,1439,1996-08
151,349,1439,1996-08
152,411,1439,1996-08
153,455,1439,1996-08
154,485,1439,1996-08
155,512,1439,1996-08
156,592,1439,1996-08
157,46,1259,1996-08
158,176,1259,1996-08
159,512,1259,1996-08
160,574,1259,1996-08
161,588,1259,1996-08
162,592,1259,1996-08
163,602,1259,1996-08
164,176,350,1996-08
165,512,350,1996-08
166,574,350,1996-08
167,588,350,1996-08
168,602,350,1996-08
169,38,1003,1996-08
170,176,1003,1996-08
171,229,1003,1996-08
172,476,1003,1996-08
173,486,1003,1996-08
174,498,1003,1996-08
175,512,1003,1996-08
176,588,1003,1996-08
177,602,1003,1996-08
178,476,1317,1996-08
179,486,1317,1996-08
180,498,1317,1996-08
181,512,1317,1996-08
182,541,1317,1996-08
183,592,1317,1996-08
184,476,1316,1996-08
185,486,1316,1996-08
186,498,1316,1996-08
187,512,1316,1996-08
188,38,1009,1996-08
189,46,1009,1996-08
190,176,1009,1996-08
191,229,1009,1996-08
192,486,1009,1996-08
193,498,1009,1996-08
194,512,1009,1996-08
195,541,1009,1996-08
196,588,1009,1996-08
197,592,1009,1996-08
198,602,1009,1996-08
199,38,1004,1996-08
200,176,1004,1996-08
201,229,1004,1996-08
202,486,1004,1996-08
203,498,1004,1996-08
204,512,1004,1996-08
205,588,1004,1996-08
206,602,1004,1996-08
207,486,1344,1996-08
208,498,1344,1996-08
209,512,1344,1996-08
210,541,1344,1996-08
211,592,1344,1996-08
212,486,1343,1996-08
213,498,1343,1996-08
214,512,1343,1996-08
215,46,1257,1996-08
216,176,1257,1996-08
217,242,1257,1996-08
218,512,1257,1996-08
219,588,1257,1996-08
220,592,1257,1996-08
221,602,1257,1996-08
222,46,1260,1996-08
223,176,1260,1996-08
224,512,1260,1996-08
225,588,1260,1996-08
226,592,1260,1996-08
227,602,1260,1996-08
228,176,352,1996-08
229,512,352,1996-08
230,588,352,1996-08
231,602,352,1996-08
232,512,1404,1996-08
233,592,1404,1996-08
234,229,580,1996-08
235,385,580,1996-08
236,486,580,1996-08
237,498,580,1996-08
238,192,444,1996-08
239,235,444,1996-08
240,411,444,1996-08
241,485,444,1996-08
242,486,444,1996-08
243,498,444,1996-08
244,584,444,1996-08
245,592,444,1996-08
246,229,586,1996-08
247,486,586,1996-08
248,498,586,1996-08
249,584,586,1996-08
250,592,586,1996-08
251,486,1347,1996-08
252,498,1347,1996-08
253,584,1347,1996-08
254,592,1347,1996-08
255,142,248,1996-08
256,235,248,1996-08
257,411,248,1996-08
258,485,248,1996-08
259,592,248,1996-08
260,235,608,1996-08
261,411,608,1996-08
262,485,608,1996-08
263,592,608,1996-08
264,229,587,1996-08
265,486,587,1996-08
266,498,587,1996-08
267,592,587,1996-08
268,229,585,1996-08
269,486,585,1996-08
270,498,585,1996-08
271,486,1348,1996-08
272,498,1348,1996-08
273,592,1348,1996-08
274,102,52,1996-08
275,109,52,1996-08
276,411,52,1996-08
277,486,52,1996-08
278,512,52,1996-08
279,109,111,1996-08
280,229,111,1996-08
281,447,111,1996-08
282,486,111,1996-08
283,512,111,1996-08
284,588,111,1996-08
285,602,111,1996-08
286,109,116,1996-08
287,486,116,1996-08
288,512,116,1996-08
289,142,249,1996-08
290,242,249,1996-08
291,411,249,1996-08
292,512,249,1996-08
293,588,249,1996-08
294,602,249,1996-08
295,229,577,1996-08
296,242,577,1996-08
297,486,577,1996-08
298,512,577,1996-08
299,588,577,1996-08
300,602,577,1996-08
301,229,588,1996-08
302,486,588,1996-08
303,512,588,1996-08
304,588,588,1996-08
305,602,588,1996-08
306,242,648,1996-08
307,512,648,1996-08
308,588,648,1996-08
309,602,648,1996-08
310,142,245,1996-08
311,229,245,1996-08
312,411,245,1996-08
313,486,245,1996-08
314,8,1717,1996-08
315,38,1717,1996-08
316,162,1717,1996-08
317,314,1717,1996-08
318,455,1717,1996-08
319,512,1717,1996-08
320,602,1717,1996-08
321,162,301,1996-08
322,235,301,1996-08
323,411,301,1996-08
324,444,301,1996-08
325,455,301,1996-08
326,512,301,1996-08
327,162,305,1996-08
328,455,305,1996-08
329,512,305,1996-08
330,142,247,1996-08
331,235,247,1996-08
332,411,247,1996-08
333,455,247,1996-08
334,512,247,1996-08
335,602,247,1996-08
336,455,1246,1996-08
337,512,1246,1996-08
338,602,1246,1996-08
339,235,607,1996-08
340,411,607,1996-08
341,455,607,1996-08
342,512,607,1996-08
343,455,1245,1996-08
344,512,1245,1996-08
345,142,246,1996-08
346,235,246,1996-08
347,411,246,1996-08
348,142,251,1996-08
349,411,251,1996-08
350,512,251,1996-08
351,602,251,1996-08
352,411,1134,1996-08
353,512,1134,1996-08
354,142,250,1996-08
355,411,250,1996-08
356,176,334,1996-08
357,179,334,1996-08
358,229,334,1996-08
359,314,334,1996-08
360,385,334,1996-08
361,476,334,1996-08
362,486,334,1996-08
363,602,334,1996-08
364,179,381,1996-08
365,476,381,1996-08
366,486,381,1996-08
367,584,381,1996-08
368,592,381,1996-08
369,179,380,1996-08
370,476,380,1996-08
371,486,380,1996-08
372,176,335,1996-08
373,179,335,1996-08
374,229,335,1996-08
375,486,335,1996-08
376,584,335,1996-08
377,592,335,1996-08
378,602,335,1996-08
379,176,336,1996-08
380,179,336,1996-08
381,229,336,1996-08
382,486,336,1996-08
383,602,336,1996-08
384,179,387,1996-08
385,486,387,1996-08
386,584,387,1996-08
387,592,387,1996-08
388,176,345,1996-08
389,273,345,1996-08
390,592,345,1996-08
391,602,345,1996-08
392,176,338,1996-08
393,229,338,1996-08
394,476,338,1996-08
395,486,338,1996-08
396,592,338,1996-08
397,602,338,1996-08
398,176,339,1996-08
399,229,339,1996-08
400,476,339,1996-08
401,486,339,1996-08
402,602,339,1996-08
403,476,1318,1996-08
404,486,1318,1996-08
405,592,1318,1996-08
406,476,1315,1996-08
407,486,1315,1996-08
408,176,340,1996-08
409,229,340,1996-08
410,486,340,1996-08
411,592,340,1996-08
412,602,340,1996-08
413,176,341,1996-08
414,229,341,1996-08
415,486,341,1996-08
416,602,341,1996-08
417,176,358,1996-08
418,592,358,1996-08
419,602,358,1996-08
420,229,581,1996-08
421,385,581,1996-08
422,486,581,1996-08
423,584,581,1996-08
424,592,581,1996-08
425,229,579,1996-08
426,385,579,1996-08
427,486,579,1996-08
428,229,589,1996-08
429,486,589,1996-08
430,584,589,1996-08
431,592,589,1996-08
432,229,590,1996-08
433,486,590,1996-08
434,592,590,1996-08
435,229,591,1996-08
436,486,591,1996-08
437,602,591,1996-08
438,229,584,1996-08
439,486,584,1996-08
440,314,850,1996-08
441,602,850,1996-08
442,56,1436,1996-08
443,102,1436,1996-08
444,512,1436,1996-08
445,584,1436,1996-08
446,14,235,1996-08
447,176,235,1996-08
448,512,235,1996-08
449,574,235,1996-08
450,584,235,1996-08
451,602,235,1996-08
452,56,1437,1996-08
453,176,1437,1996-08
454,242,1437,1996-08
455,512,1437,1996-08
456,574,1437,1996-08
457,602,1437,1996-08
458,56,1444,1996-08
459,512,1444,1996-08
460,176,351,1996-08
461,512,351,1996-08
462,574,351,1996-08
463,602,351,1996-08
464,176,342,1996-08
465,242,342,1996-08
466,512,342,1996-08
467,602,342,1996-08
468,176,353,1996-08
469,512,353,1996-08
470,602,353,1996-08
471,102,53,1996-08
472,242,53,1996-08
473,512,53,1996-08
474,602,53,1996-08
475,102,54,1996-08
476,512,54,1996-08
477,242,649,1996-08
478,512,649,1996-08
479,602,649,1996-08
480,176,356,1996-08
481,584,356,1996-08
482,602,356,1996-08
483,176,359,1996-08
484,602,359,1996-08
485,8,1718,1996-08
486,38,1718,1996-08
487,512,1718,1996-08
488,588,1718,1996-08
489,602,1718,1996-08
490,38,1010,1996-08
491,46,1010,1996-08
492,394,1010,1996-08
493,512,1010,1996-08
494,541,1010,1996-08
495,588,1010,1996-08
496,602,1010,1996-08
497,46,1255,1996-08
498,142,1255,1996-08
499,512,1255,1996-08
500,588,1255,1996-08
501,602,1255,1996-08
502,38,1011,1996-08
503,46,1011,1996-08
504,512,1011,1996-08
505,541,1011,1996-08
506,588,1011,1996-08
507,602,1011,1996-08
508,38,1013,1996-08
509,512,1013,1996-08
510,588,1013,1996-08
511,602,1013,1996-08
512,512,1400,1996-08
513,541,1400,1996-08
514,46,1291,1996-08
515,512,1291,1996-08
516,588,1291,1996-08
517,602,1291,1996-08
518,142,258,1996-08
519,512,258,1996-08
520,588,258,1996-08
521,602,258,1996-08
522,512,1403,1996-08
523,588,1403,1996-08
524,602,1403,1996-08
525,8,1716,1996-08
526,38,1716,1996-08
527,142,1716,1996-08
528,512,1716,1996-08
529,602,1716,1996-08
530,8,1719,1996-08
531,38,1719,1996-08
532,512,1719,1996-08
533,602,1719,1996-08
534,38,1014,1996-08
535,512,1014,1996-08
536,602,1014,1996-08
537,142,259,1996-08
538,512,259,1996-08
539,602,259,1996-08
540,447,1209,1996-08
541,476,1209,1996-08
542,498,1209,1996-08
543,574,1209,1996-08
544,588,1209,1996-08
545,46,1277,1996-08
546,447,1277,1996-08
547,498,1277,1996-08
548,574,1277,1996-08
549,588,1277,1996-08
550,592,1277,1996-08
551,447,1213,1996-08
552,498,1213,1996-08
553,574,1213,1996-08
554,588,1213,1996-08
555,46,1254,1996-08
556,142,1254,1996-08
557,273,1254,1996-08
558,574,1254,1996-08
559,588,1254,1996-08
560,592,1254,1996-08
561,46,1295,1996-08
562,574,1295,1996-08
563,588,1295,1996-08
564,592,1295,1996-08
565,574,1480,1996-08
566,588,1480,1996-08
567,46,1279,1996-08
568,476,1279,1996-08
569,498,1279,1996-08
570,588,1279,1996-08
571,592,1279,1996-08
572,476,1320,1996-08
573,498,1320,1996-08
574,588,1320,1996-08
575,476,1321,1996-08
576,498,1321,1996-08
577,592,1321,1996-08
578,476,1319,1996-08
579,498,1319,1996-08
580,46,1289,1996-08
581,498,1289,1996-08
582,588,1289,1996-08
583,592,1289,1996-08
584,498,1383,1996-08
585,588,1383,1996-08
586,46,1299,1996-08
587,588,1299,1996-08
588,592,1299,1996-08
589,142,257,1996-08
590,498,257,1996-08
591,592,257,1996-08
592,142,262,1996-08
593,592,262,1996-08
594,142,252,1996-08
595,447,252,1996-08
596,588,252,1996-08
597,447,1216,1996-08
598,588,1216,1996-08
599,46,1256,1996-08
600,142,1256,1996-08
601,588,1256,1996-08
602,46,1298,1996-08
603,588,1298,1996-08
604,142,261,1996-08
605,588,261,1996-08
606,179,382,1996-08
607,485,382,1996-08
608,486,382,1996-08
609,498,382,1996-08
610,541,382,1996-08
611,584,382,1996-08
612,179,385,1996-08
613,486,385,1996-08
614,498,385,1996-08
615,541,385,1996-08
616,584,385,1996-08
617,179,384,1996-08
618,486,384,1996-08
619,498,384,1996-08
620,142,254,1996-08
621,485,254,1996-08
622,486,254,1996-08
623,498,254,1996-08
624,584,254,1996-08
625,485,1333,1996-08
626,486,1333,1996-08
627,498,1333,1996-08
628,584,1333,1996-08
629,486,1346,1996-08
630,498,1346,1996-08
631,584,1346,1996-08
632,142,253,1996-08
633,485,253,1996-08
634,142,255,1996-08
635,486,255,1996-08
636,179,386,1996-08
637,486,386,1996-08
638,584,386,1996-08
639,179,383,1996-08
640,486,383,1996-08
641,142,260,1996-08
642,541,260,1996-08
643,142,256,1996-08
644,498,256,1996-08
645,8,1728,1996-08
646,498,1728,1996-08
647,56,1440,1996-08
648,235,1440,1996-08
649,498,1440,1996-08
650,584,1440,1996-08
651,592,1440,1996-08
652,46,1288,1996-08
653,498,1288,1996-08
654,584,1288,1996-08
655,592,1288,1996-08
656,46,1294,1996-08
657,56,1294,1996-08
658,235,1294,1996-08
659,273,1294,1996-08
660,592,1294,1996-08
661,56,1441,1996-08
662,235,1441,1996-08
663,592,1441,1996-08
664,235,613,1996-08
665,498,613,1996-08
666,584,613,1996-08
667,592,613,1996-08
668,498,1382,1996-08
669,584,1382,1996-08
670,592,1382,1996-08
671,8,1713,1996-08
672,235,1713,1996-08
673,46,1270,1996-08
674,273,1270,1996-08
675,498,1270,1996-08
676,592,1270,1996-08
677,192,445,1996-08
678,349,445,1996-08
679,485,445,1996-08
680,498,445,1996-08
681,541,445,1996-08
682,584,445,1996-08
683,349,947,1996-08
684,485,947,1996-08
685,192,447,1996-08
686,485,447,1996-08
687,498,447,1996-08
688,584,447,1996-08
689,485,1334,1996-08
690,498,1334,1996-08
691,541,1334,1996-08
692,584,1334,1996-08
693,498,1379,1996-08
694,541,1379,1996-08
695,584,1379,1996-08
696,485,1335,1996-08
697,498,1335,1996-08
698,584,1335,1996-08
699,8,1711,1996-08
700,176,1711,1996-08
701,46,1261,1996-08
702,176,1261,1996-08
703,584,1261,1996-08
704,592,1261,1996-08
705,46,1258,1996-08
706,176,1258,1996-08
707,485,1258,1996-08
708,592,1258,1996-08
709,46,1262,1996-08
710,176,1262,1996-08
711,592,1262,1996-08
712,192,449,1996-08
713,485,449,1996-08
714,584,449,1996-08
715,592,449,1996-08
716,485,1341,1996-08
717,592,1341,1996-08
718,176,355,1996-08
719,584,355,1996-08
720,592,355,1996-08
721,8,1725,1996-08
722,46,1725,1996-08
723,584,1725,1996-08
724,592,1725,1996-08
725,56,1438,1996-08
726,192,1438,1996-08
727,411,1438,1996-08
728,486,1438,1996-08
729,541,1438,1996-08
730,584,1438,1996-08
731,592,1438,1996-08
732,486,1352,1996-08
733,541,1352,1996-08
734,584,1352,1996-08
735,592,1352,1996-08
736,56,1442,1996-08
737,411,1442,1996-08
738,592,1442,1996-08
739,486,1353,1996-08
740,541,1353,1996-08
741,592,1353,1996-08
742,192,446,1996-08
743,411,446,1996-08
744,486,446,1996-08
745,584,446,1996-08
746,592,446,1996-08
747,486,1355,1996-08
748,584,1355,1996-08
749,592,1355,1996-08
750,486,1351,1996-08
751,541,1351,1996-08
752,584,1351,1996-08
753,56,1447,1996-08
754,584,1447,1996-08
755,592,1447,1996-08
756,56,1448,1996-08
757,592,1448,1996-08
758,56,1446,1996-08
759,584,1446,1996-08
760,192,450,1996-08
761,541,450,1996-08
762,584,450,1996-08
763,192,452,1996-08
764,584,452,1996-08
765,592,452,1996-08
766,8,1726,1996-08
767,476,1726,1996-08
768,411,1126,1996-08
769,476,1126,1996-08
770,485,1126,1996-08
771,541,1126,1996-08
772,584,1126,1996-08
773,46,1293,1996-08
774,541,1293,1996-08
775,584,1293,1996-08
776,46,1274,1996-08
777,411,1274,1996-08
778,485,1274,1996-08
779,46,1280,1996-08
780,476,1280,1996-08
781,541,1280,1996-08
782,411,1128,1996-08
783,485,1128,1996-08
784,584,1128,1996-08
785,411,1127,1996-08
786,485,1127,1996-08
787,8,1720,1996-08
788,411,1720,1996-08
789,8,1723,1996-08
790,46,1723,1996-08
791,541,1723,1996-08
792,46,1292,1996-08
793,541,1292,1996-08
794,485,1339,1996-08
795,541,1339,1996-08
796,584,1339,1996-08
797,8,1722,1996-08
798,46,1722,1996-08
799,485,1722,1996-08
800,584,1722,1996-08
801,8,1724,1996-08
802,46,1724,1996-08
803,584,1724,1996-08
804,8,1721,1996-08
805,46,1721,1996-08
806,8,1710,1996-08
807,170,1710,1996-08
808,179,1710,1996-08
809,229,1710,1996-08
810,179,375,1996-08
811,229,375,1996-08
812,109,105,1996-08
813,162,105,1996-08
814,235,105,1996-08
815,411,105,1996-08
816,498,105,1996-08
817,109,106,1996-08
818,162,106,1996-08
819,498,106,1996-08
820,109,117,1996-08
821,498,117,1996-08
822,235,609,1996-08
823,411,609,1996-08
824,498,609,1996-08
825,162,300,1996-08
826,235,300,1996-08
827,411,300,1996-08
828,235,606,1996-08
829,411,606,1996-08
830,235,612,1996-08
831,498,612,1996-08
832,179,376,1996-08
833,235,376,1996-08
834,349,376,1996-08
835,584,376,1996-08
836,235,605,1996-08
837,349,605,1996-08
838,179,377,1996-08
839,243,377,1996-08
840,584,377,1996-08
841,349,948,1996-08
842,584,948,1996-08
843,179,379,1996-08
844,349,379,1996-08
845,507,379,1996-08
846,179,378,1996-08
847,349,378,1996-08
848,235,603,1996-08
849,243,603,1996-08
850,235,610,1996-08
851,476,610,1996-08
852,584,610,1996-08
853,592,610,1996-08
854,273,742,1996-08
855,476,742,1996-08
856,584,742,1996-08
857,592,742,1996-08
858,476,1324,1996-08
859,584,1324,1996-08
860,592,1324,1996-08
861,46,1269,1996-08
862,273,1269,1996-08
863,476,1269,1996-08
864,592,1269,1996-08
865,46,1282,1996-08
866,476,1282,1996-08
867,592,1282,1996-08
868,273,743,1996-08
869,476,743,1996-08
870,592,743,1996-08
871,476,1325,1996-08
872,592,1325,1996-08
873,46,1265,1996-08
874,235,1265,1996-08
875,273,1265,1996-08
876,584,1265,1996-08
877,592,1265,1996-08
878,46,1266,1996-08
879,235,1266,1996-08
880,273,1266,1996-08
881,592,1266,1996-08
882,235,615,1996-08
883,584,615,1996-08
884,592,615,1996-08
885,273,746,1996-08
886,584,746,1996-08
887,592,746,1996-08
888,46,1272,1996-08
889,273,1272,1996-08
890,592,1272,1996-08
891,273,748,1996-08
892,592,748,1996-08
893,46,1297,1996-08
894,584,1297,1996-08
895,592,1297,1996-08
896,46,1281,1996-08
897,476,1281,1996-08
898,584,1281,1996-08
899,46,1278,1996-08
900,476,1278,1996-08
901,235,614,1996-08
902,584,614,1996-08
903,411,1131,1996-08
904,486,1131,1996-08
905,498,1131,1996-08
906,541,1131,1996-08
907,411,1130,1996-08
908,486,1130,1996-08
909,498,1130,1996-08
910,243,654,1996-08
911,486,654,1996-08
912,498,654,1996-08
913,541,654,1996-08
914,486,1345,1996-08
915,498,1345,1996-08
916,541,1345,1996-08
917,486,1342,1996-08
918,498,1342,1996-08
919,498,1378,1996-08
920,541,1378,1996-08
921,411,1132,1996-08
922,486,1132,1996-08
923,541,1132,1996-08
924,411,1129,1996-08
925,486,1129,1996-08
926,486,1350,1996-08
927,541,1350,1996-08
928,243,651,1996-08
929,411,651,1996-08
930,498,651,1996-08
931,411,1133,1996-08
932,498,1133,1996-08
933,243,656,1996-08
934,498,656,1996-08
935,46,1264,1996-08
936,229,1264,1996-08
937,584,1264,1996-08
938,46,1268,1996-08
939,273,1268,1996-08
940,411,1268,1996-08
941,46,1263,1996-08
942,229,1263,1996-08
943,229,583,1996-08
944,411,583,1996-08
945,584,583,1996-08
946,229,582,1996-08
947,411,582,1996-08
948,229,578,1996-08
949,273,578,1996-08
950,584,578,1996-08
951,229,592,1996-08
952,584,592,1996-08
953,46,1275,1996-08
954,411,1275,1996-08
955,584,1275,1996-08
956,46,1273,1996-08
957,411,1273,1996-08
958,46,1271,1996-08
959,273,1271,1996-08
960,584,1271,1996-08
961,273,745,1996-08
962,584,745,1996-08
963,46,1267,1996-08
964,273,1267,1996-08
965,485,1337,1996-08
966,512,1337,1996-08
967,584,1337,1996-08
968,485,1338,1996-08
969,512,1338,1996-08
970,602,1338,1996-08
971,485,1336,1996-08
972,512,1336,1996-08
973,512,1402,1996-08
974,584,1402,1996-08
975,602,1402,1996-08
976,512,1401,1996-08
977,584,1401,1996-08
978,512,1405,1996-08
979,602,1405,1996-08
980,243,652,1996-08
981,485,652,1996-08
982,584,652,1996-08
983,176,337,1996-08
984,192,337,1996-08
985,584,337,1996-08
986,176,354,1996-08
987,584,354,1996-08
988,242,645,1996-08
989,273,645,1996-08
990,512,645,1996-08
991,242,646,1996-08
992,486,646,1996-08
993,512,646,1996-08
994,486,1349,1996-08
995,512,1349,1996-08
996,8,1712,1996-08
997,192,1712,1996-08
998,485,1712,1996-08
999,584,1712,1996-08
1000,192,448,1996-08
1001,485,448,1996-08
1002,584,448,1996-08
1003,8,1727,1996-08
1004,485,1727,1996-08
1005,584,1727,1996-08
1006,8,1730,1996-08
1007,584,1730,1996-08
1008,192,451,1996-08
1009,584,451,1996-08
1010,102,55,1996-08
1011,588,55,1996-08
1012,38,1015,1996-08
1013,588,1015,1996-08
1014,273,747,1996-08
1015,588,747,1996-08
1016,14,236,1996-08
1017,46,236,1996-08
1018,447,236,1996-08
1019,486,236,1996-08
1020,46,1285,1996-08
1021,486,1285,1996-08
1022,46,1276,1996-08
1023,447,1276,1996-08
1024,447,1211,1996-08
1025,486,1211,1996-08
1026,584,1211,1996-08
1027,602,1211,1996-08
1028,447,1212,1996-08
1029,486,1212,1996-08
1030,602,1212,1996-08
1031,486,1356,1996-08
1032,584,1356,1996-08
1033,602,1356,1996-08
1034,486,1359,1996-08
1035,602,1359,1996-08
1036,584,1508,1996-08
1037,602,1508,1996-08
1038,162,304,1996-08
1039,411,304,1996-08
1040,541,304,1996-08
1041,584,304,1996-08
1042,411,1136,1996-08
1043,541,1136,1996-08
1044,584,1136,1996-08
1045,162,303,1996-08
1046,411,303,1996-08
1047,411,1135,1996-08
1048,541,1135,1996-08
1049,411,1137,1996-08
1050,584,1137,1996-08
1051,109,114,1996-08
1052,411,114,1996-08
1053,592,114,1996-08
1054,109,108,1996-08
1055,176,108,1996-08
1056,592,108,1996-08
1057,109,107,1996-08
1058,176,107,1996-08
1059,109,119,1996-08
1060,592,119,1996-08
1061,176,346,1996-08
1062,411,346,1996-08
1063,592,346,1996-08
1064,411,1138,1996-08
1065,592,1138,1996-08
1066,109,113,1996-08
1067,411,113,1996-08
1068,109,103,1996-08
1069,162,103,1996-08
1070,498,1380,1996-08
1071,574,1380,1996-08
1072,56,1443,1996-08
1073,498,1443,1996-08
1074,38,1007,1996-08
1075,385,1007,1996-08
1076,385,1030,1996-08
1077,411,1030,1996-08
1078,38,1008,1996-08
1079,411,1008,1996-08
1080,8,1729,1996-08
1081,512,1729,1996-08
1082,242,647,1996-08
1083,512,647,1996-08
1084,162,307,1996-08
1085,476,307,1996-08
1086,584,307,1996-08
1087,162,306,1996-08
1088,476,306,1996-08
1089,476,1323,1996-08
1090,584,1323,1996-08
1091,162,308,1996-08
1092,584,308,1996-08
1093,109,115,1996-08
1094,447,115,1996-08
1095,512,115,1996-08
1096,109,118,1996-08
1097,512,118,1996-08
1098,46,1284,1996-08
1099,485,1284,1996-08
1100,584,1284,1996-08
1101,46,1283,1996-08
1102,485,1283,1996-08
1103,485,1340,1996-08
1104,584,1340,1996-08
1105,235,602,1996-08
1106,242,602,1996-08
1107,602,602,1996-08
1108,235,617,1996-08
1109,602,617,1996-08
1110,242,650,1996-08
1111,602,650,1996-08
1112,176,344,1996-08
1113,273,344,1996-08
1114,486,344,1996-08
1115,273,744,1996-08
1116,486,744,1996-08
1117,385,1032,1996-08
1118,602,1032,1996-08
1119,46,1290,1996-08
1120,498,1290,1996-08
1121,592,1290,1996-08
1122,498,1384,1996-08
1123,592,1384,1996-08
1124,46,1300,1996-08
1125,592,1300,1996-08
1126,8,1715,1996-08
1127,38,1715,1996-08
1128,8,1714,1996-08
1129,273,1714,1996-08
1130,447,1214,1996-08
1131,541,1214,1996-08
1132,447,1208,1996-08
1133,476,1208,1996-08
1134,476,1322,1996-08
1135,541,1322,1996-08
1136,46,1287,1996-08
1137,498,1287,1996-08
1138,584,1287,1996-08
1139,498,1381,1996-08
1140,584,1381,1996-08
1141,46,1296,1996-08
1142,584,1296,1996-08
1143,46,1286,1996-08
1144,498,1286,1996-08
1145,273,740,1996-08
1146,314,740,1996-08
1147,38,1005,1996-08
1148,273,1005,1996-08
1149,541,1427,1996-08
1150,584,1427,1996-08
1151,592,1427,1996-08
1152,541,1428,1996-08
1153,592,1428,1996-08
1154,541,1426,1996-08
1155,584,1426,1996-08
1156,447,1207,1996-08
1157,455,1207,1996-08
1158,455,1247,1996-08
1159,584,1247,1996-08
1160,447,1215,1996-08
1161,584,1215,1996-08
1162,162,309,1996-08
1163,602,309,1996-08
1164,176,349,1996-08
1165,486,349,1996-08
1166,592,349,1996-08
1167,176,357,1996-08
1168,592,357,1996-08
1169,176,348,1996-08
1170,486,348,1996-08
1171,243,655,1996-08
1172,486,655,1996-08
1173,584,655,1996-08
1174,486,1354,1996-08
1175,584,1354,1996-08
1176,235,611,1996-08
1177,486,611,1996-08
1178,592,611,1996-08
1179,235,616,1996-08
1180,592,616,1996-08
1181,486,1358,1996-08
1182,592,1358,1996-08
1183,486,1357,1996-08
1184,588,1357,1996-08
1185,38,1006,1996-08
1186,314,1006,1996-08
1187,14,238,1996-08
1188,602,238,1996-08
1189,273,741,1996-08
1190,385,741,1996-08
1191,109,112,1996-08
1192,235,112,1996-08
1193,243,653,1996-08
1194,486,653,1996-08
1195,38,1012,1996-08
1196,512,1012,1996-08
1197,179,389,1996-08
1198,584,389,1996-08
1199,235,604,1996-08
1200,273,604,1996-08
1201,14,237,1996-08
1202,584,237,1996-08
1203,447,1210,1996-08
1204,486,1210,1996-08
1205,56,1445,1996-08
1206,574,1445,1996-08
1207,243,657,1996-08
1208,584,657,1996-08
1209,176,343,1996-08
1210,273,343,1996-08
1211,584,1507,1996-08
1212,592,1507,1996-08
1213,162,302,1996-08
1214,262,302,1996-08
1215,6,1528,1996-11
1216,240,1528,1996-11
1217,379,1528,1996-11
1218,458,1528,1996-11
1219,470,1528,1996-11
1220,566,1528,1996-11
1221,6,1567,1996-11
1222,58,1567,1996-11
1223,94,1567,1996-11
1224,117,1567,1996-11
1225,340,1567,1996-11
1226,566,1567,1996-11
1227,6,1555,1996-11
1228,566,1555,1996-11
1229,6,1564,1996-11
1230,58,1564,1996-11
1231,340,1564,1996-11
1232,379,1564,1996-11
1233,458,1564,1996-11
1234,6,1546,1996-11
1235,43,1546,1996-11
1236,379,1546,1996-11
1237,458,1546,1996-11
1238,530,1546,1996-11
1239,6,1539,1996-11
1240,379,1539,1996-11
1241,458,1539,1996-11
1242,6,1558,1996-11
1243,58,1558,1996-11
1244,126,1558,1996-11
1245,340,1558,1996-11
1246,58,1483,1996-11
1247,117,1483,1996-11
1248,470,1483,1996-11
1249,566,1483,1996-11
1250,173,323,1996-11
1251,470,323,1996-11
1252,566,323,1996-11
1253,470,1309,1996-11
1254,566,1309,1996-11
1255,58,1482,1996-11
1256,117,1482,1996-11
1257,373,1482,1996-11
1258,566,1482,1996-11
1259,58,1484,1996-11
1260,117,1484,1996-11
1261,566,1484,1996-11
1262,58,1496,1996-11
1263,374,1496,1996-11
1264,5,1392,1996-11
1265,58,1392,1996-11
1266,373,1392,1996-11
1267,565,1392,1996-11
1268,6,1535,1996-11
1269,340,1535,1996-11
1270,458,1535,1996-11
1271,470,1535,1996-11
1272,6,1536,1996-11
1273,340,1536,1996-11
1274,559,1536,1996-11
1275,6,1524,1996-11
1276,174,1524,1996-11
1277,340,1524,1996-11
1278,458,1524,1996-11
1279,6,1534,1996-11
1280,340,1534,1996-11
1281,458,1534,1996-11
1282,6,1544,1996-11
1283,43,1544,1996-11
1284,181,1544,1996-11
1285,458,1544,1996-11
1286,470,1544,1996-11
1287,530,1544,1996-11
1288,6,1543,1996-11
1289,43,1543,1996-11
1290,174,1543,1996-11
1291,458,1543,1996-11
1292,530,1543,1996-11
1293,6,1548,1996-11
1294,43,1548,1996-11
1295,458,1548,1996-11
1296,530,1548,1996-11
1297,6,1522,1996-11
1298,174,1522,1996-11
1299,181,1522,1996-11
1300,458,1522,1996-11
1301,470,1522,1996-11
1302,6,1526,1996-11
1303,181,1526,1996-11
1304,458,1526,1996-11
1305,470,1526,1996-11
1306,6,1552,1996-11
1307,458,1552,1996-11
1308,470,1552,1996-11
1309,6,1525,1996-11
1310,174,1525,1996-11
1311,458,1525,1996-11
1312,43,1173,1996-11
1313,181,1173,1996-11
1314,240,1173,1996-11
1315,379,1173,1996-11
1316,240,637,1996-11
1317,379,637,1996-11
1318,181,414,1996-11
1319,559,414,1996-11
1320,43,1172,1996-11
1321,181,1172,1996-11
1322,43,1170,1996-11
1323,174,1170,1996-11
1324,340,1170,1996-11
1325,379,1170,1996-11
1326,458,1170,1996-11
1327,340,935,1996-11
1328,379,935,1996-11
1329,458,935,1996-11
1330,43,1181,1996-11
1331,379,1181,1996-11
1332,458,1181,1996-11
1333,379,1001,1996-11
1334,458,1001,1996-11
1335,174,330,1996-11
1336,340,330,1996-11
1337,458,330,1996-11
1338,340,936,1996-11
1339,458,936,1996-11
1340,43,1171,1996-11
1341,174,1171,1996-11
1342,458,1171,1996-11
1343,43,1180,1996-11
1344,379,1180,1996-11
1345,6,1562,1996-11
1346,58,1562,1996-11
1347,240,1562,1996-11
1348,458,1562,1996-11
1349,6,1529,1996-11
1350,240,1529,1996-11
1351,458,1529,1996-11
1352,6,1559,1996-11
1353,58,1559,1996-11
1354,126,1559,1996-11
1355,458,1559,1996-11
1356,6,1557,1996-11
1357,58,1557,1996-11
1358,126,1557,1996-11
1359,58,1501,1996-11
1360,569,1501,1996-11
1361,181,413,1996-11
1362,458,413,1996-11
1363,530,413,1996-11
1364,566,413,1996-11
1365,458,1251,1996-11
1366,566,1251,1996-11
1367,126,216,1996-11
1368,566,216,1996-11
1369,126,213,1996-11
1370,174,213,1996-11
1371,458,213,1996-11
1372,530,213,1996-11
1373,174,326,1996-11
1374,181,326,1996-11
1375,458,326,1996-11
1376,530,326,1996-11
1377,181,412,1996-11
1378,458,412,1996-11
1379,530,412,1996-11
1380,174,332,1996-11
1381,458,332,1996-11
1382,530,332,1996-11
1383,458,1250,1996-11
1384,530,1250,1996-11
1385,174,325,1996-11
1386,181,325,1996-11
1387,458,325,1996-11
1388,181,411,1996-11
1389,458,411,1996-11
1390,6,1533,1996-11
1391,340,1533,1996-11
1392,379,1533,1996-11
1393,530,1533,1996-11
1394,6,1532,1996-11
1395,340,1532,1996-11
1396,379,1532,1996-11
1397,6,1540,1996-11
1398,379,1540,1996-11
1399,530,1540,1996-11
1400,6,1538,1996-11
1401,379,1538,1996-11
1402,5,1389,1996-11
1403,565,1389,1996-11
1404,6,1554,1996-11
1405,530,1554,1996-11
1406,340,934,1996-11
1407,379,934,1996-11
1408,6,1561,1996-11
1409,58,1561,1996-11
1410,240,1561,1996-11
1411,340,1561,1996-11
1412,6,1563,1996-11
1413,58,1563,1996-11
1414,340,1563,1996-11
1415,6,1531,1996-11
1416,340,1531,1996-11
1417,6,1519,1996-11
1418,126,1519,1996-11
1419,373,1519,1996-11
1420,6,1542,1996-11
1421,43,1542,1996-11
1422,126,1542,1996-11
1423,458,1542,1996-11
1424,6,1520,1996-11
1425,126,1520,1996-11
1426,458,1520,1996-11
1427,6,1518,1996-11
1428,126,1518,1996-11
1429,126,215,1996-11
1430,458,215,1996-11
1431,6,1550,1996-11
1432,43,1550,1996-11
1433,58,1550,1996-11
1434,458,1550,1996-11
1435,6,1566,1996-11
1436,58,1566,1996-11
1437,458,1566,1996-11
1438,6,1547,1996-11
1439,43,1547,1996-11
1440,458,1547,1996-11
1441,58,1502,1996-11
1442,94,1502,1996-11
1443,58,1494,1996-11
1444,373,1494,1996-11
1445,565,1494,1996-11
1446,566,1494,1996-11
1447,58,1495,1996-11
1448,373,1495,1996-11
1449,566,1495,1996-11
1450,58,1500,1996-11
1451,566,1500,1996-11
1452,58,1493,1996-11
1453,373,1493,1996-11
1454,565,1493,1996-11
1455,58,1499,1996-11
1456,565,1499,1996-11
1457,43,1176,1996-11
1458,321,1176,1996-11
1459,458,1176,1996-11
1460,458,1252,1996-11
1461,569,1252,1996-11
1462,37,988,1996-11
1463,569,988,1996-11
1464,37,987,1996-11
1465,43,987,1996-11
1466,240,641,1996-11
1467,569,641,1996-11
1468,240,640,1996-11
1469,566,640,1996-11
1470,43,1175,1996-11
1471,240,1175,1996-11
1472,458,1175,1996-11
1473,470,1175,1996-11
1474,240,639,1996-11
1475,458,639,1996-11
1476,470,639,1996-11
1477,43,1184,1996-11
1478,458,1184,1996-11
1479,470,1184,1996-11
1480,458,1249,1996-11
1481,470,1249,1996-11
1482,43,1183,1996-11
1483,458,1183,1996-11
1484,6,1565,1996-11
1485,58,1565,1996-11
1486,373,1565,1996-11
1487,374,994,1996-11
1488,470,994,1996-11
1489,321,871,1996-11
1490,470,871,1996-11
1491,58,1492,1996-11
1492,373,1492,1996-11
1493,559,1492,1996-11
1494,446,1205,1996-11
1495,470,1205,1996-11
1496,43,1182,1996-11
1497,446,1182,1996-11
1498,43,1185,1996-11
1499,470,1185,1996-11
1500,117,158,1996-11
1501,373,158,1996-11
1502,446,158,1996-11
1503,117,157,1996-11
1504,373,157,1996-11
1505,37,986,1996-11
1506,373,986,1996-11
1507,5,1388,1996-11
1508,43,1388,1996-11
1509,58,1388,1996-11
1510,5,1391,1996-11
1511,58,1391,1996-11
1512,373,1391,1996-11
1513,6,1530,1996-11
1514,240,1530,1996-11
1515,501,1530,1996-11
1516,240,635,1996-11
1517,340,635,1996-11
1518,374,635,1996-11
1519,240,634,1996-11
1520,340,634,1996-11
1521,240,636,1996-11
1522,347,636,1996-11
1523,6,1553,1996-11
1524,501,1553,1996-11
1525,5,1394,1996-11
1526,6,1394,1996-11
1527,43,1394,1996-11
1528,5,1393,1996-11
1529,6,1393,1996-11
1530,6,1517,1996-11
1531,121,1517,1996-11
1532,373,1517,1996-11
1533,6,1537,1996-11
1534,373,1537,1996-11
1535,174,327,1996-11
1536,181,327,1996-11
1537,566,327,1996-11
1538,181,415,1996-11
1539,566,415,1996-11
1540,174,324,1996-11
1541,181,324,1996-11
1542,174,333,1996-11
1543,566,333,1996-11
1544,58,1486,1996-11
1545,126,1486,1996-11
1546,373,1486,1996-11
1547,58,1485,1996-11
1548,126,1485,1996-11
1549,126,214,1996-11
1550,373,214,1996-11
1551,373,992,1996-11
1552,559,992,1996-11
1553,566,992,1996-11
1554,373,993,1996-11
1555,566,993,1996-11
1556,373,991,1996-11
1557,559,991,1996-11
1558,43,1188,1996-11
1559,569,1188,1996-11
1560,6,1560,1996-11
1561,58,1560,1996-11
1562,240,1560,1996-11
1563,37,985,1996-11
1564,240,985,1996-11
1565,37,984,1996-11
1566,174,984,1996-11
1567,6,1545,1996-11
1568,43,1545,1996-11
1569,240,1545,1996-11
1570,58,1491,1996-11
1571,373,1491,1996-11
1572,446,1491,1996-11
1573,373,990,1996-11
1574,446,990,1996-11
1575,58,1488,1996-11
1576,174,1488,1996-11
1577,458,1488,1996-11
1578,6,1523,1996-11
1579,174,1523,1996-11
1580,240,1523,1996-11
1581,6,1521,1996-11
1582,174,1521,1996-11
1583,174,328,1996-11
1584,240,328,1996-11
1585,6,1549,1996-11
1586,43,1549,1996-11
1587,58,1549,1996-11
1588,6,1556,1996-11
1589,58,1556,1996-11
1590,43,1169,1996-11
1591,174,1169,1996-11
1592,340,1169,1996-11
1593,174,329,1996-11
1594,340,329,1996-11
1595,43,1177,1996-11
1596,340,1177,1996-11
1597,5,1387,1996-11
1598,43,1387,1996-11
1599,373,1387,1996-11
1600,43,1178,1996-11
1601,373,1178,1996-11
1602,5,1385,1996-11
1603,373,1385,1996-11
1604,5,1386,1996-11
1605,43,1386,1996-11
1606,43,1190,1996-11
1607,58,1190,1996-11
1608,174,1190,1996-11
1609,58,1487,1996-11
1610,174,1487,1996-11
1611,43,1191,1996-11
1612,58,1191,1996-11
1613,240,1191,1996-11
1614,446,1206,1996-11
1615,566,1206,1996-11
1616,58,1489,1996-11
1617,240,1489,1996-11
1618,5,1390,1996-11
1619,58,1390,1996-11
1620,240,638,1996-11
1621,458,638,1996-11
1622,174,331,1996-11
1623,458,331,1996-11
1624,37,989,1996-11
1625,58,989,1996-11
1626,43,1187,1996-11
1627,566,1187,1996-11
1628,240,633,1996-11
1629,321,633,1996-11
1630,6,1551,1996-11
1631,458,1551,1996-11
1632,43,1167,1996-11
1633,126,1167,1996-11
1634,43,1179,1996-11
1635,374,1179,1996-11
1636,6,1527,1996-11
1637,240,1527,1996-11
1638,58,1497,1996-11
1639,458,1497,1996-11
1640,43,1168,1996-11
1641,174,1168,1996-11
1642,58,1498,1996-11
1643,559,1498,1996-11
1644,58,1490,1996-11
1645,373,1490,1996-11
1646,43,1189,1996-11
1647,58,1189,1996-11
1648,43,1186,1996-11
1649,559,1186,1996-11
1650,6,1541,1996-11
1651,43,1541,1996-11
1652,43,1174,1996-11
1653,240,1174,1996-11
1654,206,508,1997-02
1655,269,508,1997-02
1656,451,508,1997-02
1657,90,1747,1997-02
1658,206,1747,1997-02
1659,302,1747,1997-02
1660,451,1747,1997-02
1661,521,1747,1997-02
1662,90,1746,1997-02
1663,206,1746,1997-02
1664,302,1746,1997-02
1665,451,1746,1997-02
1666,206,510,1997-02
1667,451,510,1997-02
1668,32,867,1997-02
1669,529,867,1997-02
1670,32,869,1997-02
1671,90,869,1997-02
1672,206,869,1997-02
1673,302,869,1997-02
1674,32,870,1997-02
1675,90,870,1997-02
1676,302,870,1997-02
1677,90,1745,1997-02
1678,206,1745,1997-02
1679,302,1745,1997-02
1680,90,1748,1997-02
1681,302,1748,1997-02
1682,302,823,1997-02
1683,589,823,1997-02
1684,451,1241,1997-02
1685,589,1241,1997-02
1686,32,865,1997-02
1687,451,865,1997-02
1688,32,864,1997-02
1689,402,864,1997-02
1690,589,864,1997-02
1691,206,511,1997-02
1692,589,511,1997-02
1693,402,1101,1997-02
1694,524,1101,1997-02
1695,31,844,1997-02
1696,456,844,1997-02
1697,456,1248,1997-02
1698,529,1248,1997-02
1699,179,388,1997-02
1700,544,388,1997-02
1701,589,388,1997-02
1702,32,863,1997-02
1703,402,863,1997-02
1704,31,843,1997-02
1705,402,843,1997-02
1706,32,862,1997-02
1707,302,862,1997-02
1708,524,862,1997-02
1709,32,861,1997-02
1710,302,861,1997-02
1711,32,866,1997-02
1712,524,866,1997-02
1713,302,822,1997-02
1714,524,822,1997-02
1715,32,868,1997-02
1716,589,868,1997-02
1717,402,1102,1997-02
1718,589,1102,1997-02
1719,206,509,1997-02
1720,270,509,1997-02
1721,31,845,1997-02
1722,524,845,1997-02
1723,31,842,1997-02
1724,32,842,1997-02
1725,276,761,1997-05
1726,337,761,1997-05
1727,389,761,1997-05
1728,559,761,1997-05
1729,337,915,1997-05
1730,389,915,1997-05
1731,437,915,1997-05
1732,559,915,1997-05
1733,337,917,1997-05
1734,389,917,1997-05
1735,559,917,1997-05
1736,71,1657,1997-05
1737,337,1657,1997-05
1738,389,1657,1997-05
1739,337,914,1997-05
1740,389,914,1997-05
1741,437,914,1997-05
1742,120,167,1997-05
1743,276,167,1997-05
1744,337,167,1997-05
1745,437,167,1997-05
1746,71,1659,1997-05
1747,389,1659,1997-05
1748,559,1659,1997-05
1749,389,1034,1997-05
1750,559,1034,1997-05
1751,71,1658,1997-05
1752,389,1658,1997-05
1753,337,918,1997-05
1754,437,918,1997-05
1755,120,168,1997-05
1756,437,168,1997-05
1757,337,916,1997-05
1758,389,916,1997-05
1759,492,916,1997-05
1760,276,762,1997-05
1761,389,762,1997-05
1762,84,1736,1997-05
1763,276,1736,1997-05
1764,337,913,1997-05
1765,389,913,1997-05
1766,276,760,1997-05
1767,337,760,1997-05
1768,337,919,1997-05
1769,492,919,1997-05
1770,71,1656,1997-05
1771,337,1656,1997-05
1772,389,1033,1997-05
1773,492,1033,1997-05
1774,276,763,1997-05
1775,492,763,1997-05
1776,385,1031,1997-05
1777,437,1031,1997-05
1778,84,1737,1997-05
1779,437,1737,1997-05
1780,171,322,1997-08
1781,364,322,1997-08
1782,85,1738,1998-05
1783,304,1738,1998-05
1784,11,121,1998-08
1785,283,121,1998-08
1786,11,120,1998-08
1787,128,120,1998-08
1788,199,477,1999-11
1789,412,477,1999-11
1790,597,477,1999-11
1791,33,892,1999-11
1792,199,892,1999-11
1793,263,892,1999-11
1794,33,905,1999-11
1795,93,905,1999-11
1796,140,905,1999-11
1797,199,473,1999-11
1798,201,473,1999-11
1799,597,473,1999-11
1800,33,906,1999-11
1801,93,906,1999-11
1802,199,906,1999-11
1803,33,908,1999-11
1804,93,908,1999-11
1805,201,908,1999-11
1806,597,908,1999-11
1807,33,907,1999-11
1808,93,907,1999-11
1809,201,907,1999-11
1810,201,490,1999-11
1811,268,490,1999-11
1812,412,490,1999-11
1813,597,490,1999-11
1814,236,619,1999-11
1815,412,619,1999-11
1816,597,619,1999-11
1817,412,1139,1999-11
1818,595,1139,1999-11
1819,597,1139,1999-11
1820,33,898,1999-11
1821,263,898,1999-11
1822,597,898,1999-11
1823,33,909,1999-11
1824,93,909,1999-11
1825,263,909,1999-11
1826,33,897,1999-11
1827,263,897,1999-11
1828,201,496,1999-11
1829,535,496,1999-11
1830,597,496,1999-11
1831,201,493,1999-11
1832,383,493,1999-11
1833,597,493,1999-11
1834,33,910,1999-11
1835,93,910,1999-11
1836,597,910,1999-11
1837,33,904,1999-11
1838,93,904,1999-11
1839,33,890,1999-11
1840,156,890,1999-11
1841,156,279,1999-11
1842,412,279,1999-11
1843,597,279,1999-11
1844,33,893,1999-11
1845,199,893,1999-11
1846,597,893,1999-11
1847,33,891,1999-11
1848,199,891,1999-11
1849,93,1761,1999-11
1850,201,1761,1999-11
1851,597,1761,1999-11
1852,156,275,1999-11
1853,199,275,1999-11
1854,412,275,1999-11
1855,199,476,1999-11
1856,412,476,1999-11
1857,201,491,1999-11
1858,268,491,1999-11
1859,597,491,1999-11
1860,199,475,1999-11
1861,268,475,1999-11
1862,597,475,1999-11
1863,33,895,1999-11
1864,201,895,1999-11
1865,597,895,1999-11
1866,268,726,1999-11
1867,412,726,1999-11
1868,597,726,1999-11
1869,268,725,1999-11
1870,412,725,1999-11
1871,140,240,1999-11
1872,412,240,1999-11
1873,597,240,1999-11
1874,201,495,1999-11
1875,412,495,1999-11
1876,597,495,1999-11
1877,201,494,1999-11
1878,412,494,1999-11
1879,199,474,1999-11
1880,236,474,1999-11
1881,597,474,1999-11
1882,268,728,1999-11
1883,547,728,1999-11
1884,597,728,1999-11
1885,33,900,1999-11
1886,268,900,1999-11
1887,597,900,1999-11
1888,268,729,1999-11
1889,595,729,1999-11
1890,597,729,1999-11
1891,595,1516,1999-11
1892,597,1516,1999-11
1893,156,276,1999-11
1894,199,276,1999-11
1895,597,276,1999-11
1896,156,284,1999-11
1897,597,284,1999-11
1898,33,896,1999-11
1899,208,896,1999-11
1900,33,899,1999-11
1901,268,899,1999-11
1902,201,489,1999-11
1903,236,489,1999-11
1904,597,489,1999-11
1905,263,716,1999-11
1906,412,716,1999-11
1907,199,472,1999-11
1908,201,472,1999-11
1909,33,902,1999-11
1910,595,902,1999-11
1911,199,478,1999-11
1912,547,478,1999-11
1913,93,1759,1999-11
1914,140,1759,1999-11
1915,156,274,1999-11
1916,199,274,1999-11
1917,156,278,1999-11
1918,412,278,1999-11
1919,263,717,1999-11
1920,597,717,1999-11
1921,383,1029,1999-11
1922,597,1029,1999-11
1923,315,851,1999-11
1924,597,851,1999-11
1925,140,239,1999-11
1926,199,239,1999-11
1927,199,479,1999-11
1928,597,479,1999-11
1929,268,727,1999-11
1930,547,727,1999-11
1931,268,730,1999-11
1932,597,730,1999-11
1933,140,241,1999-11
1934,597,241,1999-11
1935,412,1140,1999-11
1936,597,1140,1999-11
1937,33,901,1999-11
1938,412,901,1999-11
1939,33,903,1999-11
1940,597,903,1999-11
1941,93,1760,1999-11
1942,201,1760,1999-11
1943,156,277,1999-11
1944,268,277,1999-11
1945,156,281,1999-11
1946,547,281,1999-11
1947,201,492,1999-11
1948,383,492,1999-11
1949,33,894,1999-11
1950,201,894,1999-11
1951,236,620,1999-11
1952,597,620,1999-11
1953,535,1425,1999-11
1954,597,1425,1999-11
1955,236,618,1999-11
1956,412,618,1999-11
1957,93,1762,1999-11
1958,597,1762,1999-11
1959,156,282,2000-02
1960,554,282,2000-02
1961,572,282,2000-02
1962,577,282,2000-02
1963,45,1234,2000-02
1964,554,1234,2000-02
1965,572,1234,2000-02
1966,577,1234,2000-02
1967,45,1219,2000-02
1968,115,1219,2000-02
1969,554,1219,2000-02
1970,572,1219,2000-02
1971,45,1236,2000-02
1972,572,1236,2000-02
1973,577,1236,2000-02
1974,4,1078,2000-02
1975,554,1078,2000-02
1976,572,1078,2000-02
1977,577,1078,2000-02
1978,45,1220,2000-02
1979,118,1220,2000-02
1980,554,1220,2000-02
1981,45,1228,2000-02
1982,266,1228,2000-02
1983,554,1228,2000-02
1984,554,1434,2000-02
1985,572,1434,2000-02
1986,577,1434,2000-02
1987,45,1233,2000-02
1988,554,1233,2000-02
1989,572,1233,2000-02
1990,4,1081,2000-02
1991,572,1081,2000-02
1992,577,1081,2000-02
1993,45,1218,2000-02
1994,115,1218,2000-02
1995,45,1237,2000-02
1996,577,1237,2000-02
1997,115,156,2000-02
1998,577,156,2000-02
1999,45,1225,2000-02
2000,197,1225,2000-02
2001,4,1082,2000-02
2002,577,1082,2000-02
2003,4,1080,2000-02
2004,572,1080,2000-02
2005,197,467,2000-02
2006,266,467,2000-02
2007,156,283,2000-02
2008,572,283,2000-02
2009,115,152,2000-02
2010,266,152,2000-02
2011,572,1478,2000-02
2012,577,1478,2000-02
2013,266,721,2000-02
2014,572,721,2000-02
2015,45,1235,2000-02
2016,572,1235,2000-02
2017,45,1227,2000-02
2018,266,1227,2000-02
2019,4,1077,2000-02
2020,554,1077,2000-02
2021,118,159,2000-02
2022,572,159,2000-02
2023,4,1074,2000-02
2024,45,1074,2000-02
2025,45,1232,2000-02
2026,554,1232,2000-02
2027,4,1071,2000-02
2028,156,1071,2000-02
2029,554,1433,2000-02
2030,572,1433,2000-02
2031,267,724,2000-05
2032,587,724,2000-05
2033,587,1510,2000-05
2034,603,1510,2000-05
2035,579,1481,2000-05
2036,587,1481,2000-05
2037,59,1512,2000-05
2038,267,1512,2000-05
2039,59,1511,2000-05
2040,217,1511,2000-05
2041,217,540,2000-05
2042,267,540,2000-05
2043,115,153,2000-05
2044,267,153,2000-05
2045,59,1513,2000-05
2046,579,1513,2000-05
2047,115,151,2000-05
2048,217,151,2000-05
2049,59,1515,2000-05
2050,603,1515,2000-05
2051,59,1514,2000-05
2052,587,1514,2000-05
2053,267,723,2000-05
2054,579,723,2000-05
2055,45,1238,2000-05
2056,603,1238,2000-05
2057,156,285,2000-05
2058,603,285,2000-05
2059,1,3,2000-08
2060,19,3,2000-08
2061,27,3,2000-08
2062,57,3,2000-08
2063,414,3,2000-08
2064,1,14,2000-08
2065,4,14,2000-08
2066,57,14,2000-08
2067,414,14,2000-08
2068,469,14,2000-08
2069,1,32,2000-08
2070,57,32,2000-08
2071,96,32,2000-08
2072,265,32,2000-08
2073,414,32,2000-08
2074,4,1076,2000-08
2075,465,1076,2000-08
2076,603,1076,2000-08
2077,1,34,2000-08
2078,57,34,2000-08
2079,96,34,2000-08
2080,414,34,2000-08
2081,469,34,2000-08
2082,57,1455,2000-08
2083,265,1455,2000-08
2084,603,1455,2000-08
2085,607,1455,2000-08
2086,1,23,2000-08
2087,57,23,2000-08
2088,265,23,2000-08
2089,414,23,2000-08
2090,1,17,2000-08
2091,414,17,2000-08
2092,603,17,2000-08
2093,1,35,2000-08
2094,57,35,2000-08
2095,96,35,2000-08
2096,465,35,2000-08
2097,19,439,2000-08
2098,57,439,2000-08
2099,469,439,2000-08
2100,1,26,2000-08
2101,57,26,2000-08
2102,414,26,2000-08
2103,430,26,2000-08
2104,469,26,2000-08
2105,1,41,2000-08
2106,96,41,2000-08
2107,414,41,2000-08
2108,465,41,2000-08
2109,469,41,2000-08
2110,1,42,2000-08
2111,96,42,2000-08
2112,414,42,2000-08
2113,469,42,2000-08
2114,1,15,2000-08
2115,414,15,2000-08
2116,465,15,2000-08
2117,469,15,2000-08
2118,1,43,2000-08
2119,96,43,2000-08
2120,465,43,2000-08
2121,1,13,2000-08
2122,4,13,2000-08
2123,414,13,2000-08
2124,469,13,2000-08
2125,57,1470,2000-08
2126,465,1470,2000-08
2127,603,1470,2000-08
2128,607,1470,2000-08
2129,414,1145,2000-08
2130,465,1145,2000-08
2131,603,1145,2000-08
2132,465,1303,2000-08
2133,603,1303,2000-08
2134,57,1464,2000-08
2135,414,1464,2000-08
2136,603,1464,2000-08
2137,607,1464,2000-08
2138,57,1473,2000-08
2139,603,1473,2000-08
2140,607,1473,2000-08
2141,57,1467,2000-08
2142,430,1467,2000-08
2143,469,1467,2000-08
2144,57,1471,2000-08
2145,465,1471,2000-08
2146,607,1471,2000-08
2147,414,1142,2000-08
2148,430,1142,2000-08
2149,469,1142,2000-08
2150,430,1193,2000-08
2151,469,1193,2000-08
2152,607,1193,2000-08
2153,1,28,2000-08
2154,57,28,2000-08
2155,414,28,2000-08
2156,607,28,2000-08
2157,1,30,2000-08
2158,57,30,2000-08
2159,607,30,2000-08
2160,57,1465,2000-08
2161,414,1465,2000-08
2162,607,1465,2000-08
2163,1,37,2000-08
2164,603,37,2000-08
2165,607,37,2000-08
2166,1,2,2000-08
2167,19,2,2000-08
2168,27,2,2000-08
2169,1,27,2000-08
2170,57,27,2000-08
2171,414,27,2000-08
2172,469,27,2000-08
2173,414,1146,2000-08
2174,469,1146,2000-08
2175,603,1146,2000-08
2176,57,1463,2000-08
2177,414,1463,2000-08
2178,603,1463,2000-08
2179,57,1472,2000-08
2180,603,1472,2000-08
2181,115,155,2000-08
2182,465,155,2000-08
2183,96,1773,2000-08
2184,414,1773,2000-08
2185,465,1773,2000-08
2186,469,1773,2000-08
2187,1,7,2000-08
2188,265,7,2000-08
2189,414,7,2000-08
2190,607,7,2000-08
2191,265,720,2000-08
2192,607,720,2000-08
2193,1,18,2000-08
2194,414,18,2000-08
2195,607,18,2000-08
2196,57,1461,2000-08
2197,414,1461,2000-08
2198,465,1461,2000-08
2199,469,1461,2000-08
2200,57,1460,2000-08
2201,414,1460,2000-08
2202,465,1460,2000-08
2203,1,9,2000-08
2204,27,9,2000-08
2205,265,9,2000-08
2206,414,9,2000-08
2207,1,10,2000-08
2208,27,10,2000-08
2209,414,10,2000-08
2210,1,8,2000-08
2211,27,8,2000-08
2212,1,6,2000-08
2213,265,6,2000-08
2214,414,6,2000-08
2215,1,24,2000-08
2216,57,24,2000-08
2217,294,24,2000-08
2218,1,29,2000-08
2219,57,29,2000-08
2220,469,29,2000-08
2221,1,21,2000-08
2222,469,21,2000-08
2223,603,21,2000-08
2224,1,12,2000-08
2225,294,12,2000-08
2226,469,12,2000-08
2227,1,33,2000-08
2228,57,33,2000-08
2229,96,33,2000-08
2230,414,33,2000-08
2231,1,25,2000-08
2232,57,25,2000-08
2233,414,25,2000-08
2234,19,438,2000-08
2235,57,438,2000-08
2236,414,438,2000-08
2237,1,31,2000-08
2238,57,31,2000-08
2239,96,31,2000-08
2240,27,739,2000-08
2241,96,739,2000-08
2242,414,739,2000-08
2243,414,1144,2000-08
2244,465,1144,2000-08
2245,469,1144,2000-08
2246,603,1568,2000-08
2247,607,1568,2000-08
2248,96,1777,2000-08
2249,607,1777,2000-08
2250,294,797,2000-08
2251,469,797,2000-08
2252,603,797,2000-08
2253,469,1305,2000-08
2254,603,1305,2000-08
2255,19,440,2000-08
2256,96,440,2000-08
2257,414,440,2000-08
2258,57,1452,2000-08
2259,188,1452,2000-08
2260,414,1452,2000-08
2261,57,1469,2000-08
2262,465,1469,2000-08
2263,469,1469,2000-08
2264,19,436,2000-08
2265,57,436,2000-08
2266,188,436,2000-08
2267,27,732,2000-08
2268,188,732,2000-08
2269,414,732,2000-08
2270,96,1774,2000-08
2271,414,1774,2000-08
2272,469,1774,2000-08
2273,27,737,2000-08
2274,57,737,2000-08
2275,414,737,2000-08
2276,96,1772,2000-08
2277,414,1772,2000-08
2278,465,1772,2000-08
2279,96,1775,2000-08
2280,465,1775,2000-08
2281,414,1143,2000-08
2282,465,1143,2000-08
2283,57,1457,2000-08
2284,294,1457,2000-08
2285,414,1457,2000-08
2286,1,40,2000-08
2287,96,40,2000-08
2288,414,40,2000-08
2289,96,1771,2000-08
2290,414,1771,2000-08
2291,57,1453,2000-08
2292,188,1453,2000-08
2293,469,1453,2000-08
2294,57,1451,2000-08
2295,188,1451,2000-08
2296,57,1462,2000-08
2297,414,1462,2000-08
2298,469,1462,2000-08
2299,27,734,2000-08
2300,414,734,2000-08
2301,469,734,2000-08
2302,27,738,2000-08
2303,57,738,2000-08
2304,469,738,2000-08
2305,27,736,2000-08
2306,57,736,2000-08
2307,27,735,2000-08
2308,469,735,2000-08
2309,19,437,2000-08
2310,57,437,2000-08
2311,265,437,2000-08
2312,57,1454,2000-08
2313,265,1454,2000-08
2314,19,435,2000-08
2315,57,435,2000-08
2316,19,433,2000-08
2317,414,433,2000-08
2318,469,433,2000-08
2319,414,1147,2000-08
2320,469,1147,2000-08
2321,607,1147,2000-08
2322,57,1459,2000-08
2323,414,1459,2000-08
2324,430,1459,2000-08
2325,57,1466,2000-08
2326,430,1466,2000-08
2327,414,1141,2000-08
2328,430,1141,2000-08
2329,1,16,2000-08
2330,414,16,2000-08
2331,469,16,2000-08
2332,1,4,2000-08
2333,19,4,2000-08
2334,414,4,2000-08
2335,57,1458,2000-08
2336,294,1458,2000-08
2337,469,1458,2000-08
2338,57,1456,2000-08
2339,294,1456,2000-08
2340,188,430,2000-08
2341,465,430,2000-08
2342,188,431,2000-08
2343,607,431,2000-08
2344,4,1083,2000-08
2345,603,1083,2000-08
2346,4,1072,2000-08
2347,265,1072,2000-08
2348,294,795,2000-08
2349,414,795,2000-08
2350,57,1475,2000-08
2351,96,1475,2000-08
2352,430,1192,2000-08
2353,469,1192,2000-08
2354,27,733,2000-08
2355,414,733,2000-08
2356,4,1075,2000-08
2357,465,1075,2000-08
2358,265,719,2000-08
2359,465,719,2000-08
2360,4,1084,2000-08
2361,96,1084,2000-08
2362,414,1149,2000-08
2363,603,1149,2000-08
2364,1,22,2000-08
2365,57,22,2000-08
2366,465,1302,2000-08
2367,469,1302,2000-08
2368,1,0,2000-08
2369,188,0,2000-08
2370,19,432,2000-08
2371,414,432,2000-08
2372,265,718,2000-08
2373,294,718,2000-08
2374,469,1304,2000-08
2375,571,1304,2000-08
2376,571,1477,2000-08
2377,607,1477,2000-08
2378,57,1474,2000-08
2379,607,1474,2000-08
2380,1,20,2000-08
2381,469,20,2000-08
2382,96,1776,2000-08
2383,603,1776,2000-08
2384,188,429,2000-08
2385,414,429,2000-08
2386,1,39,2000-08
2387,96,39,2000-08
2388,27,731,2000-08
2389,188,731,2000-08
2390,4,1079,2000-08
2391,57,1079,2000-08
2392,1,1,2000-08
2393,19,1,2000-08
2394,469,1306,2000-08
2395,607,1306,2000-08
2396,1,11,2000-08
2397,294,11,2000-08
2398,1,38,2000-08
2399,607,38,2000-08
2400,57,1468,2000-08
2401,465,1468,2000-08
2402,19,434,2000-08
2403,469,434,2000-08
2404,414,1150,2000-08
2405,607,1150,2000-08
2406,4,1073,2000-08
2407,414,1073,2000-08
2408,294,796,2000-08
2409,469,796,2000-08
2410,1,19,2000-08
2411,465,19,2000-08
2412,1,36,2000-08
2413,603,36,2000-08
2414,1,5,2000-08
2415,265,5,2000-08
2416,39,1038,2000-11
2417,160,1038,2000-11
2418,195,1038,2000-11
2419,290,1038,2000-11
2420,409,1038,2000-11
2421,39,1040,2000-11
2422,160,1040,2000-11
2423,290,1040,2000-11
2424,79,1700,2000-11
2425,160,1700,2000-11
2426,450,1700,2000-11
2427,39,1042,2000-11
2428,160,1042,2000-11
2429,409,1042,2000-11
2430,453,1042,2000-11
2431,39,1041,2000-11
2432,160,1041,2000-11
2433,409,1041,2000-11
2434,160,293,2000-11
2435,244,293,2000-11
2436,368,293,2000-11
2437,224,564,2000-11
2438,244,564,2000-11
2439,368,564,2000-11
2440,39,1061,2000-11
2441,79,1061,2000-11
2442,290,1061,2000-11
2443,450,1061,2000-11
2444,79,1708,2000-11
2445,368,1708,2000-11
2446,450,1708,2000-11
2447,39,1043,2000-11
2448,160,1043,2000-11
2449,453,1043,2000-11
2450,160,292,2000-11
2451,224,292,2000-11
2452,368,292,2000-11
2453,160,296,2000-11
2454,368,296,2000-11
2455,224,565,2000-11
2456,368,565,2000-11
2457,79,1709,2000-11
2458,450,1709,2000-11
2459,39,1048,2000-11
2460,202,1048,2000-11
2461,453,1048,2000-11
2462,368,982,2000-11
2463,409,982,2000-11
2464,290,790,2000-11
2465,368,790,2000-11
2466,450,790,2000-11
2467,290,792,2000-11
2468,450,792,2000-11
2469,368,983,2000-11
2470,450,983,2000-11
2471,202,500,2000-11
2472,244,500,2000-11
2473,368,500,2000-11
2474,39,1051,2000-11
2475,244,1051,2000-11
2476,368,1051,2000-11
2477,39,1054,2000-11
2478,368,1054,2000-11
2479,39,1059,2000-11
2480,79,1059,2000-11
2481,160,1059,2000-11
2482,591,1059,2000-11
2483,79,1699,2000-11
2484,160,1699,2000-11
2485,39,1053,2000-11
2486,290,1053,2000-11
2487,409,1053,2000-11
2488,39,1060,2000-11
2489,79,1060,2000-11
2490,290,1060,2000-11
2491,39,1037,2000-11
2492,160,1037,2000-11
2493,195,1037,2000-11
2494,160,289,2000-11
2495,195,289,2000-11
2496,202,289,2000-11
2497,160,288,2000-11
2498,195,288,2000-11
2499,39,1039,2000-11
2500,160,1039,2000-11
2501,202,1039,2000-11
2502,39,1045,2000-11
2503,195,1045,2000-11
2504,202,1045,2000-11
2505,244,661,2000-11
2506,450,661,2000-11
2507,160,295,2000-11
2508,290,295,2000-11
2509,409,295,2000-11
2510,160,297,2000-11
2511,409,297,2000-11
2512,79,1702,2000-11
2513,202,1702,2000-11
2514,290,1702,2000-11
2515,195,458,2000-11
2516,290,458,2000-11
2517,453,458,2000-11
2518,244,664,2000-11
2519,591,664,2000-11
2520,244,662,2000-11
2521,453,662,2000-11
2522,79,1706,2000-11
2523,290,1706,2000-11
2524,409,1706,2000-11
2525,160,294,2000-11
2526,290,294,2000-11
2527,195,457,2000-11
2528,290,457,2000-11
2529,409,457,2000-11
2530,244,660,2000-11
2531,409,660,2000-11
2532,244,658,2000-11
2533,290,658,2000-11
2534,195,455,2000-11
2535,244,455,2000-11
2536,79,1704,2000-11
2537,244,1704,2000-11
2538,368,1704,2000-11
2539,79,1707,2000-11
2540,368,1707,2000-11
2541,79,1703,2000-11
2542,244,1703,2000-11
2543,244,659,2000-11
2544,368,659,2000-11
2545,39,1057,2000-11
2546,591,1057,2000-11
2547,453,1244,2000-11
2548,591,1244,2000-11
2549,39,1046,2000-11
2550,195,1046,2000-11
2551,453,1046,2000-11
2552,39,1044,2000-11
2553,195,1044,2000-11
2554,39,1035,2000-11
2555,101,1035,2000-11
2556,224,563,2000-11
2557,244,563,2000-11
2558,101,50,2000-11
2559,202,50,2000-11
2560,453,50,2000-11
2561,202,503,2000-11
2562,453,503,2000-11
2563,39,1049,2000-11
2564,216,1049,2000-11
2565,202,499,2000-11
2566,244,499,2000-11
2567,160,291,2000-11
2568,216,291,2000-11
2569,39,1050,2000-11
2570,224,1050,2000-11
2571,195,459,2000-11
2572,409,459,2000-11
2573,160,290,2000-11
2574,202,290,2000-11
2575,195,456,2000-11
2576,290,456,2000-11
2577,216,537,2000-11
2578,355,537,2000-11
2579,195,460,2000-11
2580,453,460,2000-11
2581,79,1701,2000-11
2582,202,1701,2000-11
2583,453,1243,2000-11
2584,546,1243,2000-11
2585,290,789,2000-11
2586,368,789,2000-11
2587,202,501,2000-11
2588,290,501,2000-11
2589,202,497,2000-11
2590,216,497,2000-11
2591,216,535,2000-11
2592,244,535,2000-11
2593,195,453,2000-11
2594,202,453,2000-11
2595,244,663,2000-11
2596,474,663,2000-11
2597,39,1047,2000-11
2598,202,1047,2000-11
2599,450,1240,2000-11
2600,546,1240,2000-11
2601,290,791,2000-11
2602,409,791,2000-11
2603,202,498,2000-11
2604,224,498,2000-11
2605,101,51,2000-11
2606,409,51,2000-11
2607,39,1052,2000-11
2608,290,1052,2000-11
2609,39,1058,2000-11
2610,79,1058,2000-11
2611,39,1056,2000-11
2612,453,1056,2000-11
2613,224,566,2000-11
2614,409,566,2000-11
2615,216,534,2000-11
2616,224,534,2000-11
2617,216,539,2000-11
2618,450,539,2000-11
2619,79,1705,2000-11
2620,290,1705,2000-11
2621,39,1036,2000-11
2622,160,1036,2000-11
2623,39,1055,2000-11
2624,409,1055,2000-11
2625,216,538,2000-11
2626,409,538,2000-11
2627,216,536,2000-11
2628,290,536,2000-11
2629,115,154,2000-11
2630,409,154,2000-11
2631,160,298,2000-11
2632,453,298,2000-11
2633,202,502,2000-11
2634,409,502,2000-11
2635,195,454,2000-11
2636,216,454,2000-11
2637,288,784,2001-02
2638,474,784,2001-02
2639,113,149,2001-02
2640,474,149,2001-02
2641,474,1312,2001-02
2642,555,1312,2001-02
2643,288,785,2001-02
2644,555,785,2001-02
2645,113,150,2001-02
2646,555,150,2001-02
2647,410,1125,2001-05
2648,422,1125,2001-05
2649,183,418,2001-08
2650,457,418,2001-08
2651,42,1157,2001-08
2652,367,1157,2001-08
2653,367,980,2001-08
2654,457,980,2001-08
2655,42,1158,2001-08
2656,457,1158,2001-08
2657,267,722,2001-08
2658,384,722,2001-08
2659,367,981,2001-08
2660,516,981,2001-08
2661,234,599,2001-11
2662,493,599,2001-11
2663,494,599,2001-11
2664,234,598,2001-11
2665,453,598,2001-11
2666,500,598,2001-11
2667,234,597,2001-11
2668,453,597,2001-11
2669,164,310,2001-11
2670,234,310,2001-11
2671,234,600,2001-11
2672,494,600,2001-11
2673,493,1375,2001-11
2674,494,1375,2001-11
2675,234,601,2001-11
2676,500,601,2001-11
2677,164,311,2001-11
2678,494,311,2001-11
2679,453,1242,2001-11
2680,493,1242,2001-11
2681,135,229,2002-02
2682,452,229,2002-02
2683,45,1229,2002-02
2684,452,1229,2002-02
2685,45,1221,2002-02
2686,135,1221,2002-02
2687,69,1648,2002-05
2688,452,1648,2002-05
2689,448,1217,2002-05
2690,452,1217,2002-05
2691,69,1647,2002-05
2692,448,1647,2002-05
2693,45,1229,2002-05
2694,452,1229,2002-05
2695,391,1064,2002-08
2696,532,1064,2002-08
2697,391,1062,2002-08
2698,392,1062,2002-08
2699,313,849,2002-08
2700,532,849,2002-08
2701,313,847,2002-08
2702,391,847,2002-08
2703,313,848,2002-08
2704,414,848,2002-08
2705,198,469,2002-11
2706,391,469,2002-11
2707,527,469,2002-11
2708,45,1224,2002-11
2709,186,1224,2002-11
2710,186,423,2002-11
2711,527,423,2002-11
2712,531,423,2002-11
2713,186,424,2002-11
2714,531,424,2002-11
2715,186,420,2002-11
2716,198,420,2002-11
2717,527,420,2002-11
2718,198,471,2002-11
2719,527,471,2002-11
2720,531,471,2002-11
2721,527,1423,2002-11
2722,531,1423,2002-11
2723,186,421,2002-11
2724,391,421,2002-11
2725,391,1063,2002-11
2726,527,1063,2002-11
2727,527,1424,2002-11
2728,558,1424,2002-11
2729,198,468,2002-11
2730,391,468,2002-11
2731,186,422,2002-11
2732,527,422,2002-11
2733,198,470,2002-11
2734,527,470,2002-11
2735,186,425,2002-11
2736,558,425,2002-11
2737,95,1767,2003-02
2738,312,1767,2003-02
2739,325,1767,2003-02
2740,9,1744,2003-02
2741,95,1744,2003-02
2742,9,1743,2003-02
2743,414,1743,2003-02
2744,97,1778,2003-02
2745,325,1778,2003-02
2746,108,101,2003-02
2747,312,101,2003-02
2748,95,1768,2003-02
2749,325,1768,2003-02
2750,312,846,2003-02
2751,325,846,2003-02
2752,95,1766,2003-02
2753,312,1766,2003-02
2754,108,102,2003-02
2755,479,102,2003-02
2756,95,1763,2003-02
2757,108,1763,2003-02
2758,104,65,2003-05
2759,474,65,2003-05
2760,275,757,2003-05
2761,427,757,2003-05
2762,275,759,2003-05
2763,474,759,2003-05
2764,104,64,2003-05
2765,275,64,2003-05
2766,275,756,2003-05
2767,303,756,2003-05
2768,95,1765,2003-05
2769,275,1765,2003-05
2770,20,481,2003-05
2771,104,481,2003-05
2772,20,482,2003-05
2773,275,482,2003-05
2774,20,483,2003-05
2775,474,483,2003-05
2776,165,312,2003-05
2777,275,312,2003-05
2778,275,758,2003-05
2779,449,758,2003-05
2780,160,287,2003-08
2781,182,287,2003-08
2782,182,416,2003-08
2783,288,416,2003-08
2784,182,417,2003-08
2785,430,417,2003-08
2786,45,1223,2003-08
2787,169,1223,2003-08
2788,169,317,2003-08
2789,182,317,2003-08
2790,45,1231,2003-08
2791,518,1231,2003-08
2792,169,318,2003-08
2793,414,318,2003-08
2794,66,1628,2004-08
2795,474,1628,2004-08
2796,45,1230,2004-08
2797,474,1230,2004-08
2798,66,1627,2004-08
2799,448,1627,2004-08
2800,45,1239,2004-08
2801,66,1239,2004-08
2802,66,1625,2004-08
2803,263,1625,2004-08
2804,226,567,2004-11
2805,387,567,2004-11
2806,346,945,2004-11
2807,387,945,2004-11
2808,66,1626,2004-11
2809,387,1626,2004-11
2810,100,48,2004-11
2811,226,48,2004-11
2812,100,49,2004-11
2813,474,49,2004-11
2814,425,1163,2005-02
2815,438,1163,2005-02
2816,7,1654,2005-02
2817,95,1654,2005-02
2818,7,1650,2005-02
2819,260,1650,2005-02
2820,156,280,2005-02
2821,438,280,2005-02
2822,482,1330,2005-02
2823,594,1330,2005-02
2824,95,1769,2005-02
2825,438,1769,2005-02
2826,23,593,2005-02
2827,156,593,2005-02
2828,7,1653,2005-02
2829,594,1653,2005-02
2830,7,1652,2005-02
2831,482,1652,2005-02
2832,95,1770,2005-02
2833,482,1770,2005-02
2834,438,1196,2005-02
2835,594,1196,2005-02
2836,7,1649,2005-02
2837,156,1649,2005-02
2838,95,1764,2005-02
2839,260,1764,2005-02
2840,66,1624,2005-02
2841,156,1624,2005-02
2842,260,715,2005-02
2843,438,715,2005-02
2844,7,1651,2005-02
2845,438,1651,2005-02
2846,438,1195,2005-02
2847,482,1195,2005-02
2848,428,1165,2005-05
2849,608,1165,2005-05
2850,91,1750,2005-05
2851,221,1750,2005-05
2852,608,1750,2005-05
2853,91,1757,2005-05
2854,552,1757,2005-05
2855,608,1757,2005-05
2856,552,1432,2005-05
2857,608,1432,2005-05
2858,91,1754,2005-05
2859,488,1754,2005-05
2860,608,1754,2005-05
2861,91,1753,2005-05
2862,488,1753,2005-05
2863,552,1753,2005-05
2864,396,1065,2005-05
2865,488,1065,2005-05
2866,488,1360,2005-05
2867,502,1360,2005-05
2868,91,1752,2005-05
2869,488,1752,2005-05
2870,221,557,2005-05
2871,488,557,2005-05
2872,91,1749,2005-05
2873,221,1749,2005-05
2874,91,1751,2005-05
2875,428,1751,2005-05
2876,221,555,2005-05
2877,396,555,2005-05
2878,91,1756,2005-05
2879,552,1756,2005-05
2880,66,1630,2005-05
2881,91,1630,2005-05
2882,91,1755,2005-05
2883,502,1755,2005-05
2884,488,1361,2005-05
2885,552,1361,2005-05
2886,287,783,2005-05
2887,608,783,2005-05
2888,221,558,2005-05
2889,502,558,2005-05
2890,287,782,2005-05
2891,488,782,2005-05
2892,91,1758,2005-05
2893,608,1758,2005-05
2894,66,1629,2005-05
2895,608,1629,2005-05
2896,488,1362,2005-05
2897,608,1362,2005-05
2898,221,552,2005-08
2899,286,552,2005-08
2900,336,552,2005-08
2901,221,554,2005-08
2902,387,554,2005-08
2903,221,551,2005-08
2904,286,551,2005-08
2905,221,553,2005-08
2906,336,553,2005-08
2907,221,556,2005-08
2908,462,556,2005-08
2909,286,780,2005-08
2910,336,780,2005-08
2911,286,781,2005-08
2912,462,781,2005-08
2913,144,264,2006-02
2914,264,264,2006-02
2915,61,1570,2006-05
2916,608,1570,2006-05
2917,61,1569,2006-05
2918,463,1569,2006-05
2919,68,1638,2006-11
2920,132,1638,2006-11
2921,178,1638,2006-11
2922,542,1638,2006-11
2923,178,371,2006-11
2924,381,371,2006-11
2925,542,371,2006-11
2926,64,1603,2006-11
2927,178,1603,2006-11
2928,187,1603,2006-11
2929,370,1603,2006-11
2930,64,1618,2006-11
2931,68,1618,2006-11
2932,187,1618,2006-11
2933,370,1618,2006-11
2934,64,1606,2006-11
2935,178,1606,2006-11
2936,513,1606,2006-11
2937,64,1607,2006-11
2938,178,1607,2006-11
2939,542,1607,2006-11
2940,64,1604,2006-11
2941,178,1604,2006-11
2942,226,1604,2006-11
2943,178,367,2006-11
2944,187,367,2006-11
2945,370,367,2006-11
2946,68,1639,2006-11
2947,132,1639,2006-11
2948,542,1639,2006-11
2949,68,1637,2006-11
2950,132,1637,2006-11
2951,178,373,2006-11
2952,513,373,2006-11
2953,64,1619,2006-11
2954,68,1619,2006-11
2955,226,1619,2006-11
2956,64,1605,2006-11
2957,178,1605,2006-11
2958,370,1605,2006-11
2959,178,369,2006-11
2960,370,369,2006-11
2961,64,1609,2006-11
2962,187,1609,2006-11
2963,370,1609,2006-11
2964,64,1616,2006-11
2965,68,1616,2006-11
2966,178,1616,2006-11
2967,68,1640,2006-11
2968,178,1640,2006-11
2969,64,1617,2006-11
2970,68,1617,2006-11
2971,187,1617,2006-11
2972,64,1610,2006-11
2973,187,1610,2006-11
2974,542,1610,2006-11
2975,381,1020,2006-11
2976,414,1020,2006-11
2977,187,426,2006-11
2978,370,426,2006-11
2979,178,374,2006-11
2980,542,374,2006-11
2981,187,428,2006-11
2982,513,428,2006-11
2983,68,1644,2006-11
2984,513,1644,2006-11
2985,64,1602,2006-11
2986,178,1602,2006-11
2987,68,1646,2006-11
2988,75,1646,2006-11
2989,64,1613,2006-11
2990,381,1613,2006-11
2991,64,1612,2006-11
2992,370,1612,2006-11
2993,68,1641,2006-11
2994,187,1641,2006-11
2995,75,1689,2006-11
2996,187,1689,2006-11
2997,187,427,2006-11
2998,381,427,2006-11
2999,34,932,2006-11
3000,64,932,2006-11
3001,68,1645,2006-11
3002,542,1645,2006-11
3003,132,227,2006-11
3004,187,227,2006-11
3005,178,366,2006-11
3006,187,366,2006-11
3007,68,1643,2006-11
3008,381,1643,2006-11
3009,226,568,2006-11
3010,542,568,2006-11
3011,178,370,2006-11
3012,381,370,2006-11
3013,178,372,2006-11
3014,425,372,2006-11
3015,64,1614,2006-11
3016,542,1614,2006-11
3017,34,930,2006-11
3018,132,930,2006-11
3019,34,931,2006-11
3020,542,931,2006-11
3021,64,1611,2006-11
3022,226,1611,2006-11
3023,34,933,2006-11
3024,68,933,2006-11
3025,64,1608,2006-11
3026,187,1608,2006-11
3027,64,1615,2006-11
3028,68,1615,2006-11
3029,178,368,2006-11
3030,226,368,2006-11
3031,129,223,2007-02
3032,399,223,2007-02
3033,580,223,2007-02
3034,606,223,2007-02
3035,129,219,2007-02
3036,274,219,2007-02
3037,580,219,2007-02
3038,606,219,2007-02
3039,129,225,2007-02
3040,580,225,2007-02
3041,606,225,2007-02
3042,399,1069,2007-02
3043,580,1069,2007-02
3044,606,1069,2007-02
3045,274,751,2007-02
3046,399,751,2007-02
3047,606,751,2007-02
3048,381,1023,2007-02
3049,580,1023,2007-02
3050,606,1023,2007-02
3051,129,222,2007-02
3052,399,222,2007-02
3053,580,222,2007-02
3054,274,754,2007-02
3055,580,754,2007-02
3056,606,754,2007-02
3057,129,218,2007-02
3058,274,218,2007-02
3059,580,218,2007-02
3060,274,750,2007-02
3061,399,750,2007-02
3062,399,1070,2007-02
3063,606,1070,2007-02
3064,274,755,2007-02
3065,606,755,2007-02
3066,129,217,2007-02
3067,274,217,2007-02
3068,274,749,2007-02
3069,381,749,2007-02
3070,274,753,2007-02
3071,580,753,2007-02
3072,381,1024,2007-02
3073,606,1024,2007-02
3074,381,1022,2007-02
3075,580,1022,2007-02
3076,399,1068,2007-02
3077,580,1068,2007-02
3078,580,1503,2007-02
3079,606,1503,2007-02
3080,129,220,2007-02
3081,381,220,2007-02
3082,129,226,2007-02
3083,606,226,2007-02
3084,274,752,2007-02
3085,473,752,2007-02
3086,129,221,2007-02
3087,399,221,2007-02
3088,129,224,2007-02
3089,580,224,2007-02
3090,110,124,2007-05
3091,254,124,2007-05
3092,480,124,2007-05
3093,540,124,2007-05
3094,110,126,2007-05
3095,254,126,2007-05
3096,540,126,2007-05
3097,110,125,2007-05
3098,254,125,2007-05
3099,483,125,2007-05
3100,110,123,2007-05
3101,254,123,2007-05
3102,480,123,2007-05
3103,254,701,2007-05
3104,480,701,2007-05
3105,483,701,2007-05
3106,254,702,2007-05
3107,480,702,2007-05
3108,540,702,2007-05
3109,110,127,2007-05
3110,480,127,2007-05
3111,480,1328,2007-05
3112,540,1328,2007-05
3113,110,122,2007-05
3114,254,122,2007-05
3115,483,1332,2007-05
3116,606,1332,2007-05
3117,254,703,2007-05
3118,483,703,2007-05
3119,480,1327,2007-05
3120,483,1327,2007-05
3121,254,704,2007-05
3122,540,704,2007-05
3123,254,700,2007-05
3124,480,700,2007-05
3125,307,839,2007-08
3126,570,839,2007-08
3127,307,841,2007-08
3128,593,841,2007-08
3129,570,1476,2007-08
3130,573,1476,2007-08
3131,161,299,2007-08
3132,573,299,2007-08
3133,307,840,2007-08
3134,573,840,2007-08
3135,573,1479,2007-08
3136,593,1479,2007-08
3137,232,596,2007-08
3138,573,596,2007-08
3139,480,1329,2007-08
3140,573,1329,2007-08
3141,166,313,2007-11
3142,219,313,2007-11
3143,278,313,2007-11
3144,45,1226,2007-11
3145,230,1226,2007-11
3146,166,315,2007-11
3147,278,315,2007-11
3148,166,316,2007-11
3149,608,316,2007-11
3150,166,314,2007-11
3151,230,314,2007-11
3152,219,541,2007-11
3153,230,541,2007-11
3154,219,542,2007-11
3155,307,542,2007-11
3156,45,1222,2007-11
3157,166,1222,2007-11
3158,219,544,2007-11
3159,608,544,2007-11
3160,343,938,2008-02
3161,354,938,2008-02
3162,477,938,2008-02
3163,354,967,2008-02
3164,381,967,2008-02
3165,477,967,2008-02
3166,343,940,2008-02
3167,381,940,2008-02
3168,343,939,2008-02
3169,359,939,2008-02
3170,354,966,2008-02
3171,359,966,2008-02
3172,359,971,2008-02
3173,477,971,2008-02
3174,354,968,2008-02
3175,477,968,2008-02
3176,343,937,2008-02
3177,354,937,2008-02
3178,477,1326,2008-02
3179,483,1326,2008-02
3180,343,941,2008-02
3181,477,941,2008-02
3182,381,1021,2008-02
3183,477,1021,2008-02
3184,74,1688,2008-05
3185,307,1688,2008-05
3186,74,1686,2008-05
3187,137,1686,2008-05
3188,74,1687,2008-05
3189,301,1687,2008-05
3190,72,1662,2008-08
3191,322,1662,2008-08
3192,553,1662,2008-08
3193,292,794,2008-08
3194,420,794,2008-08
3195,72,1663,2008-08
3196,420,1663,2008-08
3197,72,1664,2008-08
3198,553,1664,2008-08
3199,72,1660,2008-08
3200,232,1660,2008-08
3201,232,595,2008-08
3202,477,595,2008-08
3203,72,1661,2008-08
3204,322,1661,2008-08
3205,483,1331,2008-08
3206,553,1331,2008-08
3207,322,872,2008-08
3208,420,872,2008-08
3209,420,1159,2008-08
3210,483,1159,2008-08
3211,219,543,2008-08
3212,477,543,2008-08
3213,239,621,2008-11
3214,288,621,2008-11
3215,239,622,2008-11
3216,356,622,2008-11
3217,239,624,2008-11
3218,403,624,2008-11
3219,223,562,2008-11
3220,375,562,2008-11
3221,239,623,2008-11
3222,375,623,2008-11
3223,356,969,2008-11
3224,375,969,2008-11
3225,223,561,2008-11
3226,239,561,2008-11
3227,220,548,2009-02
3228,318,548,2009-02
3229,327,548,2009-02
3230,356,548,2009-02
3231,220,546,2009-02
3232,288,546,2009-02
3233,28,771,2009-02
3234,51,771,2009-02
3235,220,771,2009-02
3236,51,1396,2009-02
3237,200,1396,2009-02
3238,220,1396,2009-02
3239,200,485,2009-02
3240,220,485,2009-02
3241,356,485,2009-02
3242,28,769,2009-02
3243,220,769,2009-02
3244,356,769,2009-02
3245,28,767,2009-02
3246,200,767,2009-02
3247,220,767,2009-02
3248,200,486,2009-02
3249,327,486,2009-02
3250,220,547,2009-02
3251,318,547,2009-02
3252,356,970,2009-02
3253,553,970,2009-02
3254,51,1398,2009-02
3255,327,1398,2009-02
3256,220,550,2009-02
3257,356,550,2009-02
3258,220,549,2009-02
3259,327,549,2009-02
3260,51,1397,2009-02
3261,220,1397,2009-02
3262,200,488,2009-02
3263,553,488,2009-02
3264,28,766,2009-02
3265,200,766,2009-02
3266,28,770,2009-02
3267,356,770,2009-02
3268,51,1399,2009-02
3269,356,1399,2009-02
3270,200,484,2009-02
3271,220,484,2009-02
3272,200,487,2009-02
3273,356,487,2009-02
3274,28,768,2009-02
3275,220,768,2009-02
3276,51,1395,2009-02
3277,200,1395,2009-02
3278,440,1198,2009-05
3279,600,1198,2009-05
3280,307,840,2009-08
3281,573,840,2009-08
3282,568,1450,2009-11
3283,590,1450,2009-11
3284,78,1698,2009-11
3285,590,1698,2009-11
3286,522,1418,2009-11
3287,590,1418,2009-11
3288,215,533,2010-02
3289,335,533,2010-02
3290,180,410,2010-05
3291,434,410,2010-05
3292,22,545,2010-05
3293,434,545,2010-05
3294,318,855,2010-05
3295,434,855,2010-05
3296,464,1301,2010-08
3297,605,1301,2010-08
3298,414,1148,2010-08
3299,477,1148,2010-08
3300,253,698,2010-11
3301,330,698,2010-11
3302,330,911,2010-11
3303,464,911,2010-11
3304,253,699,2010-11
3305,499,699,2010-11
3306,17,321,2011-05
3307,573,321,2011-05
3308,17,319,2011-05
3309,168,319,2011-05
3310,29,788,2011-08
3311,585,788,2011-08
3312,29,786,2011-08
3313,421,786,2011-08
3314,398,1066,2011-08
3315,421,1066,2011-08
3316,55,1430,2011-08
3317,585,1430,2011-08
3318,398,1067,2011-08
3319,538,1067,2011-08
3320,295,799,2011-11
3321,326,799,2011-11
3322,419,799,2011-11
3323,326,875,2011-11
3324,419,875,2011-11
3325,432,875,2011-11
3326,326,874,2011-11
3327,419,874,2011-11
3328,295,800,2011-11
3329,326,800,2011-11
3330,432,800,2011-11
3331,326,876,2011-11
3332,432,876,2011-11
3333,295,801,2011-11
3334,419,801,2011-11
3335,17,320,2011-11
3336,419,320,2011-11
3337,295,798,2011-11
3338,326,798,2011-11
3339,419,1156,2011-11
3340,432,1156,2011-11
3341,204,507,2012-02
3342,520,507,2012-02
3343,204,505,2012-02
3344,351,505,2012-02
3345,204,506,2012-02
3346,432,506,2012-02
3347,83,1733,2012-05
3348,124,1733,2012-05
3349,489,1363,2012-05
3350,539,1363,2012-05
3351,88,1740,2012-05
3352,124,1740,2012-05
3353,124,208,2012-05
3354,503,208,2012-05
3355,83,1732,2012-05
3356,116,1732,2012-05
3357,83,1734,2012-05
3358,489,1734,2012-05
3359,124,207,2012-05
3360,489,207,2012-05
3361,88,1741,2012-05
3362,489,1741,2012-05
3363,124,209,2012-05
3364,539,209,2012-05
3365,83,1735,2012-05
3366,88,1735,2012-05
3367,345,944,2012-08
3368,377,944,2012-08
3369,377,997,2012-08
3370,573,997,2012-08
3371,472,1311,2012-08
3372,484,1311,2012-08
3373,86,1739,2012-08
3374,472,1739,2012-08
3375,211,520,2012-11
3376,246,520,2012-11
3377,249,520,2012-11
3378,332,520,2012-11
3379,211,524,2012-11
3380,249,524,2012-11
3381,332,524,2012-11
3382,357,524,2012-11
3383,211,523,2012-11
3384,249,523,2012-11
3385,332,523,2012-11
3386,211,525,2012-11
3387,249,525,2012-11
3388,357,525,2012-11
3389,211,521,2012-11
3390,246,521,2012-11
3391,332,521,2012-11
3392,246,666,2012-11
3393,280,666,2012-11
3394,357,666,2012-11
3395,211,526,2012-11
3396,280,526,2012-11
3397,211,527,2012-11
3398,332,527,2012-11
3399,211,519,2012-11
3400,246,519,2012-11
3401,249,519,2012-11
3402,332,912,2012-11
3403,357,912,2012-11
3404,249,673,2012-11
3405,332,673,2012-11
3406,280,772,2012-11
3407,332,772,2012-11
3408,246,667,2012-11
3409,332,667,2012-11
3410,246,668,2012-11
3411,357,668,2012-11
3412,280,773,2012-11
3413,357,773,2012-11
3414,211,518,2012-11
3415,246,518,2012-11
3416,246,665,2012-11
3417,249,665,2012-11
3418,249,674,2012-11
3419,357,674,2012-11
3420,211,528,2012-11
3421,357,528,2012-11
3422,249,672,2012-11
3423,280,672,2012-11
3424,211,522,2012-11
3425,249,522,2012-11
3426,29,787,2013-02
3427,460,787,2013-02
3428,70,1655,2013-02
3429,460,1655,2013-02
3430,228,576,2013-05
3431,562,576,2013-05
3432,376,996,2013-05
3433,562,996,2013-05
3434,376,995,2013-05
3435,435,995,2013-05
3436,435,1194,2013-05
3437,562,1194,2013-05
3438,16,286,2013-08
3439,80,286,2013-08
3440,80,1731,2013-08
3441,543,1731,2013-08
3442,282,775,2013-11
3443,348,775,2013-11
3444,415,775,2013-11
3445,348,946,2013-11
3446,415,946,2013-11
3447,282,776,2013-11
3448,415,776,2013-11
3449,282,774,2013-11
3450,348,774,2013-11
3451,203,504,2014-02
3452,528,504,2014-02
3453,222,559,2014-02
3454,462,559,2014-02
3455,222,560,2014-02
3456,528,560,2014-02
3457,21,514,2014-08
3458,261,514,2014-08
3459,249,677,2014-11
3460,573,677,2014-11
3461,323,873,2015-02
3462,344,873,2015-02
3463,407,1103,2015-02
3464,533,1103,2015-02
3465,318,854,2015-02
3466,344,854,2015-02
3467,407,1104,2015-02
3468,537,1104,2015-02
3469,344,942,2015-02
3470,407,942,2015-02
3471,344,943,2015-02
3472,533,943,2015-02
3473,326,879,2015-02
3474,537,879,2015-02
3475,103,57,2015-05
3476,300,57,2015-05
3477,497,57,2015-05
3478,103,60,2015-05
3479,317,60,2015-05
3480,497,60,2015-05
3481,103,59,2015-05
3482,317,59,2015-05
3483,393,59,2015-05
3484,103,63,2015-05
3485,598,63,2015-05
3486,317,853,2015-05
3487,497,853,2015-05
3488,317,852,2015-05
3489,393,852,2015-05
3490,103,62,2015-05
3491,497,62,2015-05
3492,231,594,2015-05
3493,393,594,2015-05
3494,300,819,2015-05
3495,317,819,2015-05
3496,300,820,2015-05
3497,393,820,2015-05
3498,103,58,2015-05
3499,317,58,2015-05
3500,103,61,2015-05
3501,393,61,2015-05
3502,300,821,2015-05
3503,497,821,2015-05
3504,103,56,2015-05
3505,300,56,2015-05
3506,177,363,2015-08
3507,439,363,2015-08
3508,119,164,2015-08
3509,439,164,2015-08
3510,509,164,2015-08
3511,119,161,2015-08
3512,189,161,2015-08
3513,326,877,2015-08
3514,466,877,2015-08
3515,177,362,2015-08
3516,341,362,2015-08
3517,76,1690,2015-08
3518,177,1690,2015-08
3519,76,1691,2015-08
3520,193,1691,2015-08
3521,177,361,2015-08
3522,193,361,2015-08
3523,119,163,2015-08
3524,326,163,2015-08
3525,439,1197,2015-08
3526,466,1197,2015-08
3527,177,360,2015-08
3528,189,360,2015-08
3529,177,364,2015-08
3530,466,364,2015-08
3531,119,165,2015-08
3532,466,165,2015-08
3533,177,365,2015-08
3534,509,365,2015-08
3535,119,160,2015-08
3536,177,160,2015-08
3537,119,166,2015-08
3538,509,166,2015-08
3539,123,203,2015-11
3540,366,203,2015-11
3541,581,203,2015-11
3542,601,203,2015-11
3543,105,78,2015-11
3544,233,78,2015-11
3545,256,78,2015-11
3546,378,78,2015-11
3547,105,87,2015-11
3548,366,87,2015-11
3549,581,87,2015-11
3550,601,87,2015-11
3551,63,1587,2015-11
3552,105,1587,2015-11
3553,233,1587,2015-11
3554,256,1587,2015-11
3555,581,1587,2015-11
3556,601,1587,2015-11
3557,63,1591,2015-11
3558,105,1591,2015-11
3559,581,1591,2015-11
3560,601,1591,2015-11
3561,105,77,2015-11
3562,233,77,2015-11
3563,256,77,2015-11
3564,112,143,2015-11
3565,378,143,2015-11
3566,582,143,2015-11
3567,227,572,2015-11
3568,378,572,2015-11
3569,63,1586,2015-11
3570,105,1586,2015-11
3571,227,1586,2015-11
3572,298,1586,2015-11
3573,105,76,2015-11
3574,227,76,2015-11
3575,298,76,2015-11
3576,601,76,2015-11
3577,105,74,2015-11
3578,227,74,2015-11
3579,241,74,2015-11
3580,298,74,2015-11
3581,105,75,2015-11
3582,227,75,2015-11
3583,298,75,2015-11
3584,112,147,2015-11
3585,582,147,2015-11
3586,601,147,2015-11
3587,112,138,2015-11
3588,227,138,2015-11
3589,582,138,2015-11
3590,112,146,2015-11
3591,582,146,2015-11
3592,112,140,2015-11
3593,366,140,2015-11
3594,378,140,2015-11
3595,581,140,2015-11
3596,601,140,2015-11
3597,366,979,2015-11
3598,581,979,2015-11
3599,601,979,2015-11
3600,378,998,2015-11
3601,581,998,2015-11
3602,582,998,2015-11
3603,601,998,2015-11
3604,105,89,2015-11
3605,378,89,2015-11
3606,581,89,2015-11
3607,601,89,2015-11
3608,105,92,2015-11
3609,581,92,2015-11
3610,601,92,2015-11
3611,582,1506,2015-11
3612,601,1506,2015-11
3613,105,80,2015-11
3614,241,80,2015-11
3615,256,80,2015-11
3616,105,83,2015-11
3617,256,83,2015-11
3618,581,83,2015-11
3619,105,91,2015-11
3620,581,91,2015-11
3621,582,91,2015-11
3622,581,1504,2015-11
3623,582,1504,2015-11
3624,105,70,2015-11
3625,123,70,2015-11
3626,227,70,2015-11
3627,63,1592,2015-11
3628,105,1592,2015-11
3629,601,1592,2015-11
3630,112,142,2015-11
3631,378,142,2015-11
3632,581,142,2015-11
3633,601,142,2015-11
3634,112,141,2015-11
3635,378,141,2015-11
3636,63,1589,2015-11
3637,105,1589,2015-11
3638,378,1589,2015-11
3639,63,1588,2015-11
3640,105,1588,2015-11
3641,366,1588,2015-11
3642,105,86,2015-11
3643,366,86,2015-11
3644,378,86,2015-11
3645,366,977,2015-11
3646,378,977,2015-11
3647,227,569,2015-11
3648,233,569,2015-11
3649,63,1596,2015-11
3650,233,1596,2015-11
3651,63,1594,2015-11
3652,123,1594,2015-11
3653,112,136,2015-11
3654,123,136,2015-11
3655,378,999,2015-11
3656,581,999,2015-11
3657,601,999,2015-11
3658,105,81,2015-11
3659,241,81,2015-11
3660,378,81,2015-11
3661,63,1598,2015-11
3662,298,1598,2015-11
3663,105,68,2015-11
3664,112,68,2015-11
3665,601,68,2015-11
3666,112,148,2015-11
3667,601,148,2015-11
3668,105,67,2015-11
3669,112,67,2015-11
3670,581,67,2015-11
3671,112,145,2015-11
3672,581,145,2015-11
3673,105,66,2015-11
3674,112,66,2015-11
3675,63,1590,2015-11
3676,105,1590,2015-11
3677,581,1590,2015-11
3678,123,205,2015-11
3679,581,205,2015-11
3680,601,205,2015-11
3681,143,263,2015-11
3682,581,263,2015-11
3683,105,84,2015-11
3684,256,84,2015-11
3685,601,84,2015-11
3686,227,574,2015-11
3687,581,574,2015-11
3688,601,574,2015-11
3689,227,575,2015-11
3690,601,575,2015-11
3691,227,573,2015-11
3692,581,573,2015-11
3693,581,1505,2015-11
3694,601,1505,2015-11
3695,105,73,2015-11
3696,227,73,2015-11
3697,241,73,2015-11
3698,105,93,2015-11
3699,582,93,2015-11
3700,63,1600,2015-11
3701,378,1600,2015-11
3702,582,1600,2015-11
3703,378,1000,2015-11
3704,582,1000,2015-11
3705,256,706,2015-11
3706,582,706,2015-11
3707,123,206,2015-11
3708,582,206,2015-11
3709,123,201,2015-11
3710,227,201,2015-11
3711,366,201,2015-11
3712,123,202,2015-11
3713,366,202,2015-11
3714,123,200,2015-11
3715,227,200,2015-11
3716,63,1599,2015-11
3717,378,1599,2015-11
3718,112,137,2015-11
3719,227,137,2015-11
3720,112,139,2015-11
3721,256,139,2015-11
3722,105,85,2015-11
3723,366,85,2015-11
3724,63,1593,2015-11
3725,112,1593,2015-11
3726,63,1597,2015-11
3727,256,1597,2015-11
3728,105,94,2015-11
3729,601,94,2015-11
3730,241,643,2015-11
3731,581,643,2015-11
3732,123,204,2015-11
3733,378,204,2015-11
3734,105,90,2015-11
3735,581,90,2015-11
3736,256,707,2015-11
3737,601,707,2015-11
3738,256,705,2015-11
3739,581,705,2015-11
3740,366,978,2015-11
3741,581,978,2015-11
3742,227,570,2015-11
3743,241,570,2015-11
3744,63,1595,2015-11
3745,227,1595,2015-11
3746,105,82,2015-11
3747,256,82,2015-11
3748,105,71,2015-11
3749,143,71,2015-11
3750,105,88,2015-11
3751,378,88,2015-11
3752,63,1585,2015-11
3753,105,1585,2015-11
3754,63,1601,2015-11
3755,581,1601,2015-11
3756,105,69,2015-11
3757,123,69,2015-11
3758,241,642,2015-11
3759,256,642,2015-11
3760,241,644,2015-11
3761,582,644,2015-11
3762,2,480,2015-11
3763,227,480,2015-11
3764,105,79,2015-11
3765,241,79,2015-11
3766,105,72,2015-11
3767,227,72,2015-11
3768,227,571,2015-11
3769,256,571,2015-11
3770,18,396,2016-02
3771,152,396,2016-02
3772,441,396,2016-02
3773,445,396,2016-02
3774,18,409,2016-02
3775,511,409,2016-02
3776,557,409,2016-02
3777,18,405,2016-02
3778,441,405,2016-02
3779,445,405,2016-02
3780,511,405,2016-02
3781,18,404,2016-02
3782,441,404,2016-02
3783,445,404,2016-02
3784,10,46,2016-02
3785,441,46,2016-02
3786,557,46,2016-02
3787,441,1201,2016-02
3788,557,1201,2016-02
3789,18,395,2016-02
3790,152,395,2016-02
3791,441,395,2016-02
3792,426,1164,2016-02
3793,557,1164,2016-02
3794,18,407,2016-02
3795,445,407,2016-02
3796,511,407,2016-02
3797,441,1200,2016-02
3798,511,1200,2016-02
3799,10,45,2016-02
3800,441,45,2016-02
3801,10,47,2016-02
3802,511,47,2016-02
3803,18,397,2016-02
3804,152,397,2016-02
3805,511,397,2016-02
3806,152,270,2016-02
3807,441,270,2016-02
3808,18,403,2016-02
3809,441,403,2016-02
3810,152,269,2016-02
3811,285,269,2016-02
3812,18,394,2016-02
3813,152,394,2016-02
3814,18,398,2016-02
3815,285,398,2016-02
3816,445,1203,2016-02
3817,511,1203,2016-02
3818,18,402,2016-02
3819,426,402,2016-02
3820,445,1204,2016-02
3821,557,1204,2016-02
3822,152,271,2016-02
3823,445,271,2016-02
3824,441,1199,2016-02
3825,445,1199,2016-02
3826,18,406,2016-02
3827,445,406,2016-02
3828,10,44,2016-02
3829,426,44,2016-02
3830,291,793,2016-02
3831,426,793,2016-02
3832,18,408,2016-02
3833,511,408,2016-02
3834,122,174,2016-05
3835,305,174,2016-05
3836,319,174,2016-05
3837,495,174,2016-05
3838,549,174,2016-05
3839,122,177,2016-05
3840,305,177,2016-05
3841,339,177,2016-05
3842,495,177,2016-05
3843,549,177,2016-05
3844,122,183,2016-05
3845,305,183,2016-05
3846,424,183,2016-05
3847,495,183,2016-05
3848,549,183,2016-05
3849,122,186,2016-05
3850,305,186,2016-05
3851,495,186,2016-05
3852,549,186,2016-05
3853,122,172,2016-05
3854,305,172,2016-05
3855,319,172,2016-05
3856,339,172,2016-05
3857,495,172,2016-05
3858,122,173,2016-05
3859,305,173,2016-05
3860,319,173,2016-05
3861,495,173,2016-05
3862,339,926,2016-05
3863,495,926,2016-05
3864,534,926,2016-05
3865,549,926,2016-05
3866,339,927,2016-05
3867,495,927,2016-05
3868,549,927,2016-05
3869,495,1377,2016-05
3870,549,1377,2016-05
3871,305,830,2016-05
3872,339,830,2016-05
3873,495,830,2016-05
3874,534,830,2016-05
3875,339,925,2016-05
3876,495,925,2016-05
3877,534,925,2016-05
3878,41,1124,2016-05
3879,73,1124,2016-05
3880,305,1124,2016-05
3881,339,1124,2016-05
3882,418,1124,2016-05
3883,41,1113,2016-05
3884,305,1113,2016-05
3885,418,1113,2016-05
3886,41,1123,2016-05
3887,73,1123,2016-05
3888,305,1123,2016-05
3889,122,185,2016-05
3890,305,185,2016-05
3891,495,185,2016-05
3892,534,185,2016-05
3893,41,1106,2016-05
3894,122,1106,2016-05
3895,305,1106,2016-05
3896,41,1116,2016-05
3897,305,1116,2016-05
3898,495,1116,2016-05
3899,534,1116,2016-05
3900,18,392,2016-05
3901,122,392,2016-05
3902,305,392,2016-05
3903,339,392,2016-05
3904,495,392,2016-05
3905,196,461,2016-05
3906,305,461,2016-05
3907,319,461,2016-05
3908,495,461,2016-05
3909,305,826,2016-05
3910,319,826,2016-05
3911,495,826,2016-05
3912,196,462,2016-05
3913,305,462,2016-05
3914,495,462,2016-05
3915,73,1666,2016-05
3916,122,1666,2016-05
3917,305,1666,2016-05
3918,339,1666,2016-05
3919,495,1666,2016-05
3920,122,192,2016-05
3921,339,192,2016-05
3922,424,192,2016-05
3923,495,192,2016-05
3924,122,182,2016-05
3925,305,182,2016-05
3926,424,182,2016-05
3927,495,182,2016-05
3928,73,1667,2016-05
3929,122,1667,2016-05
3930,305,1667,2016-05
3931,495,1667,2016-05
3932,73,1670,2016-05
3933,122,1670,2016-05
3934,424,1670,2016-05
3935,495,1670,2016-05
3936,122,179,2016-05
3937,305,179,2016-05
3938,418,179,2016-05
3939,424,179,2016-05
3940,122,181,2016-05
3941,305,181,2016-05
3942,424,181,2016-05
3943,24,626,2016-05
3944,122,626,2016-05
3945,305,626,2016-05
3946,73,1675,2016-05
3947,305,1675,2016-05
3948,339,1675,2016-05
3949,495,1675,2016-05
3950,305,828,2016-05
3951,339,828,2016-05
3952,424,828,2016-05
3953,41,1114,2016-05
3954,305,1114,2016-05
3955,424,1114,2016-05
3956,122,199,2016-05
3957,495,199,2016-05
3958,534,199,2016-05
3959,41,1108,2016-05
3960,122,1108,2016-05
3961,424,1108,2016-05
3962,24,630,2016-05
3963,305,630,2016-05
3964,418,630,2016-05
3965,305,827,2016-05
3966,339,827,2016-05
3967,418,827,2016-05
3968,24,629,2016-05
3969,305,629,2016-05
3970,339,629,2016-05
3971,24,628,2016-05
3972,305,628,2016-05
3973,41,1112,2016-05
3974,305,1112,2016-05
3975,339,1112,2016-05
3976,495,1112,2016-05
3977,41,1115,2016-05
3978,305,1115,2016-05
3979,495,1115,2016-05
3980,41,1111,2016-05
3981,305,1111,2016-05
3982,339,1111,2016-05
3983,122,176,2016-05
3984,305,176,2016-05
3985,339,176,2016-05
3986,495,176,2016-05
3987,122,171,2016-05
3988,305,171,2016-05
3989,319,171,2016-05
3990,339,171,2016-05
3991,122,170,2016-05
3992,305,170,2016-05
3993,319,170,2016-05
3994,73,1676,2016-05
3995,305,1676,2016-05
3996,424,1676,2016-05
3997,495,1676,2016-05
3998,73,1682,2016-05
3999,424,1682,2016-05
4000,495,1682,2016-05
4001,122,180,2016-05
4002,305,180,2016-05
4003,418,180,2016-05
4004,495,180,2016-05
4005,73,1669,2016-05
4006,122,1669,2016-05
4007,339,1669,2016-05
4008,495,1669,2016-05
4009,73,1681,2016-05
4010,339,1681,2016-05
4011,495,1681,2016-05
4012,122,189,2016-05
4013,319,189,2016-05
4014,339,189,2016-05
4015,73,1678,2016-05
4016,305,1678,2016-05
4017,495,1678,2016-05
4018,534,1678,2016-05
4019,73,1684,2016-05
4020,495,1684,2016-05
4021,534,1684,2016-05
4022,73,1677,2016-05
4023,305,1677,2016-05
4024,495,1677,2016-05
4025,122,190,2016-05
4026,319,190,2016-05
4027,495,190,2016-05
4028,122,188,2016-05
4029,319,188,2016-05
4030,18,400,2016-05
4031,305,400,2016-05
4032,339,400,2016-05
4033,196,463,2016-05
4034,319,463,2016-05
4035,305,825,2016-05
4036,319,825,2016-05
4037,339,825,2016-05
4038,305,838,2016-05
4039,495,838,2016-05
4040,534,838,2016-05
4041,122,178,2016-05
4042,305,178,2016-05
4043,418,178,2016-05
4044,24,627,2016-05
4045,122,627,2016-05
4046,339,627,2016-05
4047,24,625,2016-05
4048,122,625,2016-05
4049,24,631,2016-05
4050,339,631,2016-05
4051,41,1121,2016-05
4052,495,1121,2016-05
4053,534,1121,2016-05
4054,305,831,2016-05
4055,339,831,2016-05
4056,534,831,2016-05
4057,122,191,2016-05
4058,339,191,2016-05
4059,424,191,2016-05
4060,305,837,2016-05
4061,424,837,2016-05
4062,495,837,2016-05
4063,305,836,2016-05
4064,424,836,2016-05
4065,73,1674,2016-05
4066,305,1674,2016-05
4067,339,1674,2016-05
4068,122,196,2016-05
4069,418,196,2016-05
4070,495,196,2016-05
4071,41,1122,2016-05
4072,534,1122,2016-05
4073,18,391,2016-05
4074,122,391,2016-05
4075,305,391,2016-05
4076,18,399,2016-05
4077,305,399,2016-05
4078,339,924,2016-05
4079,424,924,2016-05
4080,549,924,2016-05
4081,424,1162,2016-05
4082,549,1162,2016-05
4083,339,929,2016-05
4084,549,929,2016-05
4085,41,1109,2016-05
4086,122,1109,2016-05
4087,495,1109,2016-05
4088,41,1120,2016-05
4089,495,1120,2016-05
4090,305,835,2016-05
4091,418,835,2016-05
4092,534,835,2016-05
4093,418,1155,2016-05
4094,534,1155,2016-05
4095,122,198,2016-05
4096,424,198,2016-05
4097,495,198,2016-05
4098,122,175,2016-05
4099,305,175,2016-05
4100,339,175,2016-05
4101,18,393,2016-05
4102,122,393,2016-05
4103,339,393,2016-05
4104,18,390,2016-05
4105,122,390,2016-05
4106,73,1668,2016-05
4107,122,1668,2016-05
4108,339,1668,2016-05
4109,122,193,2016-05
4110,339,193,2016-05
4111,495,193,2016-05
4112,41,1107,2016-05
4113,122,1107,2016-05
4114,339,1107,2016-05
4115,41,1105,2016-05
4116,122,1105,2016-05
4117,122,194,2016-05
4118,339,194,2016-05
4119,534,194,2016-05
4120,122,184,2016-05
4121,305,184,2016-05
4122,495,184,2016-05
4123,73,1671,2016-05
4124,122,1671,2016-05
4125,495,1671,2016-05
4126,73,1665,2016-05
4127,122,1665,2016-05
4128,305,1665,2016-05
4129,122,187,2016-05
4130,305,187,2016-05
4131,534,187,2016-05
4132,41,1118,2016-05
4133,339,1118,2016-05
4134,424,1118,2016-05
4135,41,1119,2016-05
4136,424,1119,2016-05
4137,305,829,2016-05
4138,339,829,2016-05
4139,495,829,2016-05
4140,73,1672,2016-05
4141,122,1672,2016-05
4142,534,1672,2016-05
4143,196,464,2016-05
4144,339,464,2016-05
4145,495,464,2016-05
4146,326,878,2016-05
4147,495,878,2016-05
4148,196,465,2016-05
4149,495,465,2016-05
4150,319,860,2016-05
4151,549,860,2016-05
4152,319,857,2016-05
4153,339,857,2016-05
4154,319,859,2016-05
4155,534,859,2016-05
4156,196,466,2016-05
4157,534,466,2016-05
4158,122,169,2016-05
4159,196,169,2016-05
4160,424,1161,2016-05
4161,534,1161,2016-05
4162,339,923,2016-05
4163,424,923,2016-05
4164,41,1117,2016-05
4165,339,1117,2016-05
4166,424,1160,2016-05
4167,495,1160,2016-05
4168,73,1683,2016-05
4169,495,1683,2016-05
4170,24,632,2016-05
4171,495,632,2016-05
4172,122,195,2016-05
4173,418,195,2016-05
4174,73,1680,2016-05
4175,339,1680,2016-05
4176,73,1685,2016-05
4177,534,1685,2016-05
4178,339,928,2016-05
4179,534,928,2016-05
4180,18,401,2016-05
4181,339,401,2016-05
4182,41,1110,2016-05
4183,305,1110,2016-05
4184,418,1154,2016-05
4185,495,1154,2016-05
4186,339,922,2016-05
4187,418,922,2016-05
4188,319,858,2016-05
4189,495,858,2016-05
4190,73,1673,2016-05
4191,305,1673,2016-05
4192,122,197,2016-05
4193,424,197,2016-05
4194,305,824,2016-05
4195,319,824,2016-05
4196,495,1376,2016-05
4197,534,1376,2016-05
4198,305,834,2016-05
4199,418,834,2016-05
4200,73,1679,2016-05
4201,319,1679,2016-05
4202,52,1413,2016-08
4203,251,1413,2016-08
4204,408,1413,2016-08
4205,52,1414,2016-08
4206,251,1414,2016-08
4207,560,1414,2016-08
4208,52,1411,2016-08
4209,247,1411,2016-08
4210,251,1411,2016-08
4211,52,1412,2016-08
4212,251,1412,2016-08
4213,52,1416,2016-08
4214,408,1416,2016-08
4215,560,1416,2016-08
4216,52,1408,2016-08
4217,106,1408,2016-08
4218,408,1408,2016-08
4219,251,694,2016-08
4220,560,694,2016-08
4221,247,669,2016-08
4222,251,669,2016-08
4223,106,96,2016-08
4224,408,96,2016-08
4225,247,670,2016-08
4226,408,670,2016-08
4227,52,1417,2016-08
4228,560,1417,2016-08
4229,52,1407,2016-08
4230,106,1407,2016-08
4231,106,95,2016-08
4232,247,95,2016-08
4233,52,1410,2016-08
4234,247,1410,2016-08
4235,52,1415,2016-08
4236,408,1415,2016-08
4237,52,1409,2016-08
4238,119,1409,2016-08
4239,119,162,2016-08
4240,247,162,2016-08
4241,525,1421,2016-11
4242,610,1421,2016-11
4243,125,211,2016-11
4244,564,211,2016-11
4245,125,212,2016-11
4246,610,212,2016-11
4247,210,516,2016-11
4248,525,516,2016-11
4249,125,210,2016-11
4250,525,210,2016-11
4251,210,517,2016-11
4252,610,517,2016-11
4253,154,273,2017-02
4254,517,273,2017-02
4255,154,272,2017-02
4256,414,272,2017-02
4257,352,955,2017-05
4258,365,955,2017-05
4259,47,1308,2017-05
4260,352,1308,2017-05
4261,380,1308,2017-05
4262,328,882,2017-05
4263,352,882,2017-05
4264,380,882,2017-05
4265,561,882,2017-05
4266,328,883,2017-05
4267,352,883,2017-05
4268,561,883,2017-05
4269,49,1367,2017-05
4270,352,1367,2017-05
4271,380,1367,2017-05
4272,550,1367,2017-05
4273,49,1366,2017-05
4274,352,1366,2017-05
4275,380,1366,2017-05
4276,212,530,2017-05
4277,328,530,2017-05
4278,352,530,2017-05
4279,352,958,2017-05
4280,380,958,2017-05
4281,561,958,2017-05
4282,610,958,2017-05
4283,328,887,2017-05
4284,550,887,2017-05
4285,561,887,2017-05
4286,49,1373,2017-05
4287,65,1373,2017-05
4288,352,1373,2017-05
4289,550,1373,2017-05
4290,49,1368,2017-05
4291,352,1368,2017-05
4292,550,1368,2017-05
4293,328,881,2017-05
4294,352,881,2017-05
4295,380,881,2017-05
4296,49,1364,2017-05
4297,328,1364,2017-05
4298,328,885,2017-05
4299,380,885,2017-05
4300,561,885,2017-05
4301,49,1370,2017-05
4302,380,1370,2017-05
4303,561,1370,2017-05
4304,49,1369,2017-05
4305,380,1369,2017-05
4306,49,1371,2017-05
4307,561,1371,2017-05
4308,47,1307,2017-05
4309,352,1307,2017-05
4310,328,886,2017-05
4311,380,886,2017-05
4312,610,886,2017-05
4313,352,959,2017-05
4314,380,959,2017-05
4315,610,959,2017-05
4316,352,957,2017-05
4317,380,957,2017-05
4318,561,957,2017-05
4319,212,529,2017-05
4320,328,529,2017-05
4321,380,1019,2017-05
4322,561,1019,2017-05
4323,610,1019,2017-05
4324,380,1018,2017-05
4325,550,1018,2017-05
4326,561,1018,2017-05
4327,550,1431,2017-05
4328,561,1431,2017-05
4329,49,1372,2017-05
4330,610,1372,2017-05
4331,49,1365,2017-05
4332,352,1365,2017-05
4333,328,888,2017-05
4334,561,888,2017-05
4335,328,880,2017-05
4336,352,880,2017-05
4337,380,1016,2017-05
4338,548,1016,2017-05
4339,328,884,2017-05
4340,380,884,2017-05
4341,548,1429,2017-05
4342,610,1429,2017-05
4343,328,889,2017-05
4344,610,889,2017-05
4345,212,532,2017-05
4346,380,532,2017-05
4347,65,1621,2017-05
4348,380,1621,2017-05
4349,305,832,2017-05
4350,380,832,2017-05
4351,352,961,2017-05
4352,561,961,2017-05
4353,65,1620,2017-05
4354,352,1620,2017-05
4355,65,1623,2017-05
4356,561,1623,2017-05
4357,212,531,2017-05
4358,352,531,2017-05
4359,352,962,2017-05
4360,610,962,2017-05
4361,352,960,2017-05
4362,550,960,2017-05
4363,65,1622,2017-05
4364,550,1622,2017-05
4365,561,1449,2017-05
4366,610,1449,2017-05
4367,380,1017,2017-05
4368,550,1017,2017-05
4369,352,956,2017-05
4370,380,956,2017-05
4371,67,1632,2017-08
4372,400,1632,2017-08
4373,443,1632,2017-08
4374,523,1632,2017-08
4375,30,811,2017-08
4376,400,811,2017-08
4377,475,811,2017-08
4378,599,811,2017-08
4379,30,818,2017-08
4380,67,818,2017-08
4381,400,818,2017-08
4382,67,1634,2017-08
4383,400,1634,2017-08
4384,523,1634,2017-08
4385,599,1634,2017-08
4386,67,1635,2017-08
4387,400,1635,2017-08
4388,599,1635,2017-08
4389,67,1633,2017-08
4390,400,1633,2017-08
4391,523,1633,2017-08
4392,67,1631,2017-08
4393,400,1631,2017-08
4394,30,813,2017-08
4395,443,813,2017-08
4396,475,813,2017-08
4397,523,813,2017-08
4398,30,814,2017-08
4399,443,814,2017-08
4400,523,814,2017-08
4401,443,1202,2017-08
4402,523,1202,2017-08
4403,400,1096,2017-08
4404,443,1096,2017-08
4405,30,810,2017-08
4406,400,810,2017-08
4407,475,810,2017-08
4408,363,976,2017-08
4409,599,976,2017-08
4410,400,1099,2017-08
4411,523,1099,2017-08
4412,599,1099,2017-08
4413,523,1420,2017-08
4414,599,1420,2017-08
4415,30,816,2017-08
4416,475,816,2017-08
4417,523,816,2017-08
4418,30,817,2017-08
4419,523,817,2017-08
4420,30,812,2017-08
4421,443,812,2017-08
4422,400,1100,2017-08
4423,599,1100,2017-08
4424,471,1310,2017-08
4425,526,1310,2017-08
4426,526,1422,2017-08
4427,599,1422,2017-08
4428,475,1314,2017-08
4429,599,1314,2017-08
4430,67,1636,2017-08
4431,475,1636,2017-08
4432,523,1419,2017-08
4433,526,1419,2017-08
4434,252,696,2017-08
4435,475,696,2017-08
4436,400,1098,2017-08
4437,523,1098,2017-08
4438,252,695,2017-08
4439,471,695,2017-08
4440,30,809,2017-08
4441,400,809,2017-08
4442,252,697,2017-08
4443,523,697,2017-08
4444,30,815,2017-08
4445,475,815,2017-08
4446,400,1097,2017-08
4447,475,1097,2017-08
4448,249,675,2017-08
4449,380,675,2017-08
4450,475,1313,2017-08
4451,523,1313,2017-08
4452,15,266,2017-11
4453,461,266,2017-11
4454,279,764,2017-11
4455,433,764,2017-11
4456,15,267,2017-11
4457,523,267,2017-11
4458,279,765,2017-11
4459,551,765,2017-11
4460,15,265,2017-11
4461,279,265,2017-11
4462,15,268,2017-11
4463,551,268,2017-11
4464,249,676,2017-11
4465,414,676,2017-11
4466,339,921,2017-11
4467,414,921,2017-11
4468,382,1026,2018-02
4469,515,1026,2018-02
4470,601,1026,2018-02
4471,111,133,2018-02
4472,382,133,2018-02
4473,515,133,2018-02
4474,519,133,2018-02
4475,111,132,2018-02
4476,382,132,2018-02
4477,515,132,2018-02
4478,141,243,2018-02
4479,382,243,2018-02
4480,515,243,2018-02
4481,111,129,2018-02
4482,112,129,2018-02
4483,382,129,2018-02
4484,141,244,2018-02
4485,382,244,2018-02
4486,601,244,2018-02
4487,382,1028,2018-02
4488,601,1028,2018-02
4489,111,128,2018-02
4490,112,128,2018-02
4491,305,833,2018-02
4492,382,833,2018-02
4493,382,1025,2018-02
4494,515,1025,2018-02
4495,382,1027,2018-02
4496,599,1027,2018-02
4497,111,131,2018-02
4498,382,131,2018-02
4499,111,134,2018-02
4500,515,134,2018-02
4501,112,144,2018-02
4502,515,144,2018-02
4503,141,242,2018-02
4504,382,242,2018-02
4505,111,135,2018-02
4506,519,135,2018-02
4507,111,130,2018-02
4508,141,130,2018-02
4509,210,515,2018-02
4510,515,515,2018-02
4511,318,856,2018-02
4512,515,856,2018-02
4513,62,1576,2018-05
4514,209,1576,2018-05
4515,491,1576,2018-05
4516,62,1575,2018-05
4517,209,1575,2018-05
4518,233,1575,2018-05
4519,209,512,2018-05
4520,233,512,2018-05
4521,62,1581,2018-05
4522,459,1581,2018-05
4523,601,1581,2018-05
4524,62,1578,2018-05
4525,210,1578,2018-05
4526,491,1578,2018-05
4527,62,1573,2018-05
4528,205,1573,2018-05
4529,491,1573,2018-05
4530,62,1577,2018-05
4531,210,1577,2018-05
4532,89,1742,2018-05
4533,601,1742,2018-05
4534,62,1579,2018-05
4535,233,1579,2018-05
4536,62,1574,2018-05
4537,209,1574,2018-05
4538,209,513,2018-05
4539,459,513,2018-05
4540,62,1572,2018-05
4541,205,1572,2018-05
4542,62,1582,2018-05
4543,491,1582,2018-05
4544,491,1374,2018-05
4545,601,1374,2018-05
4546,62,1583,2018-05
4547,567,1583,2018-05
4548,68,1642,2018-05
4549,210,1642,2018-05
4550,62,1580,2018-05
4551,459,1580,2018-05
4552,62,1571,2018-05
4553,153,1571,2018-05
4554,62,1584,2018-05
4555,601,1584,2018-05
4556,459,1253,2018-05
4557,601,1253,2018-05
4558,258,711,2018-08
4559,296,711,2018-08
4560,362,711,2018-08
4561,417,711,2018-08
4562,586,711,2018-08
4563,258,709,2018-08
4564,296,709,2018-08
4565,338,709,2018-08
4566,362,709,2018-08
4567,417,709,2018-08
4568,258,710,2018-08
4569,296,710,2018-08
4570,362,710,2018-08
4571,417,710,2018-08
4572,296,803,2018-08
4573,338,803,2018-08
4574,362,803,2018-08
4575,417,803,2018-08
4576,296,805,2018-08
4577,362,805,2018-08
4578,417,805,2018-08
4579,25,686,2018-08
4580,77,686,2018-08
4581,362,686,2018-08
4582,417,686,2018-08
4583,586,686,2018-08
4584,362,973,2018-08
4585,417,973,2018-08
4586,586,973,2018-08
4587,25,687,2018-08
4588,77,687,2018-08
4589,362,687,2018-08
4590,586,687,2018-08
4591,25,678,2018-08
4592,248,678,2018-08
4593,77,1693,2018-08
4594,362,1693,2018-08
4595,514,1693,2018-08
4596,586,1693,2018-08
4597,77,1694,2018-08
4598,362,1694,2018-08
4599,586,1694,2018-08
4600,362,975,2018-08
4601,586,975,2018-08
4602,25,689,2018-08
4603,77,689,2018-08
4604,514,689,2018-08
4605,586,689,2018-08
4606,77,1695,2018-08
4607,514,1695,2018-08
4608,586,1695,2018-08
4609,25,688,2018-08
4610,77,688,2018-08
4611,417,688,2018-08
4612,586,688,2018-08
4613,25,692,2018-08
4614,98,692,2018-08
4615,305,692,2018-08
4616,25,685,2018-08
4617,586,685,2018-08
4618,596,685,2018-08
4619,25,693,2018-08
4620,98,693,2018-08
4621,586,693,2018-08
4622,296,802,2018-08
4623,338,802,2018-08
4624,362,974,2018-08
4625,514,974,2018-08
4626,98,1783,2018-08
4627,514,1783,2018-08
4628,98,1781,2018-08
4629,362,1781,2018-08
4630,417,1781,2018-08
4631,98,1780,2018-08
4632,362,1780,2018-08
4633,296,807,2018-08
4634,417,807,2018-08
4635,586,807,2018-08
4636,417,1152,2018-08
4637,586,1152,2018-08
4638,338,920,2018-08
4639,362,920,2018-08
4640,417,920,2018-08
4641,98,1779,2018-08
4642,248,1779,2018-08
4643,25,690,2018-08
4644,77,690,2018-08
4645,586,690,2018-08
4646,25,679,2018-08
4647,258,679,2018-08
4648,586,679,2018-08
4649,258,713,2018-08
4650,586,713,2018-08
4651,25,681,2018-08
4652,296,681,2018-08
4653,417,681,2018-08
4654,296,806,2018-08
4655,417,806,2018-08
4656,25,691,2018-08
4657,98,691,2018-08
4658,25,682,2018-08
4659,338,682,2018-08
4660,296,808,2018-08
4661,586,808,2018-08
4662,296,804,2018-08
4663,362,804,2018-08
4664,77,1697,2018-08
4665,586,1697,2018-08
4666,514,1406,2018-08
4667,586,1406,2018-08
4668,362,972,2018-08
4669,417,972,2018-08
4670,25,680,2018-08
4671,296,680,2018-08
4672,258,712,2018-08
4673,417,712,2018-08
4674,98,1785,2018-08
4675,596,1785,2018-08
4676,417,1153,2018-08
4677,596,1153,2018-08
4678,417,1151,2018-08
4679,556,1151,2018-08
4680,77,1696,2018-08
4681,556,1696,2018-08
4682,77,1692,2018-08
4683,362,1692,2018-08
4684,98,1782,2018-08
4685,417,1782,2018-08
4686,258,708,2018-08
4687,296,708,2018-08
4688,25,683,2018-08
4689,417,683,2018-08
4690,258,714,2018-08
4691,596,714,2018-08
4692,25,684,2018-08
4693,586,684,2018-08
4694,556,1435,2018-08
4695,586,1435,2018-08
4696,248,671,2018-08
4697,258,671,2018-08
4698,98,1784,2018-08
4699,586,1784,2018-08
4700,586,1509,2018-08
4701,596,1509,2018-08
4702,184,419,2018-11
4703,331,419,2018-11
