,user_id,group_id,period
0,107,70,1996-05
1,536,70,1996-05
2,40,729,1996-05
3,99,729,1996-05
4,107,729,1996-05
5,107,67,1996-05
6,130,67,1996-05
7,40,731,1996-05
8,99,731,1996-05
9,353,731,1996-05
10,35,618,1996-05
11,107,618,1996-05
12,429,618,1996-05
13,468,618,1996-05
14,107,68,1996-05
15,134,68,1996-05
16,35,619,1996-05
17,40,619,1996-05
18,107,619,1996-05
19,107,69,1996-05
20,136,69,1996-05
21,40,721,1996-05
22,107,721,1996-05
23,35,617,1996-05
24,107,617,1996-05
25,136,131,1996-05
26,284,131,1996-05
27,40,724,1996-05
28,191,724,1996-05
29,353,724,1996-05
30,40,730,1996-05
31,99,730,1996-05
32,191,730,1996-05
33,353,630,1996-05
34,444,630,1996-05
35,604,630,1996-05
36,191,285,1996-05
37,284,285,1996-05
38,353,285,1996-05
39,40,726,1996-05
40,353,726,1996-05
41,40,725,1996-05
42,191,725,1996-05
43,444,725,1996-05
44,35,621,1996-05
45,429,621,1996-05
46,536,621,1996-05
47,40,727,1996-05
48,536,727,1996-05
49,99,1232,1996-05
50,191,1232,1996-05
51,353,1232,1996-05
52,99,1230,1996-05
53,136,1230,1996-05
54,353,1230,1996-05
55,35,622,1996-05
56,99,622,1996-05
57,429,622,1996-05
58,99,1234,1996-05
59,284,1234,1996-05
60,353,1234,1996-05
61,284,504,1996-05
62,353,504,1996-05
63,99,1235,1996-05
64,353,1235,1996-05
65,99,1237,1996-05
66,536,1237,1996-05
67,136,135,1996-05
68,536,135,1996-05
69,99,1229,1996-05
70,136,1229,1996-05
71,353,629,1996-05
72,444,629,1996-05
73,353,628,1996-05
74,436,628,1996-05
75,99,1233,1996-05
76,284,1233,1996-05
77,134,129,1996-05
78,429,129,1996-05
79,468,129,1996-05
80,429,776,1996-05
81,468,776,1996-05
82,99,1231,1996-05
83,191,1231,1996-05
84,35,620,1996-05
85,429,620,1996-05
86,136,133,1996-05
87,429,133,1996-05
88,99,1228,1996-05
89,130,1228,1996-05
90,191,287,1996-05
91,444,287,1996-05
92,191,286,1996-05
93,353,286,1996-05
94,136,132,1996-05
95,353,132,1996-05
96,40,728,1996-05
97,99,728,1996-05
98,40,723,1996-05
99,191,723,1996-05
100,284,506,1996-05
101,536,506,1996-05
102,99,1236,1996-05
103,429,1236,1996-05
104,136,134,1996-05
105,468,134,1996-05
106,40,722,1996-05
107,136,722,1996-05
108,284,505,1996-05
109,429,505,1996-05
110,109,74,1996-08
111,162,74,1996-08
112,179,74,1996-08
113,455,74,1996-08
114,476,74,1996-08
115,486,74,1996-08
116,498,74,1996-08
117,512,74,1996-08
118,38,648,1996-08
119,109,648,1996-08
120,176,648,1996-08
121,179,648,1996-08
122,229,648,1996-08
123,447,648,1996-08
124,486,648,1996-08
125,498,648,1996-08
126,512,648,1996-08
127,574,648,1996-08
128,588,648,1996-08
129,602,648,1996-08
130,109,80,1996-08
131,179,80,1996-08
132,486,80,1996-08
133,498,80,1996-08
134,512,80,1996-08
135,541,80,1996-08
136,584,80,1996-08
137,592,80,1996-08
138,109,79,1996-08
139,179,79,1996-08
140,486,79,1996-08
141,498,79,1996-08
142,512,79,1996-08
143,176,229,1996-08
144,455,229,1996-08
145,512,229,1996-08
146,574,229,1996-08
147,588,229,1996-08
148,602,229,1996-08
149,56,1005,1996-08
150,235,1005,1996-08
151,349,1005,1996-08
152,411,1005,1996-08
153,455,1005,1996-08
154,485,1005,1996-08
155,512,1005,1996-08
156,592,1005,1996-08
157,46,860,1996-08
158,176,860,1996-08
159,512,860,1996-08
160,574,860,1996-08
161,588,860,1996-08
162,592,860,1996-08
163,602,860,1996-08
164,176,232,1996-08
165,512,232,1996-08
166,574,232,1996-08
167,588,232,1996-08
168,602,232,1996-08
169,38,649,1996-08
170,176,649,1996-08
171,229,649,1996-08
172,476,649,1996-08
173,486,649,1996-08
174,498,649,1996-08
175,512,649,1996-08
176,588,649,1996-08
177,602,649,1996-08
178,476,915,1996-08
179,486,915,1996-08
180,498,915,1996-08
181,512,915,1996-08
182,541,915,1996-08
183,592,915,1996-08
184,476,914,1996-08
185,486,914,1996-08
186,498,914,1996-08
187,512,914,1996-08
188,38,655,1996-08
189,46,655,1996-08
190,176,655,1996-08
191,229,655,1996-08
192,486,655,1996-08
193,498,655,1996-08
194,512,655,1996-08
195,541,655,1996-08
196,588,655,1996-08
197,592,655,1996-08
198,602,655,1996-08
199,38,650,1996-08
200,176,650,1996-08
201,229,650,1996-08
202,486,650,1996-08
203,498,650,1996-08
204,512,650,1996-08
205,588,650,1996-08
206,602,650,1996-08
207,486,936,1996-08
208,498,936,1996-08
209,512,936,1996-08
210,541,936,1996-08
211,592,936,1996-08
212,486,935,1996-08
213,498,935,1996-08
214,512,935,1996-08
215,46,858,1996-08
216,176,858,1996-08
217,242,858,1996-08
218,512,858,1996-08
219,588,858,1996-08
220,592,858,1996-08
221,602,858,1996-08
222,46,861,1996-08
223,176,861,1996-08
224,512,861,1996-08
225,588,861,1996-08
226,592,861,1996-08
227,602,861,1996-08
228,176,234,1996-08
229,512,234,1996-08
230,588,234,1996-08
231,602,234,1996-08
232,512,981,1996-08
233,592,981,1996-08
234,229,368,1996-08
235,385,368,1996-08
236,486,368,1996-08
237,498,368,1996-08
238,192,288,1996-08
239,235,288,1996-08
240,411,288,1996-08
241,485,288,1996-08
242,486,288,1996-08
243,498,288,1996-08
244,584,288,1996-08
245,592,288,1996-08
246,229,374,1996-08
247,486,374,1996-08
248,498,374,1996-08
249,584,374,1996-08
250,592,374,1996-08
251,486,939,1996-08
252,498,939,1996-08
253,584,939,1996-08
254,592,939,1996-08
255,142,148,1996-08
256,235,148,1996-08
257,411,148,1996-08
258,485,148,1996-08
259,592,148,1996-08
260,235,393,1996-08
261,411,393,1996-08
262,485,393,1996-08
263,592,393,1996-08
264,229,375,1996-08
265,486,375,1996-08
266,498,375,1996-08
267,592,375,1996-08
268,229,373,1996-08
269,486,373,1996-08
270,498,373,1996-08
271,486,940,1996-08
272,498,940,1996-08
273,592,940,1996-08
274,102,47,1996-08
275,109,47,1996-08
276,411,47,1996-08
277,486,47,1996-08
278,512,47,1996-08
279,109,81,1996-08
280,229,81,1996-08
281,447,81,1996-08
282,486,81,1996-08
283,512,81,1996-08
284,588,81,1996-08
285,602,81,1996-08
286,109,86,1996-08
287,486,86,1996-08
288,512,86,1996-08
289,142,149,1996-08
290,242,149,1996-08
291,411,149,1996-08
292,512,149,1996-08
293,588,149,1996-08
294,602,149,1996-08
295,229,365,1996-08
296,242,365,1996-08
297,486,365,1996-08
298,512,365,1996-08
299,588,365,1996-08
300,602,365,1996-08
301,229,376,1996-08
302,486,376,1996-08
303,512,376,1996-08
304,588,376,1996-08
305,602,376,1996-08
306,242,421,1996-08
307,512,421,1996-08
308,588,421,1996-08
309,602,421,1996-08
310,142,145,1996-08
311,229,145,1996-08
312,411,145,1996-08
313,486,145,1996-08
314,8,1181,1996-08
315,38,1181,1996-08
316,162,1181,1996-08
317,314,1181,1996-08
318,455,1181,1996-08
319,512,1181,1996-08
320,602,1181,1996-08
321,162,190,1996-08
322,235,190,1996-08
323,411,190,1996-08
324,444,190,1996-08
325,455,190,1996-08
326,512,190,1996-08
327,162,194,1996-08
328,455,194,1996-08
329,512,194,1996-08
330,142,147,1996-08
331,235,147,1996-08
332,411,147,1996-08
333,455,147,1996-08
334,512,147,1996-08
335,602,147,1996-08
336,455,848,1996-08
337,512,848,1996-08
338,602,848,1996-08
339,235,392,1996-08
340,411,392,1996-08
341,455,392,1996-08
342,512,392,1996-08
343,455,847,1996-08
344,512,847,1996-08
345,142,146,1996-08
346,235,146,1996-08
347,411,146,1996-08
348,142,151,1996-08
349,411,151,1996-08
350,512,151,1996-08
351,602,151,1996-08
352,411,756,1996-08
353,512,756,1996-08
354,142,150,1996-08
355,411,150,1996-08
356,176,216,1996-08
357,179,216,1996-08
358,229,216,1996-08
359,314,216,1996-08
360,385,216,1996-08
361,476,216,1996-08
362,486,216,1996-08
363,602,216,1996-08
364,179,251,1996-08
365,476,251,1996-08
366,486,251,1996-08
367,584,251,1996-08
368,592,251,1996-08
369,179,250,1996-08
370,476,250,1996-08
371,486,250,1996-08
372,176,217,1996-08
373,179,217,1996-08
374,229,217,1996-08
375,486,217,1996-08
376,584,217,1996-08
377,592,217,1996-08
378,602,217,1996-08
379,176,218,1996-08
380,179,218,1996-08
381,229,218,1996-08
382,486,218,1996-08
383,602,218,1996-08
384,179,257,1996-08
385,486,257,1996-08
386,584,257,1996-08
387,592,257,1996-08
388,176,227,1996-08
389,273,227,1996-08
390,592,227,1996-08
391,602,227,1996-08
392,176,220,1996-08
393,229,220,1996-08
394,476,220,1996-08
395,486,220,1996-08
396,592,220,1996-08
397,602,220,1996-08
398,176,221,1996-08
399,229,221,1996-08
400,476,221,1996-08
401,486,221,1996-08
402,602,221,1996-08
403,476,916,1996-08
404,486,916,1996-08
405,592,916,1996-08
406,476,913,1996-08
407,486,913,1996-08
408,176,222,1996-08
409,229,222,1996-08
410,486,222,1996-08
411,592,222,1996-08
412,602,222,1996-08
413,176,223,1996-08
414,229,223,1996-08
415,486,223,1996-08
416,602,223,1996-08
417,176,240,1996-08
418,592,240,1996-08
419,602,240,1996-08
420,229,369,1996-08
421,385,369,1996-08
422,486,369,1996-08
423,584,369,1996-08
424,592,369,1996-08
425,229,367,1996-08
426,385,367,1996-08
427,486,367,1996-08
428,229,377,1996-08
429,486,377,1996-08
430,584,377,1996-08
431,592,377,1996-08
432,229,378,1996-08
433,486,378,1996-08
434,592,378,1996-08
435,229,379,1996-08
436,486,379,1996-08
437,602,379,1996-08
438,229,372,1996-08
439,486,372,1996-08
440,314,552,1996-08
441,602,552,1996-08
442,56,1002,1996-08
443,102,1002,1996-08
444,512,1002,1996-08
445,584,1002,1996-08
446,14,136,1996-08
447,176,136,1996-08
448,512,136,1996-08
449,574,136,1996-08
450,584,136,1996-08
451,602,136,1996-08
452,56,1003,1996-08
453,176,1003,1996-08
454,242,1003,1996-08
455,512,1003,1996-08
456,574,1003,1996-08
457,602,1003,1996-08
458,56,1010,1996-08
459,512,1010,1996-08
460,176,233,1996-08
461,512,233,1996-08
462,574,233,1996-08
463,602,233,1996-08
464,176,224,1996-08
465,242,224,1996-08
466,512,224,1996-08
467,602,224,1996-08
468,176,235,1996-08
469,512,235,1996-08
470,602,235,1996-08
471,102,48,1996-08
472,242,48,1996-08
473,512,48,1996-08
474,602,48,1996-08
475,102,49,1996-08
476,512,49,1996-08
477,242,422,1996-08
478,512,422,1996-08
479,602,422,1996-08
480,176,238,1996-08
481,584,238,1996-08
482,602,238,1996-08
483,176,241,1996-08
484,602,241,1996-08
485,8,1182,1996-08
486,38,1182,1996-08
487,512,1182,1996-08
488,588,1182,1996-08
489,602,1182,1996-08
490,38,656,1996-08
491,46,656,1996-08
492,394,656,1996-08
493,512,656,1996-08
494,541,656,1996-08
495,588,656,1996-08
496,602,656,1996-08
497,46,856,1996-08
498,142,856,1996-08
499,512,856,1996-08
500,588,856,1996-08
501,602,856,1996-08
502,38,657,1996-08
503,46,657,1996-08
504,512,657,1996-08
505,541,657,1996-08
506,588,657,1996-08
507,602,657,1996-08
508,38,659,1996-08
509,512,659,1996-08
510,588,659,1996-08
511,602,659,1996-08
512,512,977,1996-08
513,541,977,1996-08
514,46,892,1996-08
515,512,892,1996-08
516,588,892,1996-08
517,602,892,1996-08
518,142,158,1996-08
519,512,158,1996-08
520,588,158,1996-08
521,602,158,1996-08
522,512,980,1996-08
523,588,980,1996-08
524,602,980,1996-08
525,8,1180,1996-08
526,38,1180,1996-08
527,142,1180,1996-08
528,512,1180,1996-08
529,602,1180,1996-08
530,8,1183,1996-08
531,38,1183,1996-08
532,512,1183,1996-08
533,602,1183,1996-08
534,38,660,1996-08
535,512,660,1996-08
536,602,660,1996-08
537,142,159,1996-08
538,512,159,1996-08
539,602,159,1996-08
540,447,815,1996-08
541,476,815,1996-08
542,498,815,1996-08
543,574,815,1996-08
544,588,815,1996-08
545,46,878,1996-08
546,447,878,1996-08
547,498,878,1996-08
548,574,878,1996-08
549,588,878,1996-08
550,592,878,1996-08
551,447,819,1996-08
552,498,819,1996-08
553,574,819,1996-08
554,588,819,1996-08
555,46,855,1996-08
556,142,855,1996-08
557,273,855,1996-08
558,574,855,1996-08
559,588,855,1996-08
560,592,855,1996-08
561,46,896,1996-08
562,574,896,1996-08
563,588,896,1996-08
564,592,896,1996-08
565,574,1044,1996-08
566,588,1044,1996-08
567,46,880,1996-08
568,476,880,1996-08
569,498,880,1996-08
570,588,880,1996-08
571,592,880,1996-08
572,476,918,1996-08
573,498,918,1996-08
574,588,918,1996-08
575,476,919,1996-08
576,498,919,1996-08
577,592,919,1996-08
578,476,917,1996-08
579,498,917,1996-08
580,46,890,1996-08
581,498,890,1996-08
582,588,890,1996-08
583,592,890,1996-08
584,498,960,1996-08
585,588,960,1996-08
586,46,900,1996-08
587,588,900,1996-08
588,592,900,1996-08
589,142,157,1996-08
590,498,157,1996-08
591,592,157,1996-08
592,142,162,1996-08
593,592,162,1996-08
594,142,152,1996-08
595,447,152,1996-08
596,588,152,1996-08
597,447,822,1996-08
598,588,822,1996-08
599,46,857,1996-08
600,142,857,1996-08
601,588,857,1996-08
602,46,899,1996-08
603,588,899,1996-08
604,142,161,1996-08
605,588,161,1996-08
606,179,252,1996-08
607,485,252,1996-08
608,486,252,1996-08
609,498,252,1996-08
610,541,252,1996-08
611,584,252,1996-08
612,179,255,1996-08
613,486,255,1996-08
614,498,255,1996-08
615,541,255,1996-08
616,584,255,1996-08
617,179,254,1996-08
618,486,254,1996-08
619,498,254,1996-08
620,142,154,1996-08
621,485,154,1996-08
622,486,154,1996-08
623,498,154,1996-08
624,584,154,1996-08
625,485,925,1996-08
626,486,925,1996-08
627,498,925,1996-08
628,584,925,1996-08
629,486,938,1996-08
630,498,938,1996-08
631,584,938,1996-08
632,142,153,1996-08
633,485,153,1996-08
634,142,155,1996-08
635,486,155,1996-08
636,179,256,1996-08
637,486,256,1996-08
638,584,256,1996-08
639,179,253,1996-08
640,486,253,1996-08
641,142,160,1996-08
642,541,160,1996-08
643,142,156,1996-08
644,498,156,1996-08
645,8,1192,1996-08
646,498,1192,1996-08
647,56,1006,1996-08
648,235,1006,1996-08
649,498,1006,1996-08
650,584,1006,1996-08
651,592,1006,1996-08
652,46,889,1996-08
653,498,889,1996-08
654,584,889,1996-08
655,592,889,1996-08
656,46,895,1996-08
657,56,895,1996-08
658,235,895,1996-08
659,273,895,1996-08
660,592,895,1996-08
661,56,1007,1996-08
662,235,1007,1996-08
663,592,1007,1996-08
664,235,398,1996-08
665,498,398,1996-08
666,584,398,1996-08
667,592,398,1996-08
668,498,959,1996-08
669,584,959,1996-08
670,592,959,1996-08
671,8,1177,1996-08
672,235,1177,1996-08
673,46,871,1996-08
674,273,871,1996-08
675,498,871,1996-08
676,592,871,1996-08
677,192,289,1996-08
678,349,289,1996-08
679,485,289,1996-08
680,498,289,1996-08
681,541,289,1996-08
682,584,289,1996-08
683,349,615,1996-08
684,485,615,1996-08
685,192,291,1996-08
686,485,291,1996-08
687,498,291,1996-08
688,584,291,1996-08
689,485,926,1996-08
690,498,926,1996-08
691,541,926,1996-08
692,584,926,1996-08
693,498,956,1996-08
694,541,956,1996-08
695,584,956,1996-08
696,485,927,1996-08
697,498,927,1996-08
698,584,927,1996-08
699,8,1175,1996-08
700,176,1175,1996-08
701,46,862,1996-08
702,176,862,1996-08
703,584,862,1996-08
704,592,862,1996-08
705,46,859,1996-08
706,176,859,1996-08
707,485,859,1996-08
708,592,859,1996-08
709,46,863,1996-08
710,176,863,1996-08
711,592,863,1996-08
712,192,293,1996-08
713,485,293,1996-08
714,584,293,1996-08
715,592,293,1996-08
716,485,933,1996-08
717,592,933,1996-08
718,176,237,1996-08
719,584,237,1996-08
720,592,237,1996-08
721,8,1189,1996-08
722,46,1189,1996-08
723,584,1189,1996-08
724,592,1189,1996-08
725,56,1004,1996-08
726,192,1004,1996-08
727,411,1004,1996-08
728,486,1004,1996-08
729,541,1004,1996-08
730,584,1004,1996-08
731,592,1004,1996-08
732,486,944,1996-08
733,541,944,1996-08
734,584,944,1996-08
735,592,944,1996-08
736,56,1008,1996-08
737,411,1008,1996-08
738,592,1008,1996-08
739,486,945,1996-08
740,541,945,1996-08
741,592,945,1996-08
742,192,290,1996-08
743,411,290,1996-08
744,486,290,1996-08
745,584,290,1996-08
746,592,290,1996-08
747,486,947,1996-08
748,584,947,1996-08
749,592,947,1996-08
750,486,943,1996-08
751,541,943,1996-08
752,584,943,1996-08
753,56,1013,1996-08
754,584,1013,1996-08
755,592,1013,1996-08
756,56,1014,1996-08
757,592,1014,1996-08
758,56,1012,1996-08
759,584,1012,1996-08
760,192,294,1996-08
761,541,294,1996-08
762,584,294,1996-08
763,192,296,1996-08
764,584,296,1996-08
765,592,296,1996-08
766,8,1190,1996-08
767,476,1190,1996-08
768,411,748,1996-08
769,476,748,1996-08
770,485,748,1996-08
771,541,748,1996-08
772,584,748,1996-08
773,46,894,1996-08
774,541,894,1996-08
775,584,894,1996-08
776,46,875,1996-08
777,411,875,1996-08
778,485,875,1996-08
779,46,881,1996-08
780,476,881,1996-08
781,541,881,1996-08
782,411,750,1996-08
783,485,750,1996-08
784,584,750,1996-08
785,411,749,1996-08
786,485,749,1996-08
787,8,1184,1996-08
788,411,1184,1996-08
789,8,1187,1996-08
790,46,1187,1996-08
791,541,1187,1996-08
792,46,893,1996-08
793,541,893,1996-08
794,485,931,1996-08
795,541,931,1996-08
796,584,931,1996-08
797,8,1186,1996-08
798,46,1186,1996-08
799,485,1186,1996-08
800,584,1186,1996-08
801,8,1188,1996-08
802,46,1188,1996-08
803,584,1188,1996-08
804,8,1185,1996-08
805,46,1185,1996-08
806,8,1174,1996-08
807,170,1174,1996-08
808,179,1174,1996-08
809,229,1174,1996-08
810,179,245,1996-08
811,229,245,1996-08
812,109,75,1996-08
813,162,75,1996-08
814,235,75,1996-08
815,411,75,1996-08
816,498,75,1996-08
817,109,76,1996-08
818,162,76,1996-08
819,498,76,1996-08
820,109,87,1996-08
821,498,87,1996-08
822,235,394,1996-08
823,411,394,1996-08
824,498,394,1996-08
825,162,189,1996-08
826,235,189,1996-08
827,411,189,1996-08
828,235,391,1996-08
829,411,391,1996-08
830,235,397,1996-08
831,498,397,1996-08
832,179,246,1996-08
833,235,246,1996-08
834,349,246,1996-08
835,584,246,1996-08
836,235,390,1996-08
837,349,390,1996-08
838,179,247,1996-08
839,243,247,1996-08
840,584,247,1996-08
841,349,616,1996-08
842,584,616,1996-08
843,179,249,1996-08
844,349,249,1996-08
845,507,249,1996-08
846,179,248,1996-08
847,349,248,1996-08
848,235,388,1996-08
849,243,388,1996-08
850,235,395,1996-08
851,476,395,1996-08
852,584,395,1996-08
853,592,395,1996-08
854,273,485,1996-08
855,476,485,1996-08
856,584,485,1996-08
857,592,485,1996-08
858,476,922,1996-08
859,584,922,1996-08
860,592,922,1996-08
861,46,870,1996-08
862,273,870,1996-08
863,476,870,1996-08
864,592,870,1996-08
865,46,883,1996-08
866,476,883,1996-08
867,592,883,1996-08
868,273,486,1996-08
869,476,486,1996-08
870,592,486,1996-08
871,476,923,1996-08
872,592,923,1996-08
873,46,866,1996-08
874,235,866,1996-08
875,273,866,1996-08
876,584,866,1996-08
877,592,866,1996-08
878,46,867,1996-08
879,235,867,1996-08
880,273,867,1996-08
881,592,867,1996-08
882,235,400,1996-08
883,584,400,1996-08
884,592,400,1996-08
885,273,489,1996-08
886,584,489,1996-08
887,592,489,1996-08
888,46,873,1996-08
889,273,873,1996-08
890,592,873,1996-08
891,273,491,1996-08
892,592,491,1996-08
893,46,898,1996-08
894,584,898,1996-08
895,592,898,1996-08
896,46,882,1996-08
897,476,882,1996-08
898,584,882,1996-08
899,46,879,1996-08
900,476,879,1996-08
901,235,399,1996-08
902,584,399,1996-08
903,411,753,1996-08
904,486,753,1996-08
905,498,753,1996-08
906,541,753,1996-08
907,411,752,1996-08
908,486,752,1996-08
909,498,752,1996-08
910,243,427,1996-08
911,486,427,1996-08
912,498,427,1996-08
913,541,427,1996-08
914,486,937,1996-08
915,498,937,1996-08
916,541,937,1996-08
917,486,934,1996-08
918,498,934,1996-08
919,498,955,1996-08
920,541,955,1996-08
921,411,754,1996-08
922,486,754,1996-08
923,541,754,1996-08
924,411,751,1996-08
925,486,751,1996-08
926,486,942,1996-08
927,541,942,1996-08
928,243,424,1996-08
929,411,424,1996-08
930,498,424,1996-08
931,411,755,1996-08
932,498,755,1996-08
933,243,429,1996-08
934,498,429,1996-08
935,46,865,1996-08
936,229,865,1996-08
937,584,865,1996-08
938,46,869,1996-08
939,273,869,1996-08
940,411,869,1996-08
941,46,864,1996-08
942,229,864,1996-08
943,229,371,1996-08
944,411,371,1996-08
945,584,371,1996-08
946,229,370,1996-08
947,411,370,1996-08
948,229,366,1996-08
949,273,366,1996-08
950,584,366,1996-08
951,229,380,1996-08
952,584,380,1996-08
953,46,876,1996-08
954,411,876,1996-08
955,584,876,1996-08
956,46,874,1996-08
957,411,874,1996-08
958,46,872,1996-08
959,273,872,1996-08
960,584,872,1996-08
961,273,488,1996-08
962,584,488,1996-08
963,46,868,1996-08
964,273,868,1996-08
965,485,929,1996-08
966,512,929,1996-08
967,584,929,1996-08
968,485,930,1996-08
969,512,930,1996-08
970,602,930,1996-08
971,485,928,1996-08
972,512,928,1996-08
973,512,979,1996-08
974,584,979,1996-08
975,602,979,1996-08
976,512,978,1996-08
977,584,978,1996-08
978,512,982,1996-08
979,602,982,1996-08
980,243,425,1996-08
981,485,425,1996-08
982,584,425,1996-08
983,176,219,1996-08
984,192,219,1996-08
985,584,219,1996-08
986,176,236,1996-08
987,584,236,1996-08
988,242,418,1996-08
989,273,418,1996-08
990,512,418,1996-08
991,242,419,1996-08
992,486,419,1996-08
993,512,419,1996-08
994,486,941,1996-08
995,512,941,1996-08
996,8,1176,1996-08
997,192,1176,1996-08
998,485,1176,1996-08
999,584,1176,1996-08
1000,192,292,1996-08
1001,485,292,1996-08
1002,584,292,1996-08
1003,8,1191,1996-08
1004,485,1191,1996-08
1005,584,1191,1996-08
1006,8,1194,1996-08
1007,584,1194,1996-08
1008,192,295,1996-08
1009,584,295,1996-08
1010,102,50,1996-08
1011,588,50,1996-08
1012,38,661,1996-08
1013,588,661,1996-08
1014,273,490,1996-08
1015,588,490,1996-08
1016,14,137,1996-08
1017,46,137,1996-08
1018,447,137,1996-08
1019,486,137,1996-08
1020,46,886,1996-08
1021,486,886,1996-08
1022,46,877,1996-08
1023,447,877,1996-08
1024,447,817,1996-08
1025,486,817,1996-08
1026,584,817,1996-08
1027,602,817,1996-08
1028,447,818,1996-08
1029,486,818,1996-08
1030,602,818,1996-08
1031,486,948,1996-08
1032,584,948,1996-08
1033,602,948,1996-08
1034,486,951,1996-08
1035,602,951,1996-08
1036,584,1071,1996-08
1037,602,1071,1996-08
1038,162,193,1996-08
1039,411,193,1996-08
1040,541,193,1996-08
1041,584,193,1996-08
1042,411,758,1996-08
1043,541,758,1996-08
1044,584,758,1996-08
1045,162,192,1996-08
1046,411,192,1996-08
1047,411,757,1996-08
1048,541,757,1996-08
1049,411,759,1996-08
1050,584,759,1996-08
1051,109,84,1996-08
1052,411,84,1996-08
1053,592,84,1996-08
1054,109,78,1996-08
1055,176,78,1996-08
1056,592,78,1996-08
1057,109,77,1996-08
1058,176,77,1996-08
1059,109,89,1996-08
1060,592,89,1996-08
1061,176,228,1996-08
1062,411,228,1996-08
1063,592,228,1996-08
1064,411,760,1996-08
1065,592,760,1996-08
1066,109,83,1996-08
1067,411,83,1996-08
1068,109,73,1996-08
1069,162,73,1996-08
1070,498,957,1996-08
1071,574,957,1996-08
1072,56,1009,1996-08
1073,498,1009,1996-08
1074,38,653,1996-08
1075,385,653,1996-08
1076,385,670,1996-08
1077,411,670,1996-08
1078,38,654,1996-08
1079,411,654,1996-08
1080,8,1193,1996-08
1081,512,1193,1996-08
1082,242,420,1996-08
1083,512,420,1996-08
1084,162,196,1996-08
1085,476,196,1996-08
1086,584,196,1996-08
1087,162,195,1996-08
1088,476,195,1996-08
1089,476,921,1996-08
1090,584,921,1996-08
1091,162,197,1996-08
1092,584,197,1996-08
1093,109,85,1996-08
1094,447,85,1996-08
1095,512,85,1996-08
1096,109,88,1996-08
1097,512,88,1996-08
1098,46,885,1996-08
1099,485,885,1996-08
1100,584,885,1996-08
1101,46,884,1996-08
1102,485,884,1996-08
1103,485,932,1996-08
1104,584,932,1996-08
1105,235,387,1996-08
1106,242,387,1996-08
1107,602,387,1996-08
1108,235,402,1996-08
1109,602,402,1996-08
1110,242,423,1996-08
1111,602,423,1996-08
1112,176,226,1996-08
1113,273,226,1996-08
1114,486,226,1996-08
1115,273,487,1996-08
1116,486,487,1996-08
1117,385,672,1996-08
1118,602,672,1996-08
1119,46,891,1996-08
1120,498,891,1996-08
1121,592,891,1996-08
1122,498,961,1996-08
1123,592,961,1996-08
1124,46,901,1996-08
1125,592,901,1996-08
1126,8,1179,1996-08
1127,38,1179,1996-08
1128,8,1178,1996-08
1129,273,1178,1996-08
1130,447,820,1996-08
1131,541,820,1996-08
1132,447,814,1996-08
1133,476,814,1996-08
1134,476,920,1996-08
1135,541,920,1996-08
1136,46,888,1996-08
1137,498,888,1996-08
1138,584,888,1996-08
1139,498,958,1996-08
1140,584,958,1996-08
1141,46,897,1996-08
1142,584,897,1996-08
1143,46,887,1996-08
1144,498,887,1996-08
1145,273,483,1996-08
1146,314,483,1996-08
1147,38,651,1996-08
1148,273,651,1996-08
1149,541,996,1996-08
1150,584,996,1996-08
1151,592,996,1996-08
1152,541,997,1996-08
1153,592,997,1996-08
1154,541,995,1996-08
1155,584,995,1996-08
1156,447,813,1996-08
1157,455,813,1996-08
1158,455,849,1996-08
1159,584,849,1996-08
1160,447,821,1996-08
1161,584,821,1996-08
1162,162,198,1996-08
1163,602,198,1996-08
1164,176,231,1996-08
1165,486,231,1996-08
1166,592,231,1996-08
1167,176,239,1996-08
1168,592,239,1996-08
1169,176,230,1996-08
1170,486,230,1996-08
1171,243,428,1996-08
1172,486,428,1996-08
1173,584,428,1996-08
1174,486,946,1996-08
1175,584,946,1996-08
1176,235,396,1996-08
1177,486,396,1996-08
1178,592,396,1996-08
1179,235,401,1996-08
1180,592,401,1996-08
1181,486,950,1996-08
1182,592,950,1996-08
1183,486,949,1996-08
1184,588,949,1996-08
1185,38,652,1996-08
1186,314,652,1996-08
1187,14,139,1996-08
1188,602,139,1996-08
1189,273,484,1996-08
1190,385,484,1996-08
1191,109,82,1996-08
1192,235,82,1996-08
1193,243,426,1996-08
1194,486,426,1996-08
1195,38,658,1996-08
1196,512,658,1996-08
1197,179,259,1996-08
1198,584,259,1996-08
1199,235,389,1996-08
1200,273,389,1996-08
1201,14,138,1996-08
1202,584,138,1996-08
1203,447,816,1996-08
1204,486,816,1996-08
1205,56,1011,1996-08
1206,574,1011,1996-08
1207,243,430,1996-08
1208,584,430,1996-08
1209,176,225,1996-08
1210,273,225,1996-08
1211,584,1070,1996-08
1212,592,1070,1996-08
1213,162,191,1996-08
1214,262,191,1996-08
1215,6,1091,1996-11
1216,240,1091,1996-11
1217,379,1091,1996-11
1218,458,1091,1996-11
1219,470,1091,1996-11
1220,566,1091,1996-11
1221,6,1130,1996-11
1222,58,1130,1996-11
1223,94,1130,1996-11
1224,117,1130,1996-11
1225,340,1130,1996-11
1226,566,1130,1996-11
1227,6,1118,1996-11
1228,566,1118,1996-11
1229,6,1127,1996-11
1230,58,1127,1996-11
1231,340,1127,1996-11
1232,379,1127,1996-11
1233,458,1127,1996-11
1234,6,1109,1996-11
1235,43,1109,1996-11
1236,379,1109,1996-11
1237,458,1109,1996-11
1238,530,1109,1996-11
1239,6,1102,1996-11
1240,379,1102,1996-11
1241,458,1102,1996-11
1242,6,1121,1996-11
1243,58,1121,1996-11
1244,126,1121,1996-11
1245,340,1121,1996-11
1246,58,1047,1996-11
1247,117,1047,1996-11
1248,470,1047,1996-11
1249,566,1047,1996-11
1250,173,205,1996-11
1251,470,205,1996-11
1252,566,205,1996-11
1253,470,909,1996-11
1254,566,909,1996-11
1255,58,1046,1996-11
1256,117,1046,1996-11
1257,373,1046,1996-11
1258,566,1046,1996-11
1259,58,1048,1996-11
1260,117,1048,1996-11
1261,566,1048,1996-11
1262,58,1060,1996-11
1263,374,1060,1996-11
1264,5,969,1996-11
1265,58,969,1996-11
1266,373,969,1996-11
1267,565,969,1996-11
1268,6,1098,1996-11
1269,340,1098,1996-11
1270,458,1098,1996-11
1271,470,1098,1996-11
1272,6,1099,1996-11
1273,340,1099,1996-11
1274,559,1099,1996-11
1275,6,1087,1996-11
1276,174,1087,1996-11
1277,340,1087,1996-11
1278,458,1087,1996-11
1279,6,1097,1996-11
1280,340,1097,1996-11
1281,458,1097,1996-11
1282,6,1107,1996-11
1283,43,1107,1996-11
1284,181,1107,1996-11
1285,458,1107,1996-11
1286,470,1107,1996-11
1287,530,1107,1996-11
1288,6,1106,1996-11
1289,43,1106,1996-11
1290,174,1106,1996-11
1291,458,1106,1996-11
1292,530,1106,1996-11
1293,6,1111,1996-11
1294,43,1111,1996-11
1295,458,1111,1996-11
1296,530,1111,1996-11
1297,6,1085,1996-11
1298,174,1085,1996-11
1299,181,1085,1996-11
1300,458,1085,1996-11
1301,470,1085,1996-11
1302,6,1089,1996-11
1303,181,1089,1996-11
1304,458,1089,1996-11
1305,470,1089,1996-11
1306,6,1115,1996-11
1307,458,1115,1996-11
1308,470,1115,1996-11
1309,6,1088,1996-11
1310,174,1088,1996-11
1311,458,1088,1996-11
1312,43,783,1996-11
1313,181,783,1996-11
1314,240,783,1996-11
1315,379,783,1996-11
1316,240,413,1996-11
1317,379,413,1996-11
1318,181,263,1996-11
1319,559,263,1996-11
1320,43,782,1996-11
1321,181,782,1996-11
1322,43,780,1996-11
1323,174,780,1996-11
1324,340,780,1996-11
1325,379,780,1996-11
1326,458,780,1996-11
1327,340,610,1996-11
1328,379,610,1996-11
1329,458,610,1996-11
1330,43,791,1996-11
1331,379,791,1996-11
1332,458,791,1996-11
1333,379,647,1996-11
1334,458,647,1996-11
1335,174,212,1996-11
1336,340,212,1996-11
1337,458,212,1996-11
1338,340,611,1996-11
1339,458,611,1996-11
1340,43,781,1996-11
1341,174,781,1996-11
1342,458,781,1996-11
1343,43,790,1996-11
1344,379,790,1996-11
1345,6,1125,1996-11
1346,58,1125,1996-11
1347,240,1125,1996-11
1348,458,1125,1996-11
1349,6,1092,1996-11
1350,240,1092,1996-11
1351,458,1092,1996-11
1352,6,1122,1996-11
1353,58,1122,1996-11
1354,126,1122,1996-11
1355,458,1122,1996-11
1356,6,1120,1996-11
1357,58,1120,1996-11
1358,126,1120,1996-11
1359,58,1065,1996-11
1360,569,1065,1996-11
1361,181,262,1996-11
1362,458,262,1996-11
1363,530,262,1996-11
1364,566,262,1996-11
1365,458,853,1996-11
1366,566,853,1996-11
1367,126,128,1996-11
1368,566,128,1996-11
1369,126,125,1996-11
1370,174,125,1996-11
1371,458,125,1996-11
1372,530,125,1996-11
1373,174,208,1996-11
1374,181,208,1996-11
1375,458,208,1996-11
1376,530,208,1996-11
1377,181,261,1996-11
1378,458,261,1996-11
1379,530,261,1996-11
1380,174,214,1996-11
1381,458,214,1996-11
1382,530,214,1996-11
1383,458,852,1996-11
1384,530,852,1996-11
1385,174,207,1996-11
1386,181,207,1996-11
1387,458,207,1996-11
1388,181,260,1996-11
1389,458,260,1996-11
1390,6,1096,1996-11
1391,340,1096,1996-11
1392,379,1096,1996-11
1393,530,1096,1996-11
1394,6,1095,1996-11
1395,340,1095,1996-11
1396,379,1095,1996-11
1397,6,1103,1996-11
1398,379,1103,1996-11
1399,530,1103,1996-11
1400,6,1101,1996-11
1401,379,1101,1996-11
1402,5,966,1996-11
1403,565,966,1996-11
1404,6,1117,1996-11
1405,530,1117,1996-11
1406,340,609,1996-11
1407,379,609,1996-11
1408,6,1124,1996-11
1409,58,1124,1996-11
1410,240,1124,1996-11
1411,340,1124,1996-11
1412,6,1126,1996-11
1413,58,1126,1996-11
1414,340,1126,1996-11
1415,6,1094,1996-11
1416,340,1094,1996-11
1417,6,1082,1996-11
1418,126,1082,1996-11
1419,373,1082,1996-11
1420,6,1105,1996-11
1421,43,1105,1996-11
1422,126,1105,1996-11
1423,458,1105,1996-11
1424,6,1083,1996-11
1425,126,1083,1996-11
1426,458,1083,1996-11
1427,6,1081,1996-11
1428,126,1081,1996-11
1429,126,127,1996-11
1430,458,127,1996-11
1431,6,1113,1996-11
1432,43,1113,1996-11
1433,58,1113,1996-11
1434,458,1113,1996-11
1435,6,1129,1996-11
1436,58,1129,1996-11
1437,458,1129,1996-11
1438,6,1110,1996-11
1439,43,1110,1996-11
1440,458,1110,1996-11
1441,58,1066,1996-11
1442,94,1066,1996-11
1443,58,1058,1996-11
1444,373,1058,1996-11
1445,565,1058,1996-11
1446,566,1058,1996-11
1447,58,1059,1996-11
1448,373,1059,1996-11
1449,566,1059,1996-11
1450,58,1064,1996-11
1451,566,1064,1996-11
1452,58,1057,1996-11
1453,373,1057,1996-11
1454,565,1057,1996-11
1455,58,1063,1996-11
1456,565,1063,1996-11
1457,43,786,1996-11
1458,321,786,1996-11
1459,458,786,1996-11
1460,458,854,1996-11
1461,569,854,1996-11
1462,37,640,1996-11
1463,569,640,1996-11
1464,37,639,1996-11
1465,43,639,1996-11
1466,240,417,1996-11
1467,569,417,1996-11
1468,240,416,1996-11
1469,566,416,1996-11
1470,43,785,1996-11
1471,240,785,1996-11
1472,458,785,1996-11
1473,470,785,1996-11
1474,240,415,1996-11
1475,458,415,1996-11
1476,470,415,1996-11
1477,43,794,1996-11
1478,458,794,1996-11
1479,470,794,1996-11
1480,458,851,1996-11
1481,470,851,1996-11
1482,43,793,1996-11
1483,458,793,1996-11
1484,6,1128,1996-11
1485,58,1128,1996-11
1486,373,1128,1996-11
1487,374,646,1996-11
1488,470,646,1996-11
1489,321,568,1996-11
1490,470,568,1996-11
1491,58,1056,1996-11
1492,373,1056,1996-11
1493,559,1056,1996-11
1494,446,811,1996-11
1495,470,811,1996-11
1496,43,792,1996-11
1497,446,792,1996-11
1498,43,795,1996-11
1499,470,795,1996-11
1500,117,104,1996-11
1501,373,104,1996-11
1502,446,104,1996-11
1503,117,103,1996-11
1504,373,103,1996-11
1505,37,638,1996-11
1506,373,638,1996-11
1507,5,965,1996-11
1508,43,965,1996-11
1509,58,965,1996-11
1510,5,968,1996-11
1511,58,968,1996-11
1512,373,968,1996-11
1513,6,1093,1996-11
1514,240,1093,1996-11
1515,501,1093,1996-11
1516,240,411,1996-11
1517,340,411,1996-11
1518,374,411,1996-11
1519,240,410,1996-11
1520,340,410,1996-11
1521,240,412,1996-11
1522,347,412,1996-11
1523,6,1116,1996-11
1524,501,1116,1996-11
1525,5,971,1996-11
1526,6,971,1996-11
1527,43,971,1996-11
1528,5,970,1996-11
1529,6,970,1996-11
1530,6,1080,1996-11
1531,121,1080,1996-11
1532,373,1080,1996-11
1533,6,1100,1996-11
1534,373,1100,1996-11
1535,174,209,1996-11
1536,181,209,1996-11
1537,566,209,1996-11
1538,181,264,1996-11
1539,566,264,1996-11
1540,174,206,1996-11
1541,181,206,1996-11
1542,174,215,1996-11
1543,566,215,1996-11
1544,58,1050,1996-11
1545,126,1050,1996-11
1546,373,1050,1996-11
1547,58,1049,1996-11
1548,126,1049,1996-11
1549,126,126,1996-11
1550,373,126,1996-11
1551,373,644,1996-11
1552,559,644,1996-11
1553,566,644,1996-11
1554,373,645,1996-11
1555,566,645,1996-11
1556,373,643,1996-11
1557,559,643,1996-11
1558,43,798,1996-11
1559,569,798,1996-11
1560,6,1123,1996-11
1561,58,1123,1996-11
1562,240,1123,1996-11
1563,37,637,1996-11
1564,240,637,1996-11
1565,37,636,1996-11
1566,174,636,1996-11
1567,6,1108,1996-11
1568,43,1108,1996-11
1569,240,1108,1996-11
1570,58,1055,1996-11
1571,373,1055,1996-11
1572,446,1055,1996-11
1573,373,642,1996-11
1574,446,642,1996-11
1575,58,1052,1996-11
1576,174,1052,1996-11
1577,458,1052,1996-11
1578,6,1086,1996-11
1579,174,1086,1996-11
1580,240,1086,1996-11
1581,6,1084,1996-11
1582,174,1084,1996-11
1583,174,210,1996-11
1584,240,210,1996-11
1585,6,1112,1996-11
1586,43,1112,1996-11
1587,58,1112,1996-11
1588,6,1119,1996-11
1589,58,1119,1996-11
1590,43,779,1996-11
1591,174,779,1996-11
1592,340,779,1996-11
1593,174,211,1996-11
1594,340,211,1996-11
1595,43,787,1996-11
1596,340,787,1996-11
1597,5,964,1996-11
1598,43,964,1996-11
1599,373,964,1996-11
1600,43,788,1996-11
1601,373,788,1996-11
1602,5,962,1996-11
1603,373,962,1996-11
1604,5,963,1996-11
1605,43,963,1996-11
1606,43,800,1996-11
1607,58,800,1996-11
1608,174,800,1996-11
1609,58,1051,1996-11
1610,174,1051,1996-11
1611,43,801,1996-11
1612,58,801,1996-11
1613,240,801,1996-11
1614,446,812,1996-11
1615,566,812,1996-11
1616,58,1053,1996-11
1617,240,1053,1996-11
1618,5,967,1996-11
1619,58,967,1996-11
1620,240,414,1996-11
1621,458,414,1996-11
1622,174,213,1996-11
1623,458,213,1996-11
1624,37,641,1996-11
1625,58,641,1996-11
1626,43,797,1996-11
1627,566,797,1996-11
1628,240,409,1996-11
1629,321,409,1996-11
1630,6,1114,1996-11
1631,458,1114,1996-11
1632,43,777,1996-11
1633,126,777,1996-11
1634,43,789,1996-11
1635,374,789,1996-11
1636,6,1090,1996-11
1637,240,1090,1996-11
1638,58,1061,1996-11
1639,458,1061,1996-11
1640,43,778,1996-11
1641,174,778,1996-11
1642,58,1062,1996-11
1643,559,1062,1996-11
1644,58,1054,1996-11
1645,373,1054,1996-11
1646,43,799,1996-11
1647,58,799,1996-11
1648,43,796,1996-11
1649,559,796,1996-11
1650,6,1104,1996-11
1651,43,1104,1996-11
1652,43,784,1996-11
1653,240,784,1996-11
1654,206,342,1997-02
1655,269,342,1997-02
1656,451,342,1997-02
1657,90,1204,1997-02
1658,206,1204,1997-02
1659,302,1204,1997-02
1660,451,1204,1997-02
1661,521,1204,1997-02
1662,90,1203,1997-02
1663,206,1203,1997-02
1664,302,1203,1997-02
1665,451,1203,1997-02
1666,206,344,1997-02
1667,451,344,1997-02
1668,32,564,1997-02
1669,529,564,1997-02
1670,32,566,1997-02
1671,90,566,1997-02
1672,206,566,1997-02
1673,302,566,1997-02
1674,32,567,1997-02
1675,90,567,1997-02
1676,302,567,1997-02
1677,90,1202,1997-02
1678,206,1202,1997-02
1679,302,1202,1997-02
1680,90,1205,1997-02
1681,302,1205,1997-02
1682,302,533,1997-02
1683,589,533,1997-02
1684,451,843,1997-02
1685,589,843,1997-02
1686,32,562,1997-02
1687,451,562,1997-02
1688,32,561,1997-02
1689,402,561,1997-02
1690,589,561,1997-02
1691,206,345,1997-02
1692,589,345,1997-02
1693,402,735,1997-02
1694,524,735,1997-02
1695,31,546,1997-02
1696,456,546,1997-02
1697,456,850,1997-02
1698,529,850,1997-02
1699,179,258,1997-02
1700,544,258,1997-02
1701,589,258,1997-02
1702,32,560,1997-02
1703,402,560,1997-02
1704,31,545,1997-02
1705,402,545,1997-02
1706,32,559,1997-02
1707,302,559,1997-02
1708,524,559,1997-02
1709,32,558,1997-02
1710,302,558,1997-02
1711,32,563,1997-02
1712,524,563,1997-02
1713,302,532,1997-02
1714,524,532,1997-02
1715,32,565,1997-02
1716,589,565,1997-02
1717,402,736,1997-02
1718,589,736,1997-02
1719,206,343,1997-02
1720,270,343,1997-02
1721,31,547,1997-02
1722,524,547,1997-02
1723,31,544,1997-02
1724,32,544,1997-02
1725,276,497,1997-05
1726,337,497,1997-05
1727,389,497,1997-05
1728,559,497,1997-05
1729,337,599,1997-05
1730,389,599,1997-05
1731,437,599,1997-05
1732,559,599,1997-05
1733,337,601,1997-05
1734,389,601,1997-05
1735,559,601,1997-05
1736,71,1149,1997-05
1737,337,1149,1997-05
1738,389,1149,1997-05
1739,337,598,1997-05
1740,389,598,1997-05
1741,437,598,1997-05
1742,120,109,1997-05
1743,276,109,1997-05
1744,337,109,1997-05
1745,437,109,1997-05
1746,71,1151,1997-05
1747,389,1151,1997-05
1748,559,1151,1997-05
1749,389,674,1997-05
1750,559,674,1997-05
1751,71,1150,1997-05
1752,389,1150,1997-05
1753,337,602,1997-05
1754,437,602,1997-05
1755,120,110,1997-05
1756,437,110,1997-05
1757,337,600,1997-05
1758,389,600,1997-05
1759,492,600,1997-05
1760,276,498,1997-05
1761,389,498,1997-05
1762,84,1197,1997-05
1763,276,1197,1997-05
1764,337,597,1997-05
1765,389,597,1997-05
1766,276,496,1997-05
1767,337,496,1997-05
1768,337,603,1997-05
1769,492,603,1997-05
1770,71,1148,1997-05
1771,337,1148,1997-05
1772,389,673,1997-05
1773,492,673,1997-05
1774,276,499,1997-05
1775,492,499,1997-05
1776,385,671,1997-05
1777,437,671,1997-05
1778,84,1198,1997-05
1779,437,1198,1997-05
1780,171,204,1997-08
1781,364,204,1997-08
1782,85,1199,1998-05
1783,304,1199,1998-05
1784,11,91,1998-08
1785,283,91,1998-08
1786,11,90,1998-08
1787,128,90,1998-08
1788,199,319,1999-11
1789,412,319,1999-11
1790,597,319,1999-11
1791,33,577,1999-11
1792,199,577,1999-11
1793,263,577,1999-11
1794,33,590,1999-11
1795,93,590,1999-11
1796,140,590,1999-11
1797,199,315,1999-11
1798,201,315,1999-11
1799,597,315,1999-11
1800,33,591,1999-11
1801,93,591,1999-11
1802,199,591,1999-11
1803,33,593,1999-11
1804,93,593,1999-11
1805,201,593,1999-11
1806,597,593,1999-11
1807,33,592,1999-11
1808,93,592,1999-11
1809,201,592,1999-11
1810,201,327,1999-11
1811,268,327,1999-11
1812,412,327,1999-11
1813,597,327,1999-11
1814,236,404,1999-11
1815,412,404,1999-11
1816,597,404,1999-11
1817,412,761,1999-11
1818,595,761,1999-11
1819,597,761,1999-11
1820,33,583,1999-11
1821,263,583,1999-11
1822,597,583,1999-11
1823,33,594,1999-11
1824,93,594,1999-11
1825,263,594,1999-11
1826,33,582,1999-11
1827,263,582,1999-11
1828,201,333,1999-11
1829,535,333,1999-11
1830,597,333,1999-11
1831,201,330,1999-11
1832,383,330,1999-11
1833,597,330,1999-11
1834,33,595,1999-11
1835,93,595,1999-11
1836,597,595,1999-11
1837,33,589,1999-11
1838,93,589,1999-11
1839,33,575,1999-11
1840,156,575,1999-11
1841,156,172,1999-11
1842,412,172,1999-11
1843,597,172,1999-11
1844,33,578,1999-11
1845,199,578,1999-11
1846,597,578,1999-11
1847,33,576,1999-11
1848,199,576,1999-11
1849,93,1211,1999-11
1850,201,1211,1999-11
1851,597,1211,1999-11
1852,156,168,1999-11
1853,199,168,1999-11
1854,412,168,1999-11
1855,199,318,1999-11
1856,412,318,1999-11
1857,201,328,1999-11
1858,268,328,1999-11
1859,597,328,1999-11
1860,199,317,1999-11
1861,268,317,1999-11
1862,597,317,1999-11
1863,33,580,1999-11
1864,201,580,1999-11
1865,597,580,1999-11
1866,268,469,1999-11
1867,412,469,1999-11
1868,597,469,1999-11
1869,268,468,1999-11
1870,412,468,1999-11
1871,140,141,1999-11
1872,412,141,1999-11
1873,597,141,1999-11
1874,201,332,1999-11
1875,412,332,1999-11
1876,597,332,1999-11
1877,201,331,1999-11
1878,412,331,1999-11
1879,199,316,1999-11
1880,236,316,1999-11
1881,597,316,1999-11
1882,268,471,1999-11
1883,547,471,1999-11
1884,597,471,1999-11
1885,33,585,1999-11
1886,268,585,1999-11
1887,597,585,1999-11
1888,268,472,1999-11
1889,595,472,1999-11
1890,597,472,1999-11
1891,595,1079,1999-11
1892,597,1079,1999-11
1893,156,169,1999-11
1894,199,169,1999-11
1895,597,169,1999-11
1896,156,176,1999-11
1897,597,176,1999-11
1898,33,581,1999-11
1899,208,581,1999-11
1900,33,584,1999-11
1901,268,584,1999-11
1902,201,326,1999-11
1903,236,326,1999-11
1904,597,326,1999-11
1905,263,459,1999-11
1906,412,459,1999-11
1907,199,314,1999-11
1908,201,314,1999-11
1909,33,587,1999-11
1910,595,587,1999-11
1911,199,320,1999-11
1912,547,320,1999-11
1913,93,1209,1999-11
1914,140,1209,1999-11
1915,156,167,1999-11
1916,199,167,1999-11
1917,156,171,1999-11
1918,412,171,1999-11
1919,263,460,1999-11
1920,597,460,1999-11
1921,383,669,1999-11
1922,597,669,1999-11
1923,315,553,1999-11
1924,597,553,1999-11
1925,140,140,1999-11
1926,199,140,1999-11
1927,199,321,1999-11
1928,597,321,1999-11
1929,268,470,1999-11
1930,547,470,1999-11
1931,268,473,1999-11
1932,597,473,1999-11
1933,140,142,1999-11
1934,597,142,1999-11
1935,412,762,1999-11
1936,597,762,1999-11
1937,33,586,1999-11
1938,412,586,1999-11
1939,33,588,1999-11
1940,597,588,1999-11
1941,93,1210,1999-11
1942,201,1210,1999-11
1943,156,170,1999-11
1944,268,170,1999-11
1945,156,173,1999-11
1946,547,173,1999-11
1947,201,329,1999-11
1948,383,329,1999-11
1949,33,579,1999-11
1950,201,579,1999-11
1951,236,405,1999-11
1952,597,405,1999-11
1953,535,994,1999-11
1954,597,994,1999-11
1955,236,403,1999-11
1956,412,403,1999-11
1957,93,1212,1999-11
1958,597,1212,1999-11
1959,156,174,2000-02
1960,554,174,2000-02
1961,572,174,2000-02
1962,577,174,2000-02
1963,45,836,2000-02
1964,554,836,2000-02
1965,572,836,2000-02
1966,577,836,2000-02
1967,45,825,2000-02
1968,115,825,2000-02
1969,554,825,2000-02
1970,572,825,2000-02
1971,45,838,2000-02
1972,572,838,2000-02
1973,577,838,2000-02
1974,4,714,2000-02
1975,554,714,2000-02
1976,572,714,2000-02
1977,577,714,2000-02
1978,45,826,2000-02
1979,118,826,2000-02
1980,554,826,2000-02
1981,45,832,2000-02
1982,266,832,2000-02
1983,554,832,2000-02
1984,554,1000,2000-02
1985,572,1000,2000-02
1986,577,1000,2000-02
1987,45,835,2000-02
1988,554,835,2000-02
1989,572,835,2000-02
1990,4,717,2000-02
1991,572,717,2000-02
1992,577,717,2000-02
1993,45,824,2000-02
1994,115,824,2000-02
1995,45,839,2000-02
1996,577,839,2000-02
1997,115,102,2000-02
1998,577,102,2000-02
1999,45,830,2000-02
2000,197,830,2000-02
2001,4,718,2000-02
2002,577,718,2000-02
2003,4,716,2000-02
2004,572,716,2000-02
2005,197,309,2000-02
2006,266,309,2000-02
2007,156,175,2000-02
2008,572,175,2000-02
2009,115,98,2000-02
2010,266,98,2000-02
2011,572,1042,2000-02
2012,577,1042,2000-02
2013,266,464,2000-02
2014,572,464,2000-02
2015,45,837,2000-02
2016,572,837,2000-02
2017,45,831,2000-02
2018,266,831,2000-02
2019,4,713,2000-02
2020,554,713,2000-02
2021,118,105,2000-02
2022,572,105,2000-02
2023,4,710,2000-02
2024,45,710,2000-02
2025,45,834,2000-02
2026,554,834,2000-02
2027,4,707,2000-02
2028,156,707,2000-02
2029,554,999,2000-02
2030,572,999,2000-02
2031,267,467,2000-05
2032,587,467,2000-05
2033,587,1073,2000-05
2034,603,1073,2000-05
2035,579,1045,2000-05
2036,587,1045,2000-05
2037,59,1075,2000-05
2038,267,1075,2000-05
2039,59,1074,2000-05
2040,217,1074,2000-05
2041,217,356,2000-05
2042,267,356,2000-05
2043,115,99,2000-05
2044,267,99,2000-05
2045,59,1076,2000-05
2046,579,1076,2000-05
2047,115,97,2000-05
2048,217,97,2000-05
2049,59,1078,2000-05
2050,603,1078,2000-05
2051,59,1077,2000-05
2052,587,1077,2000-05
2053,267,466,2000-05
2054,579,466,2000-05
2055,45,840,2000-05
2056,603,840,2000-05
2057,156,177,2000-05
2058,603,177,2000-05
2059,1,3,2000-08
2060,19,3,2000-08
2061,27,3,2000-08
2062,57,3,2000-08
2063,414,3,2000-08
2064,1,14,2000-08
2065,4,14,2000-08
2066,57,14,2000-08
2067,414,14,2000-08
2068,469,14,2000-08
2069,1,32,2000-08
2070,57,32,2000-08
2071,96,32,2000-08
2072,265,32,2000-08
2073,414,32,2000-08
2074,4,712,2000-08
2075,465,712,2000-08
2076,603,712,2000-08
2077,1,34,2000-08
2078,57,34,2000-08
2079,96,34,2000-08
2080,414,34,2000-08
2081,469,34,2000-08
2082,57,1020,2000-08
2083,265,1020,2000-08
2084,603,1020,2000-08
2085,607,1020,2000-08
2086,1,23,2000-08
2087,57,23,2000-08
2088,265,23,2000-08
2089,414,23,2000-08
2090,1,17,2000-08
2091,414,17,2000-08
2092,603,17,2000-08
2093,1,35,2000-08
2094,57,35,2000-08
2095,96,35,2000-08
2096,465,35,2000-08
2097,19,283,2000-08
2098,57,283,2000-08
2099,469,283,2000-08
2100,1,26,2000-08
2101,57,26,2000-08
2102,414,26,2000-08
2103,430,26,2000-08
2104,469,26,2000-08
2105,1,41,2000-08
2106,96,41,2000-08
2107,414,41,2000-08
2108,465,41,2000-08
2109,469,41,2000-08
2110,1,42,2000-08
2111,96,42,2000-08
2112,414,42,2000-08
2113,469,42,2000-08
2114,1,15,2000-08
2115,414,15,2000-08
2116,465,15,2000-08
2117,469,15,2000-08
2118,1,43,2000-08
2119,96,43,2000-08
2120,465,43,2000-08
2121,1,13,2000-08
2122,4,13,2000-08
2123,414,13,2000-08
2124,469,13,2000-08
2125,57,1035,2000-08
2126,465,1035,2000-08
2127,603,1035,2000-08
2128,607,1035,2000-08
2129,414,767,2000-08
2130,465,767,2000-08
2131,603,767,2000-08
2132,465,904,2000-08
2133,603,904,2000-08
2134,57,1029,2000-08
2135,414,1029,2000-08
2136,603,1029,2000-08
2137,607,1029,2000-08
2138,57,1038,2000-08
2139,603,1038,2000-08
2140,607,1038,2000-08
2141,57,1032,2000-08
2142,430,1032,2000-08
2143,469,1032,2000-08
2144,57,1036,2000-08
2145,465,1036,2000-08
2146,607,1036,2000-08
2147,414,764,2000-08
2148,430,764,2000-08
2149,469,764,2000-08
2150,430,803,2000-08
2151,469,803,2000-08
2152,607,803,2000-08
2153,1,28,2000-08
2154,57,28,2000-08
2155,414,28,2000-08
2156,607,28,2000-08
2157,1,30,2000-08
2158,57,30,2000-08
2159,607,30,2000-08
2160,57,1030,2000-08
2161,414,1030,2000-08
2162,607,1030,2000-08
2163,1,37,2000-08
2164,603,37,2000-08
2165,607,37,2000-08
2166,1,2,2000-08
2167,19,2,2000-08
2168,27,2,2000-08
2169,1,27,2000-08
2170,57,27,2000-08
2171,414,27,2000-08
2172,469,27,2000-08
2173,414,768,2000-08
2174,469,768,2000-08
2175,603,768,2000-08
2176,57,1028,2000-08
2177,414,1028,2000-08
2178,603,1028,2000-08
2179,57,1037,2000-08
2180,603,1037,2000-08
2181,115,101,2000-08
2182,465,101,2000-08
2183,96,1220,2000-08
2184,414,1220,2000-08
2185,465,1220,2000-08
2186,469,1220,2000-08
2187,1,7,2000-08
2188,265,7,2000-08
2189,414,7,2000-08
2190,607,7,2000-08
2191,265,463,2000-08
2192,607,463,2000-08
2193,1,18,2000-08
2194,414,18,2000-08
2195,607,18,2000-08
2196,57,1026,2000-08
2197,414,1026,2000-08
2198,465,1026,2000-08
2199,469,1026,2000-08
2200,57,1025,2000-08
2201,414,1025,2000-08
2202,465,1025,2000-08
2203,1,9,2000-08
2204,27,9,2000-08
2205,265,9,2000-08
2206,414,9,2000-08
2207,1,10,2000-08
2208,27,10,2000-08
2209,414,10,2000-08
2210,1,8,2000-08
2211,27,8,2000-08
2212,1,6,2000-08
2213,265,6,2000-08
2214,414,6,2000-08
2215,1,24,2000-08
2216,57,24,2000-08
2217,294,24,2000-08
2218,1,29,2000-08
2219,57,29,2000-08
2220,469,29,2000-08
2221,1,21,2000-08
2222,469,21,2000-08
2223,603,21,2000-08
2224,1,12,2000-08
2225,294,12,2000-08
2226,469,12,2000-08
2227,1,33,2000-08
2228,57,33,2000-08
2229,96,33,2000-08
2230,414,33,2000-08
2231,1,25,2000-08
2232,57,25,2000-08
2233,414,25,2000-08
2234,19,282,2000-08
2235,57,282,2000-08
2236,414,282,2000-08
2237,1,31,2000-08
2238,57,31,2000-08
2239,96,31,2000-08
2240,27,482,2000-08
2241,96,482,2000-08
2242,414,482,2000-08
2243,414,766,2000-08
2244,465,766,2000-08
2245,469,766,2000-08
2246,603,1131,2000-08
2247,607,1131,2000-08
2248,96,1224,2000-08
2249,607,1224,2000-08
2250,294,516,2000-08
2251,469,516,2000-08
2252,603,516,2000-08
2253,469,906,2000-08
2254,603,906,2000-08
2255,19,284,2000-08
2256,96,284,2000-08
2257,414,284,2000-08
2258,57,1017,2000-08
2259,188,1017,2000-08
2260,414,1017,2000-08
2261,57,1034,2000-08
2262,465,1034,2000-08
2263,469,1034,2000-08
2264,19,280,2000-08
2265,57,280,2000-08
2266,188,280,2000-08
2267,27,475,2000-08
2268,188,475,2000-08
2269,414,475,2000-08
2270,96,1221,2000-08
2271,414,1221,2000-08
2272,469,1221,2000-08
2273,27,480,2000-08
2274,57,480,2000-08
2275,414,480,2000-08
2276,96,1219,2000-08
2277,414,1219,2000-08
2278,465,1219,2000-08
2279,96,1222,2000-08
2280,465,1222,2000-08
2281,414,765,2000-08
2282,465,765,2000-08
2283,57,1022,2000-08
2284,294,1022,2000-08
2285,414,1022,2000-08
2286,1,40,2000-08
2287,96,40,2000-08
2288,414,40,2000-08
2289,96,1218,2000-08
2290,414,1218,2000-08
2291,57,1018,2000-08
2292,188,1018,2000-08
2293,469,1018,2000-08
2294,57,1016,2000-08
2295,188,1016,2000-08
2296,57,1027,2000-08
2297,414,1027,2000-08
2298,469,1027,2000-08
2299,27,477,2000-08
2300,414,477,2000-08
2301,469,477,2000-08
2302,27,481,2000-08
2303,57,481,2000-08
2304,469,481,2000-08
2305,27,479,2000-08
2306,57,479,2000-08
2307,27,478,2000-08
2308,469,478,2000-08
2309,19,281,2000-08
2310,57,281,2000-08
2311,265,281,2000-08
2312,57,1019,2000-08
2313,265,1019,2000-08
2314,19,279,2000-08
2315,57,279,2000-08
2316,19,277,2000-08
2317,414,277,2000-08
2318,469,277,2000-08
2319,414,769,2000-08
2320,469,769,2000-08
2321,607,769,2000-08
2322,57,1024,2000-08
2323,414,1024,2000-08
2324,430,1024,2000-08
2325,57,1031,2000-08
2326,430,1031,2000-08
2327,414,763,2000-08
2328,430,763,2000-08
2329,1,16,2000-08
2330,414,16,2000-08
2331,469,16,2000-08
2332,1,4,2000-08
2333,19,4,2000-08
2334,414,4,2000-08
2335,57,1023,2000-08
2336,294,1023,2000-08
2337,469,1023,2000-08
2338,57,1021,2000-08
2339,294,1021,2000-08
2340,188,274,2000-08
2341,465,274,2000-08
2342,188,275,2000-08
2343,607,275,2000-08
2344,4,719,2000-08
2345,603,719,2000-08
2346,4,708,2000-08
2347,265,708,2000-08
2348,294,514,2000-08
2349,414,514,2000-08
2350,57,1040,2000-08
2351,96,1040,2000-08
2352,430,802,2000-08
2353,469,802,2000-08
2354,27,476,2000-08
2355,414,476,2000-08
2356,4,711,2000-08
2357,465,711,2000-08
2358,265,462,2000-08
2359,465,462,2000-08
2360,4,720,2000-08
2361,96,720,2000-08
2362,414,770,2000-08
2363,603,770,2000-08
2364,1,22,2000-08
2365,57,22,2000-08
2366,465,903,2000-08
2367,469,903,2000-08
2368,1,0,2000-08
2369,188,0,2000-08
2370,19,276,2000-08
2371,414,276,2000-08
2372,265,461,2000-08
2373,294,461,2000-08
2374,469,905,2000-08
2375,571,905,2000-08
2376,571,1041,2000-08
2377,607,1041,2000-08
2378,57,1039,2000-08
2379,607,1039,2000-08
2380,1,20,2000-08
2381,469,20,2000-08
2382,96,1223,2000-08
2383,603,1223,2000-08
2384,188,273,2000-08
2385,414,273,2000-08
2386,1,39,2000-08
2387,96,39,2000-08
2388,27,474,2000-08
2389,188,474,2000-08
2390,4,715,2000-08
2391,57,715,2000-08
2392,1,1,2000-08
2393,19,1,2000-08
2394,469,907,2000-08
2395,607,907,2000-08
2396,1,11,2000-08
2397,294,11,2000-08
2398,1,38,2000-08
2399,607,38,2000-08
2400,57,1033,2000-08
2401,465,1033,2000-08
2402,19,278,2000-08
2403,469,278,2000-08
2404,414,771,2000-08
2405,607,771,2000-08
2406,4,709,2000-08
2407,414,709,2000-08
2408,294,515,2000-08
2409,469,515,2000-08
2410,1,19,2000-08
2411,465,19,2000-08
2412,1,36,2000-08
2413,603,36,2000-08
2414,1,5,2000-08
2415,265,5,2000-08
2416,39,678,2000-11
2417,160,678,2000-11
2418,195,678,2000-11
2419,290,678,2000-11
2420,409,678,2000-11
2421,39,680,2000-11
2422,160,680,2000-11
2423,290,680,2000-11
2424,79,1164,2000-11
2425,160,1164,2000-11
2426,450,1164,2000-11
2427,39,682,2000-11
2428,160,682,2000-11
2429,409,682,2000-11
2430,453,682,2000-11
2431,39,681,2000-11
2432,160,681,2000-11
2433,409,681,2000-11
2434,160,183,2000-11
2435,244,183,2000-11
2436,368,183,2000-11
2437,224,362,2000-11
2438,244,362,2000-11
2439,368,362,2000-11
2440,39,701,2000-11
2441,79,701,2000-11
2442,290,701,2000-11
2443,450,701,2000-11
2444,79,1172,2000-11
2445,368,1172,2000-11
2446,450,1172,2000-11
2447,39,683,2000-11
2448,160,683,2000-11
2449,453,683,2000-11
2450,160,182,2000-11
2451,224,182,2000-11
2452,368,182,2000-11
2453,160,186,2000-11
2454,368,186,2000-11
2455,224,363,2000-11
2456,368,363,2000-11
2457,79,1173,2000-11
2458,450,1173,2000-11
2459,39,688,2000-11
2460,202,688,2000-11
2461,453,688,2000-11
2462,368,634,2000-11
2463,409,634,2000-11
2464,290,510,2000-11
2465,368,510,2000-11
2466,450,510,2000-11
2467,290,512,2000-11
2468,450,512,2000-11
2469,368,635,2000-11
2470,450,635,2000-11
2471,202,337,2000-11
2472,244,337,2000-11
2473,368,337,2000-11
2474,39,691,2000-11
2475,244,691,2000-11
2476,368,691,2000-11
2477,39,694,2000-11
2478,368,694,2000-11
2479,39,699,2000-11
2480,79,699,2000-11
2481,160,699,2000-11
2482,591,699,2000-11
2483,79,1163,2000-11
2484,160,1163,2000-11
2485,39,693,2000-11
2486,290,693,2000-11
2487,409,693,2000-11
2488,39,700,2000-11
2489,79,700,2000-11
2490,290,700,2000-11
2491,39,677,2000-11
2492,160,677,2000-11
2493,195,677,2000-11
2494,160,179,2000-11
2495,195,179,2000-11
2496,202,179,2000-11
2497,160,178,2000-11
2498,195,178,2000-11
2499,39,679,2000-11
2500,160,679,2000-11
2501,202,679,2000-11
2502,39,685,2000-11
2503,195,685,2000-11
2504,202,685,2000-11
2505,244,434,2000-11
2506,450,434,2000-11
2507,160,185,2000-11
2508,290,185,2000-11
2509,409,185,2000-11
2510,160,187,2000-11
2511,409,187,2000-11
2512,79,1166,2000-11
2513,202,1166,2000-11
2514,290,1166,2000-11
2515,195,302,2000-11
2516,290,302,2000-11
2517,453,302,2000-11
2518,244,437,2000-11
2519,591,437,2000-11
2520,244,435,2000-11
2521,453,435,2000-11
2522,79,1170,2000-11
2523,290,1170,2000-11
2524,409,1170,2000-11
2525,160,184,2000-11
2526,290,184,2000-11
2527,195,301,2000-11
2528,290,301,2000-11
2529,409,301,2000-11
2530,244,433,2000-11
2531,409,433,2000-11
2532,244,431,2000-11
2533,290,431,2000-11
2534,195,299,2000-11
2535,244,299,2000-11
2536,79,1168,2000-11
2537,244,1168,2000-11
2538,368,1168,2000-11
2539,79,1171,2000-11
2540,368,1171,2000-11
2541,79,1167,2000-11
2542,244,1167,2000-11
2543,244,432,2000-11
2544,368,432,2000-11
2545,39,697,2000-11
2546,591,697,2000-11
2547,453,846,2000-11
2548,591,846,2000-11
2549,39,686,2000-11
2550,195,686,2000-11
2551,453,686,2000-11
2552,39,684,2000-11
2553,195,684,2000-11
2554,39,675,2000-11
2555,101,675,2000-11
2556,224,361,2000-11
2557,244,361,2000-11
2558,101,45,2000-11
2559,202,45,2000-11
2560,453,45,2000-11
2561,202,340,2000-11
2562,453,340,2000-11
2563,39,689,2000-11
2564,216,689,2000-11
2565,202,336,2000-11
2566,244,336,2000-11
2567,160,181,2000-11
2568,216,181,2000-11
2569,39,690,2000-11
2570,224,690,2000-11
2571,195,303,2000-11
2572,409,303,2000-11
2573,160,180,2000-11
2574,202,180,2000-11
2575,195,300,2000-11
2576,290,300,2000-11
2577,216,353,2000-11
2578,355,353,2000-11
2579,195,304,2000-11
2580,453,304,2000-11
2581,79,1165,2000-11
2582,202,1165,2000-11
2583,453,845,2000-11
2584,546,845,2000-11
2585,290,509,2000-11
2586,368,509,2000-11
2587,202,338,2000-11
2588,290,338,2000-11
2589,202,334,2000-11
2590,216,334,2000-11
2591,216,351,2000-11
2592,244,351,2000-11
2593,195,297,2000-11
2594,202,297,2000-11
2595,244,436,2000-11
2596,474,436,2000-11
2597,39,687,2000-11
2598,202,687,2000-11
2599,450,842,2000-11
2600,546,842,2000-11
2601,290,511,2000-11
2602,409,511,2000-11
2603,202,335,2000-11
2604,224,335,2000-11
2605,101,46,2000-11
2606,409,46,2000-11
2607,39,692,2000-11
2608,290,692,2000-11
2609,39,698,2000-11
2610,79,698,2000-11
2611,39,696,2000-11
2612,453,696,2000-11
2613,224,364,2000-11
2614,409,364,2000-11
2615,216,350,2000-11
2616,224,350,2000-11
2617,216,355,2000-11
2618,450,355,2000-11
2619,79,1169,2000-11
2620,290,1169,2000-11
2621,39,676,2000-11
2622,160,676,2000-11
2623,39,695,2000-11
2624,409,695,2000-11
2625,216,354,2000-11
2626,409,354,2000-11
2627,216,352,2000-11
2628,290,352,2000-11
2629,115,100,2000-11
2630,409,100,2000-11
2631,160,188,2000-11
2632,453,188,2000-11
2633,202,339,2000-11
2634,409,339,2000-11
2635,195,298,2000-11
2636,216,298,2000-11
2637,288,507,2001-02
2638,474,507,2001-02
2639,113,95,2001-02
2640,474,95,2001-02
2641,474,911,2001-02
2642,555,911,2001-02
2643,288,508,2001-02
2644,555,508,2001-02
2645,113,96,2001-02
2646,555,96,2001-02
2647,410,747,2001-05
2648,422,747,2001-05
2649,183,265,2001-08
2650,457,265,2001-08
2651,42,774,2001-08
2652,367,774,2001-08
2653,367,632,2001-08
2654,457,632,2001-08
2655,42,775,2001-08
2656,457,775,2001-08
2657,267,465,2001-08
2658,384,465,2001-08
2659,367,633,2001-08
2660,516,633,2001-08
2661,234,384,2001-11
2662,493,384,2001-11
2663,494,384,2001-11
2664,234,383,2001-11
2665,453,383,2001-11
2666,500,383,2001-11
2667,234,382,2001-11
2668,453,382,2001-11
2669,164,199,2001-11
2670,234,199,2001-11
2671,234,385,2001-11
2672,494,385,2001-11
2673,493,953,2001-11
2674,494,953,2001-11
2675,234,386,2001-11
2676,500,386,2001-11
2677,164,200,2001-11
2678,494,200,2001-11
2679,453,844,2001-11
2680,493,844,2001-11
2681,135,130,2002-02
2682,452,130,2002-02
2683,45,833,2002-02
2684,452,833,2002-02
2685,45,827,2002-02
2686,135,827,2002-02
2687,69,1146,2002-05
2688,452,1146,2002-05
2689,448,823,2002-05
2690,452,823,2002-05
2691,69,1145,2002-05
2692,448,1145,2002-05
2693,45,833,2002-05
2694,452,833,2002-05
2695,391,704,2002-08
2696,532,704,2002-08
2697,391,702,2002-08
2698,392,702,2002-08
2699,313,551,2002-08
2700,532,551,2002-08
2701,313,549,2002-08
2702,391,549,2002-08
2703,313,550,2002-08
2704,414,550,2002-08
2705,198,311,2002-11
2706,391,311,2002-11
2707,527,311,2002-11
2708,45,829,2002-11
2709,186,829,2002-11
2710,186,270,2002-11
2711,527,270,2002-11
2712,531,270,2002-11
2713,186,271,2002-11
2714,531,271,2002-11
2715,186,267,2002-11
2716,198,267,2002-11
2717,527,267,2002-11
2718,198,313,2002-11
2719,527,313,2002-11
2720,531,313,2002-11
2721,527,992,2002-11
2722,531,992,2002-11
2723,186,268,2002-11
2724,391,268,2002-11
2725,391,703,2002-11
2726,527,703,2002-11
2727,527,993,2002-11
2728,558,993,2002-11
2729,198,310,2002-11
2730,391,310,2002-11
2731,186,269,2002-11
2732,527,269,2002-11
2733,198,312,2002-11
2734,527,312,2002-11
2735,186,272,2002-11
2736,558,272,2002-11
2737,95,1216,2003-02
2738,312,1216,2003-02
2739,325,1216,2003-02
2740,9,1201,2003-02
2741,95,1201,2003-02
2742,9,1200,2003-02
2743,414,1200,2003-02
2744,97,1225,2003-02
2745,325,1225,2003-02
2746,108,71,2003-02
2747,312,71,2003-02
2748,95,1217,2003-02
2749,325,1217,2003-02
2750,312,548,2003-02
2751,325,548,2003-02
2752,95,1215,2003-02
2753,312,1215,2003-02
2754,108,72,2003-02
2755,479,72,2003-02
2756,95,1213,2003-02
2757,108,1213,2003-02
2758,20,322,2003-05
2759,104,322,2003-05
2760,104,54,2003-05
2761,275,54,2003-05
2762,275,494,2003-05
2763,303,494,2003-05
2764,275,495,2003-05
2765,427,495,2003-05
2766,95,1214,2003-05
2767,275,1214,2003-05
2768,20,323,2003-05
2769,275,323,2003-05
2770,165,201,2003-05
2771,275,201,2003-05
2772,45,828,2003-08
2773,169,828,2003-08
2774,45,841,2004-08
2775,66,841,2004-08
2776,7,1147,2005-02
2777,594,1147,2005-02
2778,438,806,2005-02
2779,594,806,2005-02
2780,438,805,2005-02
2781,482,805,2005-02
2782,91,1207,2005-05
2783,552,1207,2005-05
2784,66,1143,2005-05
2785,91,1143,2005-05
2786,91,1208,2005-05
2787,608,1208,2005-05
2788,91,1206,2005-05
2789,488,1206,2005-05
2790,488,952,2005-05
2791,552,952,2005-05
2792,221,359,2005-08
2793,286,359,2005-08
2794,336,359,2005-08
2795,221,360,2005-08
2796,336,360,2005-08
2797,64,1142,2006-11
2798,542,1142,2006-11
2799,68,1144,2006-11
2800,513,1144,2006-11
2801,64,1141,2006-11
2802,187,1141,2006-11
2803,381,666,2006-11
2804,542,666,2006-11
2805,64,1140,2006-11
2806,178,1140,2006-11
2807,34,608,2006-11
2808,68,608,2006-11
2809,399,706,2007-02
2810,580,706,2007-02
2811,606,706,2007-02
2812,274,493,2007-02
2813,580,493,2007-02
2814,606,493,2007-02
2815,580,1067,2007-02
2816,606,1067,2007-02
2817,274,492,2007-02
2818,580,492,2007-02
2819,480,924,2007-05
2820,540,924,2007-05
2821,254,453,2007-05
2822,480,453,2007-05
2823,254,454,2007-05
2824,540,454,2007-05
2825,573,1043,2007-08
2826,593,1043,2007-08
2827,219,357,2007-11
2828,278,357,2007-11
2829,166,202,2007-11
2830,219,202,2007-11
2831,74,1161,2008-05
2832,137,1161,2008-05
2833,239,408,2008-11
2834,403,408,2008-11
2835,239,407,2008-11
2836,375,407,2008-11
2837,239,406,2008-11
2838,356,406,2008-11
2839,51,973,2009-02
2840,200,973,2009-02
2841,220,973,2009-02
2842,51,975,2009-02
2843,327,975,2009-02
2844,200,324,2009-02
2845,220,324,2009-02
2846,220,358,2009-02
2847,356,358,2009-02
2848,51,974,2009-02
2849,220,974,2009-02
2850,200,325,2009-02
2851,356,325,2009-02
2852,51,976,2009-02
2853,356,976,2009-02
2854,51,972,2009-02
2855,200,972,2009-02
2856,215,349,2010-02
2857,335,349,2010-02
2858,464,902,2010-08
2859,605,902,2010-08
2860,330,596,2010-11
2861,464,596,2010-11
2862,17,203,2011-05
2863,168,203,2011-05
2864,55,998,2011-08
2865,585,998,2011-08
2866,398,705,2011-08
2867,538,705,2011-08
2868,295,517,2011-11
2869,419,517,2011-11
2870,83,1196,2012-05
2871,88,1196,2012-05
2872,345,613,2012-08
2873,377,613,2012-08
2874,472,910,2012-08
2875,484,910,2012-08
2876,246,439,2012-11
2877,332,439,2012-11
2878,246,440,2012-11
2879,357,440,2012-11
2880,280,500,2012-11
2881,357,500,2012-11
2882,211,347,2012-11
2883,246,347,2012-11
2884,246,438,2012-11
2885,249,438,2012-11
2886,211,348,2012-11
2887,249,348,2012-11
2888,249,442,2012-11
2889,280,442,2012-11
2890,435,804,2013-05
2891,562,804,2013-05
2892,80,1195,2013-08
2893,543,1195,2013-08
2894,282,502,2013-11
2895,348,502,2013-11
2896,415,502,2013-11
2897,282,501,2013-11
2898,348,501,2013-11
2899,282,503,2013-11
2900,415,503,2013-11
2901,348,614,2013-11
2902,415,614,2013-11
2903,203,341,2014-02
2904,528,341,2014-02
2905,407,737,2015-02
2906,533,737,2015-02
2907,344,612,2015-02
2908,533,612,2015-02
2909,300,531,2015-05
2910,497,531,2015-05
2911,317,555,2015-05
2912,497,555,2015-05
2913,231,381,2015-05
2914,393,381,2015-05
2915,300,530,2015-05
2916,317,530,2015-05
2917,103,52,2015-05
2918,317,52,2015-05
2919,103,51,2015-05
2920,300,51,2015-05
2921,317,554,2015-05
2922,393,554,2015-05
2923,103,53,2015-05
2924,393,53,2015-05
2925,177,243,2015-08
2926,439,243,2015-08
2927,119,107,2015-08
2928,439,107,2015-08
2929,509,107,2015-08
2930,177,244,2015-08
2931,466,244,2015-08
2932,119,108,2015-08
2933,466,108,2015-08
2934,177,242,2015-08
2935,341,242,2015-08
2936,119,106,2015-08
2937,177,106,2015-08
2938,63,1136,2015-11
2939,105,1136,2015-11
2940,233,1136,2015-11
2941,256,1136,2015-11
2942,581,1136,2015-11
2943,63,1137,2015-11
2944,105,1137,2015-11
2945,601,1137,2015-11
2946,105,60,2015-11
2947,298,60,2015-11
2948,601,60,2015-11
2949,105,56,2015-11
2950,112,56,2015-11
2951,601,56,2015-11
2952,105,64,2015-11
2953,601,64,2015-11
2954,582,1069,2015-11
2955,601,1069,2015-11
2956,105,62,2015-11
2957,581,62,2015-11
2958,105,55,2015-11
2959,112,55,2015-11
2960,105,63,2015-11
2961,582,63,2015-11
2962,105,59,2015-11
2963,256,59,2015-11
2964,581,1068,2015-11
2965,601,1068,2015-11
2966,105,57,2015-11
2967,227,57,2015-11
2968,63,1139,2015-11
2969,256,1139,2015-11
2970,112,94,2015-11
2971,601,94,2015-11
2972,105,61,2015-11
2973,378,61,2015-11
2974,63,1138,2015-11
2975,112,1138,2015-11
2976,63,1135,2015-11
2977,105,1135,2015-11
2978,105,58,2015-11
2979,241,58,2015-11
2980,441,808,2016-02
2981,445,808,2016-02
2982,511,808,2016-02
2983,445,810,2016-02
2984,511,810,2016-02
2985,10,44,2016-02
2986,511,44,2016-02
2987,441,807,2016-02
2988,445,807,2016-02
2989,152,165,2016-02
2990,445,165,2016-02
2991,152,164,2016-02
2992,285,164,2016-02
2993,441,809,2016-02
2994,511,809,2016-02
2995,291,513,2016-02
2996,426,513,2016-02
2997,305,537,2016-05
2998,319,537,2016-05
2999,495,537,2016-05
3000,549,537,2016-05
3001,73,1159,2016-05
3002,339,1159,2016-05
3003,495,1159,2016-05
3004,122,119,2016-05
3005,418,119,2016-05
3006,495,119,2016-05
3007,41,746,2016-05
3008,73,746,2016-05
3009,305,746,2016-05
3010,41,743,2016-05
3011,305,743,2016-05
3012,495,743,2016-05
3013,196,305,2016-05
3014,305,305,2016-05
3015,319,305,2016-05
3016,495,305,2016-05
3017,305,536,2016-05
3018,319,536,2016-05
3019,495,536,2016-05
3020,196,306,2016-05
3021,305,306,2016-05
3022,495,306,2016-05
3023,73,1157,2016-05
3024,305,1157,2016-05
3025,495,1157,2016-05
3026,41,739,2016-05
3027,122,739,2016-05
3028,305,739,2016-05
3029,305,535,2016-05
3030,319,535,2016-05
3031,339,535,2016-05
3032,122,113,2016-05
3033,305,113,2016-05
3034,418,113,2016-05
3035,41,742,2016-05
3036,305,742,2016-05
3037,339,742,2016-05
3038,41,741,2016-05
3039,305,741,2016-05
3040,339,607,2016-05
3041,549,607,2016-05
3042,305,543,2016-05
3043,534,543,2016-05
3044,73,1156,2016-05
3045,305,1156,2016-05
3046,339,1156,2016-05
3047,73,1153,2016-05
3048,122,1153,2016-05
3049,339,1153,2016-05
3050,73,1158,2016-05
3051,339,1158,2016-05
3052,122,122,2016-05
3053,495,122,2016-05
3054,549,122,2016-05
3055,495,954,2016-05
3056,549,954,2016-05
3057,122,112,2016-05
3058,305,112,2016-05
3059,339,112,2016-05
3060,41,740,2016-05
3061,122,740,2016-05
3062,339,740,2016-05
3063,41,738,2016-05
3064,122,738,2016-05
3065,122,111,2016-05
3066,305,111,2016-05
3067,319,111,2016-05
3068,305,539,2016-05
3069,339,539,2016-05
3070,495,539,2016-05
3071,122,120,2016-05
3072,424,120,2016-05
3073,122,114,2016-05
3074,305,114,2016-05
3075,495,114,2016-05
3076,73,1154,2016-05
3077,122,1154,2016-05
3078,495,1154,2016-05
3079,122,117,2016-05
3080,339,117,2016-05
3081,495,117,2016-05
3082,122,115,2016-05
3083,319,115,2016-05
3084,319,557,2016-05
3085,549,557,2016-05
3086,319,556,2016-05
3087,339,556,2016-05
3088,196,307,2016-05
3089,319,307,2016-05
3090,418,773,2016-05
3091,495,773,2016-05
3092,339,605,2016-05
3093,424,605,2016-05
3094,41,745,2016-05
3095,495,745,2016-05
3096,41,744,2016-05
3097,339,744,2016-05
3098,122,118,2016-05
3099,418,118,2016-05
3100,305,541,2016-05
3101,418,541,2016-05
3102,305,538,2016-05
3103,339,538,2016-05
3104,122,116,2016-05
3105,339,116,2016-05
3106,305,542,2016-05
3107,495,542,2016-05
3108,73,1152,2016-05
3109,122,1152,2016-05
3110,122,121,2016-05
3111,495,121,2016-05
3112,339,606,2016-05
3113,495,606,2016-05
3114,73,1155,2016-05
3115,305,1155,2016-05
3116,305,534,2016-05
3117,319,534,2016-05
3118,73,1160,2016-05
3119,495,1160,2016-05
3120,122,123,2016-05
3121,534,123,2016-05
3122,196,308,2016-05
3123,495,308,2016-05
3124,52,987,2016-08
3125,106,987,2016-08
3126,408,987,2016-08
3127,52,986,2016-08
3128,106,986,2016-08
3129,52,989,2016-08
3130,251,989,2016-08
3131,247,441,2016-08
3132,251,441,2016-08
3133,106,66,2016-08
3134,408,66,2016-08
3135,52,988,2016-08
3136,247,988,2016-08
3137,106,65,2016-08
3138,247,65,2016-08
3139,52,990,2016-08
3140,408,990,2016-08
3141,210,346,2016-11
3142,610,346,2016-11
3143,125,124,2016-11
3144,610,124,2016-11
3145,154,166,2017-02
3146,517,166,2017-02
3147,328,570,2017-05
3148,352,570,2017-05
3149,380,570,2017-05
3150,328,572,2017-05
3151,380,572,2017-05
3152,561,572,2017-05
3153,352,624,2017-05
3154,380,624,2017-05
3155,561,624,2017-05
3156,352,626,2017-05
3157,561,626,2017-05
3158,328,573,2017-05
3159,561,573,2017-05
3160,328,569,2017-05
3161,352,569,2017-05
3162,47,908,2017-05
3163,352,908,2017-05
3164,380,662,2017-05
3165,548,662,2017-05
3166,561,1015,2017-05
3167,610,1015,2017-05
3168,328,574,2017-05
3169,610,574,2017-05
3170,328,571,2017-05
3171,380,571,2017-05
3172,380,664,2017-05
3173,561,664,2017-05
3174,305,540,2017-05
3175,380,540,2017-05
3176,352,627,2017-05
3177,610,627,2017-05
3178,352,623,2017-05
3179,380,623,2017-05
3180,352,625,2017-05
3181,550,625,2017-05
3182,380,663,2017-05
3183,550,663,2017-05
3184,380,665,2017-05
3185,610,665,2017-05
3186,400,733,2017-08
3187,523,733,2017-08
3188,30,524,2017-08
3189,400,524,2017-08
3190,475,524,2017-08
3191,599,524,2017-08
3192,30,525,2017-08
3193,443,525,2017-08
3194,475,525,2017-08
3195,523,525,2017-08
3196,30,526,2017-08
3197,443,526,2017-08
3198,523,526,2017-08
3199,30,523,2017-08
3200,400,523,2017-08
3201,475,523,2017-08
3202,30,528,2017-08
3203,475,528,2017-08
3204,523,528,2017-08
3205,30,529,2017-08
3206,523,529,2017-08
3207,400,732,2017-08
3208,443,732,2017-08
3209,30,527,2017-08
3210,475,527,2017-08
3211,400,734,2017-08
3212,599,734,2017-08
3213,523,991,2017-08
3214,599,991,2017-08
3215,475,912,2017-08
3216,523,912,2017-08
3217,30,522,2017-08
3218,400,522,2017-08
3219,15,163,2017-11
3220,279,163,2017-11
3221,515,984,2018-02
3222,519,984,2018-02
3223,111,93,2018-02
3224,515,93,2018-02
3225,141,143,2018-02
3226,382,143,2018-02
3227,515,143,2018-02
3228,382,668,2018-02
3229,599,668,2018-02
3230,515,985,2018-02
3231,601,985,2018-02
3232,141,144,2018-02
3233,601,144,2018-02
3234,382,667,2018-02
3235,515,667,2018-02
3236,111,92,2018-02
3237,141,92,2018-02
3238,62,1134,2018-05
3239,601,1134,2018-05
3240,62,1132,2018-05
3241,209,1132,2018-05
3242,62,1133,2018-05
3243,459,1133,2018-05
3244,258,457,2018-08
3245,417,457,2018-08
3246,586,457,2018-08
3247,25,448,2018-08
3248,77,448,2018-08
3249,362,448,2018-08
3250,417,448,2018-08
3251,586,448,2018-08
3252,25,449,2018-08
3253,77,449,2018-08
3254,417,449,2018-08
3255,586,449,2018-08
3256,25,451,2018-08
3257,77,451,2018-08
3258,586,451,2018-08
3259,25,450,2018-08
3260,77,450,2018-08
3261,514,450,2018-08
3262,338,604,2018-08
3263,417,604,2018-08
3264,296,520,2018-08
3265,417,520,2018-08
3266,586,520,2018-08
3267,417,772,2018-08
3268,586,772,2018-08
3269,258,455,2018-08
3270,296,455,2018-08
3271,417,455,2018-08
3272,296,519,2018-08
3273,417,519,2018-08
3274,25,443,2018-08
3275,258,443,2018-08
3276,586,443,2018-08
3277,258,458,2018-08
3278,586,458,2018-08
3279,25,446,2018-08
3280,586,446,2018-08
3281,296,521,2018-08
3282,586,521,2018-08
3283,77,1162,2018-08
3284,514,1162,2018-08
3285,514,983,2018-08
3286,586,983,2018-08
3287,296,518,2018-08
3288,362,518,2018-08
3289,362,631,2018-08
3290,417,631,2018-08
3291,258,456,2018-08
3292,417,456,2018-08
3293,25,447,2018-08
3294,77,447,2018-08
3295,25,445,2018-08
3296,417,445,2018-08
3297,98,1226,2018-08
3298,417,1226,2018-08
3299,556,1001,2018-08
3300,586,1001,2018-08
3301,25,452,2018-08
3302,98,452,2018-08
3303,98,1227,2018-08
3304,586,1227,2018-08
3305,586,1072,2018-08
3306,596,1072,2018-08
3307,25,444,2018-08
3308,338,444,2018-08
3309,184,266,2018-11
3310,331,266,2018-11
