,user_id,group_id,period
0,107,91,1996-05
1,536,91,1996-05
2,40,1046,1996-05
3,99,1046,1996-05
4,107,1046,1996-05
5,107,88,1996-05
6,130,88,1996-05
7,40,1048,1996-05
8,99,1048,1996-05
9,353,1048,1996-05
10,35,909,1996-05
11,107,909,1996-05
12,429,909,1996-05
13,468,909,1996-05
14,107,89,1996-05
15,134,89,1996-05
16,35,910,1996-05
17,40,910,1996-05
18,107,910,1996-05
19,107,90,1996-05
20,136,90,1996-05
21,40,1038,1996-05
22,107,1038,1996-05
23,35,908,1996-05
24,107,908,1996-05
25,136,214,1996-05
26,284,214,1996-05
27,40,1041,1996-05
28,191,1041,1996-05
29,353,1041,1996-05
30,40,1047,1996-05
31,99,1047,1996-05
32,191,1047,1996-05
33,353,921,1996-05
34,444,921,1996-05
35,604,921,1996-05
36,191,423,1996-05
37,284,423,1996-05
38,353,423,1996-05
39,40,1043,1996-05
40,353,1043,1996-05
41,40,1042,1996-05
42,191,1042,1996-05
43,444,1042,1996-05
44,35,912,1996-05
45,429,912,1996-05
46,536,912,1996-05
47,40,1044,1996-05
48,536,1044,1996-05
49,99,1709,1996-05
50,191,1709,1996-05
51,353,1709,1996-05
52,99,1707,1996-05
53,136,1707,1996-05
54,353,1707,1996-05
55,35,913,1996-05
56,99,913,1996-05
57,429,913,1996-05
58,99,1711,1996-05
59,284,1711,1996-05
60,353,1711,1996-05
61,284,744,1996-05
62,353,744,1996-05
63,99,1712,1996-05
64,353,1712,1996-05
65,99,1714,1996-05
66,536,1714,1996-05
67,136,218,1996-05
68,536,218,1996-05
69,99,1706,1996-05
70,136,1706,1996-05
71,353,920,1996-05
72,444,920,1996-05
73,353,919,1996-05
74,436,919,1996-05
75,99,1710,1996-05
76,284,1710,1996-05
77,134,212,1996-05
78,429,212,1996-05
79,468,212,1996-05
80,429,1114,1996-05
81,468,1114,1996-05
82,99,1708,1996-05
83,191,1708,1996-05
84,35,911,1996-05
85,429,911,1996-05
86,136,216,1996-05
87,429,216,1996-05
88,99,1705,1996-05
89,130,1705,1996-05
90,191,425,1996-05
91,444,425,1996-05
92,191,424,1996-05
93,353,424,1996-05
94,136,215,1996-05
95,353,215,1996-05
96,40,1045,1996-05
97,99,1045,1996-05
98,40,1040,1996-05
99,191,1040,1996-05
100,284,746,1996-05
101,536,746,1996-05
102,99,1713,1996-05
103,429,1713,1996-05
104,136,217,1996-05
105,468,217,1996-05
106,40,1039,1996-05
107,136,1039,1996-05
108,284,745,1996-05
109,429,745,1996-05
110,109,95,1996-08
111,162,95,1996-08
112,179,95,1996-08
113,455,95,1996-08
114,476,95,1996-08
115,486,95,1996-08
116,498,95,1996-08
117,512,95,1996-08
118,38,957,1996-08
119,109,957,1996-08
120,176,957,1996-08
121,179,957,1996-08
122,229,957,1996-08
123,447,957,1996-08
124,486,957,1996-08
125,498,957,1996-08
126,512,957,1996-08
127,574,957,1996-08
128,588,957,1996-08
129,602,957,1996-08
130,109,101,1996-08
131,179,101,1996-08
132,486,101,1996-08
133,498,101,1996-08
134,512,101,1996-08
135,541,101,1996-08
136,584,101,1996-08
137,592,101,1996-08
138,109,100,1996-08
139,179,100,1996-08
140,486,100,1996-08
141,498,100,1996-08
142,512,100,1996-08
143,176,331,1996-08
144,455,331,1996-08
145,512,331,1996-08
146,574,331,1996-08
147,588,331,1996-08
148,602,331,1996-08
149,56,1381,1996-08
150,235,1381,1996-08
151,349,1381,1996-08
152,411,1381,1996-08
153,455,1381,1996-08
154,485,1381,1996-08
155,512,1381,1996-08
156,592,1381,1996-08
157,46,1205,1996-08
158,176,1205,1996-08
159,512,1205,1996-08
160,574,1205,1996-08
161,588,1205,1996-08
162,592,1205,1996-08
163,602,1205,1996-08
164,176,334,1996-08
165,512,334,1996-08
166,574,334,1996-08
167,588,334,1996-08
168,602,334,1996-08
169,38,958,1996-08
170,176,958,1996-08
171,229,958,1996-08
172,476,958,1996-08
173,486,958,1996-08
174,498,958,1996-08
175,512,958,1996-08
176,588,958,1996-08
177,602,958,1996-08
178,476,1261,1996-08
179,486,1261,1996-08
180,498,1261,1996-08
181,512,1261,1996-08
182,541,1261,1996-08
183,592,1261,1996-08
184,476,1260,1996-08
185,486,1260,1996-08
186,498,1260,1996-08
187,512,1260,1996-08
188,38,964,1996-08
189,46,964,1996-08
190,176,964,1996-08
191,229,964,1996-08
192,486,964,1996-08
193,498,964,1996-08
194,512,964,1996-08
195,541,964,1996-08
196,588,964,1996-08
197,592,964,1996-08
198,602,964,1996-08
199,38,959,1996-08
200,176,959,1996-08
201,229,959,1996-08
202,486,959,1996-08
203,498,959,1996-08
204,512,959,1996-08
205,588,959,1996-08
206,602,959,1996-08
207,486,1288,1996-08
208,498,1288,1996-08
209,512,1288,1996-08
210,541,1288,1996-08
211,592,1288,1996-08
212,486,1287,1996-08
213,498,1287,1996-08
214,512,1287,1996-08
215,46,1203,1996-08
216,176,1203,1996-08
217,242,1203,1996-08
218,512,1203,1996-08
219,588,1203,1996-08
220,592,1203,1996-08
221,602,1203,1996-08
222,46,1206,1996-08
223,176,1206,1996-08
224,512,1206,1996-08
225,588,1206,1996-08
226,592,1206,1996-08
227,602,1206,1996-08
228,176,336,1996-08
229,512,336,1996-08
230,588,336,1996-08
231,602,336,1996-08
232,512,1347,1996-08
233,592,1347,1996-08
234,229,557,1996-08
235,385,557,1996-08
236,486,557,1996-08
237,498,557,1996-08
238,192,426,1996-08
239,235,426,1996-08
240,411,426,1996-08
241,485,426,1996-08
242,486,426,1996-08
243,498,426,1996-08
244,584,426,1996-08
245,592,426,1996-08
246,229,563,1996-08
247,486,563,1996-08
248,498,563,1996-08
249,584,563,1996-08
250,592,563,1996-08
251,486,1291,1996-08
252,498,1291,1996-08
253,584,1291,1996-08
254,592,1291,1996-08
255,142,232,1996-08
256,235,232,1996-08
257,411,232,1996-08
258,485,232,1996-08
259,592,232,1996-08
260,235,585,1996-08
261,411,585,1996-08
262,485,585,1996-08
263,592,585,1996-08
264,229,564,1996-08
265,486,564,1996-08
266,498,564,1996-08
267,592,564,1996-08
268,229,562,1996-08
269,486,562,1996-08
270,498,562,1996-08
271,486,1292,1996-08
272,498,1292,1996-08
273,592,1292,1996-08
274,102,46,1996-08
275,109,46,1996-08
276,411,46,1996-08
277,486,46,1996-08
278,512,46,1996-08
279,109,102,1996-08
280,229,102,1996-08
281,447,102,1996-08
282,486,102,1996-08
283,512,102,1996-08
284,588,102,1996-08
285,602,102,1996-08
286,109,107,1996-08
287,486,107,1996-08
288,512,107,1996-08
289,142,233,1996-08
290,242,233,1996-08
291,411,233,1996-08
292,512,233,1996-08
293,588,233,1996-08
294,602,233,1996-08
295,229,554,1996-08
296,242,554,1996-08
297,486,554,1996-08
298,512,554,1996-08
299,588,554,1996-08
300,602,554,1996-08
301,229,565,1996-08
302,486,565,1996-08
303,512,565,1996-08
304,588,565,1996-08
305,602,565,1996-08
306,242,625,1996-08
307,512,625,1996-08
308,588,625,1996-08
309,602,625,1996-08
310,142,229,1996-08
311,229,229,1996-08
312,411,229,1996-08
313,486,229,1996-08
314,8,1638,1996-08
315,38,1638,1996-08
316,162,1638,1996-08
317,314,1638,1996-08
318,455,1638,1996-08
319,512,1638,1996-08
320,602,1638,1996-08
321,162,285,1996-08
322,235,285,1996-08
323,411,285,1996-08
324,444,285,1996-08
325,455,285,1996-08
326,512,285,1996-08
327,162,289,1996-08
328,455,289,1996-08
329,512,289,1996-08
330,142,231,1996-08
331,235,231,1996-08
332,411,231,1996-08
333,455,231,1996-08
334,512,231,1996-08
335,602,231,1996-08
336,455,1192,1996-08
337,512,1192,1996-08
338,602,1192,1996-08
339,235,584,1996-08
340,411,584,1996-08
341,455,584,1996-08
342,512,584,1996-08
343,455,1191,1996-08
344,512,1191,1996-08
345,142,230,1996-08
346,235,230,1996-08
347,411,230,1996-08
348,142,235,1996-08
349,411,235,1996-08
350,512,235,1996-08
351,602,235,1996-08
352,411,1086,1996-08
353,512,1086,1996-08
354,142,234,1996-08
355,411,234,1996-08
356,176,318,1996-08
357,179,318,1996-08
358,229,318,1996-08
359,314,318,1996-08
360,385,318,1996-08
361,476,318,1996-08
362,486,318,1996-08
363,602,318,1996-08
364,179,364,1996-08
365,476,364,1996-08
366,486,364,1996-08
367,584,364,1996-08
368,592,364,1996-08
369,179,363,1996-08
370,476,363,1996-08
371,486,363,1996-08
372,176,319,1996-08
373,179,319,1996-08
374,229,319,1996-08
375,486,319,1996-08
376,584,319,1996-08
377,592,319,1996-08
378,602,319,1996-08
379,176,320,1996-08
380,179,320,1996-08
381,229,320,1996-08
382,486,320,1996-08
383,602,320,1996-08
384,179,370,1996-08
385,486,370,1996-08
386,584,370,1996-08
387,592,370,1996-08
388,176,329,1996-08
389,273,329,1996-08
390,592,329,1996-08
391,602,329,1996-08
392,176,322,1996-08
393,229,322,1996-08
394,476,322,1996-08
395,486,322,1996-08
396,592,322,1996-08
397,602,322,1996-08
398,176,323,1996-08
399,229,323,1996-08
400,476,323,1996-08
401,486,323,1996-08
402,602,323,1996-08
403,476,1262,1996-08
404,486,1262,1996-08
405,592,1262,1996-08
406,476,1259,1996-08
407,486,1259,1996-08
408,176,324,1996-08
409,229,324,1996-08
410,486,324,1996-08
411,592,324,1996-08
412,602,324,1996-08
413,176,325,1996-08
414,229,325,1996-08
415,486,325,1996-08
416,602,325,1996-08
417,176,342,1996-08
418,592,342,1996-08
419,602,342,1996-08
420,229,558,1996-08
421,385,558,1996-08
422,486,558,1996-08
423,584,558,1996-08
424,592,558,1996-08
425,229,556,1996-08
426,385,556,1996-08
427,486,556,1996-08
428,229,566,1996-08
429,486,566,1996-08
430,584,566,1996-08
431,592,566,1996-08
432,229,567,1996-08
433,486,567,1996-08
434,592,567,1996-08
435,229,568,1996-08
436,486,568,1996-08
437,602,568,1996-08
438,229,561,1996-08
439,486,561,1996-08
440,314,813,1996-08
441,602,813,1996-08
442,56,1378,1996-08
443,102,1378,1996-08
444,512,1378,1996-08
445,584,1378,1996-08
446,14,219,1996-08
447,176,219,1996-08
448,512,219,1996-08
449,574,219,1996-08
450,584,219,1996-08
451,602,219,1996-08
452,56,1379,1996-08
453,176,1379,1996-08
454,242,1379,1996-08
455,512,1379,1996-08
456,574,1379,1996-08
457,602,1379,1996-08
458,56,1386,1996-08
459,512,1386,1996-08
460,176,335,1996-08
461,512,335,1996-08
462,574,335,1996-08
463,602,335,1996-08
464,176,326,1996-08
465,242,326,1996-08
466,512,326,1996-08
467,602,326,1996-08
468,176,337,1996-08
469,512,337,1996-08
470,602,337,1996-08
471,102,47,1996-08
472,242,47,1996-08
473,512,47,1996-08
474,602,47,1996-08
475,102,48,1996-08
476,512,48,1996-08
477,242,626,1996-08
478,512,626,1996-08
479,602,626,1996-08
480,176,340,1996-08
481,584,340,1996-08
482,602,340,1996-08
483,176,343,1996-08
484,602,343,1996-08
485,8,1639,1996-08
486,38,1639,1996-08
487,512,1639,1996-08
488,588,1639,1996-08
489,602,1639,1996-08
490,38,965,1996-08
491,46,965,1996-08
492,394,965,1996-08
493,512,965,1996-08
494,541,965,1996-08
495,588,965,1996-08
496,602,965,1996-08
497,46,1201,1996-08
498,142,1201,1996-08
499,512,1201,1996-08
500,588,1201,1996-08
501,602,1201,1996-08
502,38,966,1996-08
503,46,966,1996-08
504,512,966,1996-08
505,541,966,1996-08
506,588,966,1996-08
507,602,966,1996-08
508,38,968,1996-08
509,512,968,1996-08
510,588,968,1996-08
511,602,968,1996-08
512,512,1343,1996-08
513,541,1343,1996-08
514,46,1237,1996-08
515,512,1237,1996-08
516,588,1237,1996-08
517,602,1237,1996-08
518,142,242,1996-08
519,512,242,1996-08
520,588,242,1996-08
521,602,242,1996-08
522,512,1346,1996-08
523,588,1346,1996-08
524,602,1346,1996-08
525,8,1637,1996-08
526,38,1637,1996-08
527,142,1637,1996-08
528,512,1637,1996-08
529,602,1637,1996-08
530,8,1640,1996-08
531,38,1640,1996-08
532,512,1640,1996-08
533,602,1640,1996-08
534,38,969,1996-08
535,512,969,1996-08
536,602,969,1996-08
537,142,243,1996-08
538,512,243,1996-08
539,602,243,1996-08
540,447,1155,1996-08
541,476,1155,1996-08
542,498,1155,1996-08
543,574,1155,1996-08
544,588,1155,1996-08
545,46,1223,1996-08
546,447,1223,1996-08
547,498,1223,1996-08
548,574,1223,1996-08
549,588,1223,1996-08
550,592,1223,1996-08
551,447,1159,1996-08
552,498,1159,1996-08
553,574,1159,1996-08
554,588,1159,1996-08
555,46,1200,1996-08
556,142,1200,1996-08
557,273,1200,1996-08
558,574,1200,1996-08
559,588,1200,1996-08
560,592,1200,1996-08
561,46,1241,1996-08
562,574,1241,1996-08
563,588,1241,1996-08
564,592,1241,1996-08
565,574,1418,1996-08
566,588,1418,1996-08
567,46,1225,1996-08
568,476,1225,1996-08
569,498,1225,1996-08
570,588,1225,1996-08
571,592,1225,1996-08
572,476,1264,1996-08
573,498,1264,1996-08
574,588,1264,1996-08
575,476,1265,1996-08
576,498,1265,1996-08
577,592,1265,1996-08
578,476,1263,1996-08
579,498,1263,1996-08
580,46,1235,1996-08
581,498,1235,1996-08
582,588,1235,1996-08
583,592,1235,1996-08
584,498,1326,1996-08
585,588,1326,1996-08
586,46,1245,1996-08
587,588,1245,1996-08
588,592,1245,1996-08
589,142,241,1996-08
590,498,241,1996-08
591,592,241,1996-08
592,142,246,1996-08
593,592,246,1996-08
594,142,236,1996-08
595,447,236,1996-08
596,588,236,1996-08
597,447,1162,1996-08
598,588,1162,1996-08
599,46,1202,1996-08
600,142,1202,1996-08
601,588,1202,1996-08
602,46,1244,1996-08
603,588,1244,1996-08
604,142,245,1996-08
605,588,245,1996-08
606,179,365,1996-08
607,485,365,1996-08
608,486,365,1996-08
609,498,365,1996-08
610,541,365,1996-08
611,584,365,1996-08
612,179,368,1996-08
613,486,368,1996-08
614,498,368,1996-08
615,541,368,1996-08
616,584,368,1996-08
617,179,367,1996-08
618,486,367,1996-08
619,498,367,1996-08
620,142,238,1996-08
621,485,238,1996-08
622,486,238,1996-08
623,498,238,1996-08
624,584,238,1996-08
625,485,1277,1996-08
626,486,1277,1996-08
627,498,1277,1996-08
628,584,1277,1996-08
629,486,1290,1996-08
630,498,1290,1996-08
631,584,1290,1996-08
632,142,237,1996-08
633,485,237,1996-08
634,142,239,1996-08
635,486,239,1996-08
636,179,369,1996-08
637,486,369,1996-08
638,584,369,1996-08
639,179,366,1996-08
640,486,366,1996-08
641,142,244,1996-08
642,541,244,1996-08
643,142,240,1996-08
644,498,240,1996-08
645,8,1649,1996-08
646,498,1649,1996-08
647,56,1382,1996-08
648,235,1382,1996-08
649,498,1382,1996-08
650,584,1382,1996-08
651,592,1382,1996-08
652,46,1234,1996-08
653,498,1234,1996-08
654,584,1234,1996-08
655,592,1234,1996-08
656,46,1240,1996-08
657,56,1240,1996-08
658,235,1240,1996-08
659,273,1240,1996-08
660,592,1240,1996-08
661,56,1383,1996-08
662,235,1383,1996-08
663,592,1383,1996-08
664,235,590,1996-08
665,498,590,1996-08
666,584,590,1996-08
667,592,590,1996-08
668,498,1325,1996-08
669,584,1325,1996-08
670,592,1325,1996-08
671,8,1634,1996-08
672,235,1634,1996-08
673,46,1216,1996-08
674,273,1216,1996-08
675,498,1216,1996-08
676,592,1216,1996-08
677,192,427,1996-08
678,349,427,1996-08
679,485,427,1996-08
680,498,427,1996-08
681,541,427,1996-08
682,584,427,1996-08
683,349,906,1996-08
684,485,906,1996-08
685,192,429,1996-08
686,485,429,1996-08
687,498,429,1996-08
688,584,429,1996-08
689,485,1278,1996-08
690,498,1278,1996-08
691,541,1278,1996-08
692,584,1278,1996-08
693,498,1322,1996-08
694,541,1322,1996-08
695,584,1322,1996-08
696,485,1279,1996-08
697,498,1279,1996-08
698,584,1279,1996-08
699,8,1632,1996-08
700,176,1632,1996-08
701,46,1207,1996-08
702,176,1207,1996-08
703,584,1207,1996-08
704,592,1207,1996-08
705,46,1204,1996-08
706,176,1204,1996-08
707,485,1204,1996-08
708,592,1204,1996-08
709,46,1208,1996-08
710,176,1208,1996-08
711,592,1208,1996-08
712,192,431,1996-08
713,485,431,1996-08
714,584,431,1996-08
715,592,431,1996-08
716,485,1285,1996-08
717,592,1285,1996-08
718,176,339,1996-08
719,584,339,1996-08
720,592,339,1996-08
721,8,1646,1996-08
722,46,1646,1996-08
723,584,1646,1996-08
724,592,1646,1996-08
725,56,1380,1996-08
726,192,1380,1996-08
727,411,1380,1996-08
728,486,1380,1996-08
729,541,1380,1996-08
730,584,1380,1996-08
731,592,1380,1996-08
732,486,1296,1996-08
733,541,1296,1996-08
734,584,1296,1996-08
735,592,1296,1996-08
736,56,1384,1996-08
737,411,1384,1996-08
738,592,1384,1996-08
739,486,1297,1996-08
740,541,1297,1996-08
741,592,1297,1996-08
742,192,428,1996-08
743,411,428,1996-08
744,486,428,1996-08
745,584,428,1996-08
746,592,428,1996-08
747,486,1299,1996-08
748,584,1299,1996-08
749,592,1299,1996-08
750,486,1295,1996-08
751,541,1295,1996-08
752,584,1295,1996-08
753,56,1389,1996-08
754,584,1389,1996-08
755,592,1389,1996-08
756,56,1390,1996-08
757,592,1390,1996-08
758,56,1388,1996-08
759,584,1388,1996-08
760,192,432,1996-08
761,541,432,1996-08
762,584,432,1996-08
763,192,434,1996-08
764,584,434,1996-08
765,592,434,1996-08
766,8,1647,1996-08
767,476,1647,1996-08
768,411,1078,1996-08
769,476,1078,1996-08
770,485,1078,1996-08
771,541,1078,1996-08
772,584,1078,1996-08
773,46,1239,1996-08
774,541,1239,1996-08
775,584,1239,1996-08
776,46,1220,1996-08
777,411,1220,1996-08
778,485,1220,1996-08
779,46,1226,1996-08
780,476,1226,1996-08
781,541,1226,1996-08
782,411,1080,1996-08
783,485,1080,1996-08
784,584,1080,1996-08
785,411,1079,1996-08
786,485,1079,1996-08
787,8,1641,1996-08
788,411,1641,1996-08
789,8,1644,1996-08
790,46,1644,1996-08
791,541,1644,1996-08
792,46,1238,1996-08
793,541,1238,1996-08
794,485,1283,1996-08
795,541,1283,1996-08
796,584,1283,1996-08
797,8,1643,1996-08
798,46,1643,1996-08
799,485,1643,1996-08
800,584,1643,1996-08
801,8,1645,1996-08
802,46,1645,1996-08
803,584,1645,1996-08
804,8,1642,1996-08
805,46,1642,1996-08
806,8,1631,1996-08
807,170,1631,1996-08
808,179,1631,1996-08
809,229,1631,1996-08
810,179,358,1996-08
811,229,358,1996-08
812,109,96,1996-08
813,162,96,1996-08
814,235,96,1996-08
815,411,96,1996-08
816,498,96,1996-08
817,109,97,1996-08
818,162,97,1996-08
819,498,97,1996-08
820,109,108,1996-08
821,498,108,1996-08
822,235,586,1996-08
823,411,586,1996-08
824,498,586,1996-08
825,162,284,1996-08
826,235,284,1996-08
827,411,284,1996-08
828,235,583,1996-08
829,411,583,1996-08
830,235,589,1996-08
831,498,589,1996-08
832,179,359,1996-08
833,235,359,1996-08
834,349,359,1996-08
835,584,359,1996-08
836,235,582,1996-08
837,349,582,1996-08
838,179,360,1996-08
839,243,360,1996-08
840,584,360,1996-08
841,349,907,1996-08
842,584,907,1996-08
843,179,362,1996-08
844,349,362,1996-08
845,507,362,1996-08
846,179,361,1996-08
847,349,361,1996-08
848,235,580,1996-08
849,243,580,1996-08
850,235,587,1996-08
851,476,587,1996-08
852,584,587,1996-08
853,592,587,1996-08
854,273,714,1996-08
855,476,714,1996-08
856,584,714,1996-08
857,592,714,1996-08
858,476,1268,1996-08
859,584,1268,1996-08
860,592,1268,1996-08
861,46,1215,1996-08
862,273,1215,1996-08
863,476,1215,1996-08
864,592,1215,1996-08
865,46,1228,1996-08
866,476,1228,1996-08
867,592,1228,1996-08
868,273,715,1996-08
869,476,715,1996-08
870,592,715,1996-08
871,476,1269,1996-08
872,592,1269,1996-08
873,46,1211,1996-08
874,235,1211,1996-08
875,273,1211,1996-08
876,584,1211,1996-08
877,592,1211,1996-08
878,46,1212,1996-08
879,235,1212,1996-08
880,273,1212,1996-08
881,592,1212,1996-08
882,235,592,1996-08
883,584,592,1996-08
884,592,592,1996-08
885,273,718,1996-08
886,584,718,1996-08
887,592,718,1996-08
888,46,1218,1996-08
889,273,1218,1996-08
890,592,1218,1996-08
891,273,720,1996-08
892,592,720,1996-08
893,46,1243,1996-08
894,584,1243,1996-08
895,592,1243,1996-08
896,46,1227,1996-08
897,476,1227,1996-08
898,584,1227,1996-08
899,46,1224,1996-08
900,476,1224,1996-08
901,235,591,1996-08
902,584,591,1996-08
903,411,1083,1996-08
904,486,1083,1996-08
905,498,1083,1996-08
906,541,1083,1996-08
907,411,1082,1996-08
908,486,1082,1996-08
909,498,1082,1996-08
910,243,631,1996-08
911,486,631,1996-08
912,498,631,1996-08
913,541,631,1996-08
914,486,1289,1996-08
915,498,1289,1996-08
916,541,1289,1996-08
917,486,1286,1996-08
918,498,1286,1996-08
919,498,1321,1996-08
920,541,1321,1996-08
921,411,1084,1996-08
922,486,1084,1996-08
923,541,1084,1996-08
924,411,1081,1996-08
925,486,1081,1996-08
926,486,1294,1996-08
927,541,1294,1996-08
928,243,628,1996-08
929,411,628,1996-08
930,498,628,1996-08
931,411,1085,1996-08
932,498,1085,1996-08
933,243,633,1996-08
934,498,633,1996-08
935,46,1210,1996-08
936,229,1210,1996-08
937,584,1210,1996-08
938,46,1214,1996-08
939,273,1214,1996-08
940,411,1214,1996-08
941,46,1209,1996-08
942,229,1209,1996-08
943,229,560,1996-08
944,411,560,1996-08
945,584,560,1996-08
946,229,559,1996-08
947,411,559,1996-08
948,229,555,1996-08
949,273,555,1996-08
950,584,555,1996-08
951,229,569,1996-08
952,584,569,1996-08
953,46,1221,1996-08
954,411,1221,1996-08
955,584,1221,1996-08
956,46,1219,1996-08
957,411,1219,1996-08
958,46,1217,1996-08
959,273,1217,1996-08
960,584,1217,1996-08
961,273,717,1996-08
962,584,717,1996-08
963,46,1213,1996-08
964,273,1213,1996-08
965,485,1281,1996-08
966,512,1281,1996-08
967,584,1281,1996-08
968,485,1282,1996-08
969,512,1282,1996-08
970,602,1282,1996-08
971,485,1280,1996-08
972,512,1280,1996-08
973,512,1345,1996-08
974,584,1345,1996-08
975,602,1345,1996-08
976,512,1344,1996-08
977,584,1344,1996-08
978,512,1348,1996-08
979,602,1348,1996-08
980,243,629,1996-08
981,485,629,1996-08
982,584,629,1996-08
983,176,321,1996-08
984,192,321,1996-08
985,584,321,1996-08
986,176,338,1996-08
987,584,338,1996-08
988,242,622,1996-08
989,273,622,1996-08
990,512,622,1996-08
991,242,623,1996-08
992,486,623,1996-08
993,512,623,1996-08
994,486,1293,1996-08
995,512,1293,1996-08
996,8,1633,1996-08
997,192,1633,1996-08
998,485,1633,1996-08
999,584,1633,1996-08
1000,192,430,1996-08
1001,485,430,1996-08
1002,584,430,1996-08
1003,8,1648,1996-08
1004,485,1648,1996-08
1005,584,1648,1996-08
1006,8,1651,1996-08
1007,584,1651,1996-08
1008,192,433,1996-08
1009,584,433,1996-08
1010,102,49,1996-08
1011,588,49,1996-08
1012,38,970,1996-08
1013,588,970,1996-08
1014,273,719,1996-08
1015,588,719,1996-08
1016,14,220,1996-08
1017,46,220,1996-08
1018,447,220,1996-08
1019,486,220,1996-08
1020,46,1231,1996-08
1021,486,1231,1996-08
1022,46,1222,1996-08
1023,447,1222,1996-08
1024,447,1157,1996-08
1025,486,1157,1996-08
1026,584,1157,1996-08
1027,602,1157,1996-08
1028,447,1158,1996-08
1029,486,1158,1996-08
1030,602,1158,1996-08
1031,486,1300,1996-08
1032,584,1300,1996-08
1033,602,1300,1996-08
1034,486,1303,1996-08
1035,602,1303,1996-08
1036,584,1443,1996-08
1037,602,1443,1996-08
1038,162,288,1996-08
1039,411,288,1996-08
1040,541,288,1996-08
1041,584,288,1996-08
1042,411,1088,1996-08
1043,541,1088,1996-08
1044,584,1088,1996-08
1045,162,287,1996-08
1046,411,287,1996-08
1047,411,1087,1996-08
1048,541,1087,1996-08
1049,411,1089,1996-08
1050,584,1089,1996-08
1051,109,105,1996-08
1052,411,105,1996-08
1053,592,105,1996-08
1054,109,99,1996-08
1055,176,99,1996-08
1056,592,99,1996-08
1057,109,98,1996-08
1058,176,98,1996-08
1059,109,110,1996-08
1060,592,110,1996-08
1061,176,330,1996-08
1062,411,330,1996-08
1063,592,330,1996-08
1064,411,1090,1996-08
1065,592,1090,1996-08
1066,109,104,1996-08
1067,411,104,1996-08
1068,109,94,1996-08
1069,162,94,1996-08
1070,498,1323,1996-08
1071,574,1323,1996-08
1072,56,1385,1996-08
1073,498,1385,1996-08
1074,38,962,1996-08
1075,385,962,1996-08
1076,385,983,1996-08
1077,411,983,1996-08
1078,38,963,1996-08
1079,411,963,1996-08
1080,8,1650,1996-08
1081,512,1650,1996-08
1082,242,624,1996-08
1083,512,624,1996-08
1084,162,291,1996-08
1085,476,291,1996-08
1086,584,291,1996-08
1087,162,290,1996-08
1088,476,290,1996-08
1089,476,1267,1996-08
1090,584,1267,1996-08
1091,162,292,1996-08
1092,584,292,1996-08
1093,109,106,1996-08
1094,447,106,1996-08
1095,512,106,1996-08
1096,109,109,1996-08
1097,512,109,1996-08
1098,46,1230,1996-08
1099,485,1230,1996-08
1100,584,1230,1996-08
1101,46,1229,1996-08
1102,485,1229,1996-08
1103,485,1284,1996-08
1104,584,1284,1996-08
1105,235,579,1996-08
1106,242,579,1996-08
1107,602,579,1996-08
1108,235,594,1996-08
1109,602,594,1996-08
1110,242,627,1996-08
1111,602,627,1996-08
1112,176,328,1996-08
1113,273,328,1996-08
1114,486,328,1996-08
1115,273,716,1996-08
1116,486,716,1996-08
1117,385,985,1996-08
1118,602,985,1996-08
1119,46,1236,1996-08
1120,498,1236,1996-08
1121,592,1236,1996-08
1122,498,1327,1996-08
1123,592,1327,1996-08
1124,46,1246,1996-08
1125,592,1246,1996-08
1126,8,1636,1996-08
1127,38,1636,1996-08
1128,8,1635,1996-08
1129,273,1635,1996-08
1130,447,1160,1996-08
1131,541,1160,1996-08
1132,447,1154,1996-08
1133,476,1154,1996-08
1134,476,1266,1996-08
1135,541,1266,1996-08
1136,46,1233,1996-08
1137,498,1233,1996-08
1138,584,1233,1996-08
1139,498,1324,1996-08
1140,584,1324,1996-08
1141,46,1242,1996-08
1142,584,1242,1996-08
1143,46,1232,1996-08
1144,498,1232,1996-08
1145,273,712,1996-08
1146,314,712,1996-08
1147,38,960,1996-08
1148,273,960,1996-08
1149,541,1369,1996-08
1150,584,1369,1996-08
1151,592,1369,1996-08
1152,541,1370,1996-08
1153,592,1370,1996-08
1154,541,1368,1996-08
1155,584,1368,1996-08
1156,447,1153,1996-08
1157,455,1153,1996-08
1158,455,1193,1996-08
1159,584,1193,1996-08
1160,447,1161,1996-08
1161,584,1161,1996-08
1162,162,293,1996-08
1163,602,293,1996-08
1164,176,333,1996-08
1165,486,333,1996-08
1166,592,333,1996-08
1167,176,341,1996-08
1168,592,341,1996-08
1169,176,332,1996-08
1170,486,332,1996-08
1171,243,632,1996-08
1172,486,632,1996-08
1173,584,632,1996-08
1174,486,1298,1996-08
1175,584,1298,1996-08
1176,235,588,1996-08
1177,486,588,1996-08
1178,592,588,1996-08
1179,235,593,1996-08
1180,592,593,1996-08
1181,486,1302,1996-08
1182,592,1302,1996-08
1183,486,1301,1996-08
1184,588,1301,1996-08
1185,38,961,1996-08
1186,314,961,1996-08
1187,14,222,1996-08
1188,602,222,1996-08
1189,273,713,1996-08
1190,385,713,1996-08
1191,109,103,1996-08
1192,235,103,1996-08
1193,243,630,1996-08
1194,486,630,1996-08
1195,38,967,1996-08
1196,512,967,1996-08
1197,179,372,1996-08
1198,584,372,1996-08
1199,235,581,1996-08
1200,273,581,1996-08
1201,14,221,1996-08
1202,584,221,1996-08
1203,447,1156,1996-08
1204,486,1156,1996-08
1205,56,1387,1996-08
1206,574,1387,1996-08
1207,243,634,1996-08
1208,584,634,1996-08
1209,176,327,1996-08
1210,273,327,1996-08
1211,584,1442,1996-08
1212,592,1442,1996-08
1213,162,286,1996-08
1214,262,286,1996-08
1215,6,1461,1996-11
1216,240,1461,1996-11
1217,379,1461,1996-11
1218,458,1461,1996-11
1219,470,1461,1996-11
1220,566,1461,1996-11
1221,6,1498,1996-11
1222,58,1498,1996-11
1223,94,1498,1996-11
1224,117,1498,1996-11
1225,340,1498,1996-11
1226,566,1498,1996-11
1227,6,1487,1996-11
1228,566,1487,1996-11
1229,6,1495,1996-11
1230,58,1495,1996-11
1231,340,1495,1996-11
1232,379,1495,1996-11
1233,458,1495,1996-11
1234,6,1478,1996-11
1235,43,1478,1996-11
1236,379,1478,1996-11
1237,458,1478,1996-11
1238,530,1478,1996-11
1239,6,1472,1996-11
1240,379,1472,1996-11
1241,458,1472,1996-11
1242,6,1489,1996-11
1243,58,1489,1996-11
1244,126,1489,1996-11
1245,340,1489,1996-11
1246,58,1421,1996-11
1247,117,1421,1996-11
1248,470,1421,1996-11
1249,566,1421,1996-11
1250,173,307,1996-11
1251,470,307,1996-11
1252,566,307,1996-11
1253,470,1254,1996-11
1254,566,1254,1996-11
1255,58,1420,1996-11
1256,117,1420,1996-11
1257,373,1420,1996-11
1258,566,1420,1996-11
1259,58,1422,1996-11
1260,117,1422,1996-11
1261,566,1422,1996-11
1262,58,1433,1996-11
1263,374,1433,1996-11
1264,5,1335,1996-11
1265,58,1335,1996-11
1266,373,1335,1996-11
1267,565,1335,1996-11
1268,6,1468,1996-11
1269,340,1468,1996-11
1270,458,1468,1996-11
1271,470,1468,1996-11
1272,6,1469,1996-11
1273,340,1469,1996-11
1274,559,1469,1996-11
1275,6,1458,1996-11
1276,174,1458,1996-11
1277,340,1458,1996-11
1278,458,1458,1996-11
1279,6,1467,1996-11
1280,340,1467,1996-11
1281,458,1467,1996-11
1282,6,1476,1996-11
1283,43,1476,1996-11
1284,181,1476,1996-11
1285,458,1476,1996-11
1286,470,1476,1996-11
1287,530,1476,1996-11
1288,6,1475,1996-11
1289,43,1475,1996-11
1290,174,1475,1996-11
1291,458,1475,1996-11
1292,530,1475,1996-11
1293,6,1480,1996-11
1294,43,1480,1996-11
1295,458,1480,1996-11
1296,530,1480,1996-11
1297,6,1456,1996-11
1298,174,1456,1996-11
1299,181,1456,1996-11
1300,458,1456,1996-11
1301,470,1456,1996-11
1302,6,1460,1996-11
1303,181,1460,1996-11
1304,458,1460,1996-11
1305,470,1460,1996-11
1306,6,1484,1996-11
1307,458,1484,1996-11
1308,470,1484,1996-11
1309,6,1459,1996-11
1310,174,1459,1996-11
1311,458,1459,1996-11
1312,43,1121,1996-11
1313,181,1121,1996-11
1314,240,1121,1996-11
1315,379,1121,1996-11
1316,240,614,1996-11
1317,379,614,1996-11
1318,181,396,1996-11
1319,559,396,1996-11
1320,43,1120,1996-11
1321,181,1120,1996-11
1322,43,1118,1996-11
1323,174,1118,1996-11
1324,340,1118,1996-11
1325,379,1118,1996-11
1326,458,1118,1996-11
1327,340,895,1996-11
1328,379,895,1996-11
1329,458,895,1996-11
1330,43,1128,1996-11
1331,379,1128,1996-11
1332,458,1128,1996-11
1333,379,956,1996-11
1334,458,956,1996-11
1335,174,314,1996-11
1336,340,314,1996-11
1337,458,314,1996-11
1338,340,896,1996-11
1339,458,896,1996-11
1340,43,1119,1996-11
1341,174,1119,1996-11
1342,458,1119,1996-11
1343,43,1127,1996-11
1344,379,1127,1996-11
1345,6,1493,1996-11
1346,58,1493,1996-11
1347,240,1493,1996-11
1348,458,1493,1996-11
1349,6,1462,1996-11
1350,240,1462,1996-11
1351,458,1462,1996-11
1352,6,1490,1996-11
1353,58,1490,1996-11
1354,126,1490,1996-11
1355,458,1490,1996-11
1356,6,1488,1996-11
1357,58,1488,1996-11
1358,126,1488,1996-11
1359,58,1438,1996-11
1360,569,1438,1996-11
1361,181,395,1996-11
1362,458,395,1996-11
1363,530,395,1996-11
1364,566,395,1996-11
1365,458,1197,1996-11
1366,566,1197,1996-11
1367,126,201,1996-11
1368,566,201,1996-11
1369,126,198,1996-11
1370,174,198,1996-11
1371,458,198,1996-11
1372,530,198,1996-11
1373,174,310,1996-11
1374,181,310,1996-11
1375,458,310,1996-11
1376,530,310,1996-11
1377,181,394,1996-11
1378,458,394,1996-11
1379,530,394,1996-11
1380,174,316,1996-11
1381,458,316,1996-11
1382,530,316,1996-11
1383,458,1196,1996-11
1384,530,1196,1996-11
1385,174,309,1996-11
1386,181,309,1996-11
1387,458,309,1996-11
1388,181,393,1996-11
1389,458,393,1996-11
1390,6,1466,1996-11
1391,340,1466,1996-11
1392,379,1466,1996-11
1393,530,1466,1996-11
1394,6,1465,1996-11
1395,340,1465,1996-11
1396,379,1465,1996-11
1397,6,1473,1996-11
1398,379,1473,1996-11
1399,530,1473,1996-11
1400,6,1471,1996-11
1401,379,1471,1996-11
1402,5,1332,1996-11
1403,565,1332,1996-11
1404,6,1486,1996-11
1405,530,1486,1996-11
1406,340,894,1996-11
1407,379,894,1996-11
1408,6,1492,1996-11
1409,58,1492,1996-11
1410,240,1492,1996-11
1411,340,1492,1996-11
1412,6,1494,1996-11
1413,58,1494,1996-11
1414,340,1494,1996-11
1415,6,1464,1996-11
1416,340,1464,1996-11
1417,6,1453,1996-11
1418,126,1453,1996-11
1419,373,1453,1996-11
1420,6,1474,1996-11
1421,43,1474,1996-11
1422,126,1474,1996-11
1423,458,1474,1996-11
1424,6,1454,1996-11
1425,126,1454,1996-11
1426,458,1454,1996-11
1427,6,1452,1996-11
1428,126,1452,1996-11
1429,126,200,1996-11
1430,458,200,1996-11
1431,6,1482,1996-11
1432,43,1482,1996-11
1433,58,1482,1996-11
1434,458,1482,1996-11
1435,6,1497,1996-11
1436,58,1497,1996-11
1437,458,1497,1996-11
1438,6,1479,1996-11
1439,43,1479,1996-11
1440,458,1479,1996-11
1441,58,1439,1996-11
1442,94,1439,1996-11
1443,58,1431,1996-11
1444,373,1431,1996-11
1445,565,1431,1996-11
1446,566,1431,1996-11
1447,58,1432,1996-11
1448,373,1432,1996-11
1449,566,1432,1996-11
1450,58,1437,1996-11
1451,566,1437,1996-11
1452,58,1430,1996-11
1453,373,1430,1996-11
1454,565,1430,1996-11
1455,58,1436,1996-11
1456,565,1436,1996-11
1457,43,1123,1996-11
1458,321,1123,1996-11
1459,458,1123,1996-11
1460,458,1198,1996-11
1461,569,1198,1996-11
1462,37,943,1996-11
1463,569,943,1996-11
1464,37,942,1996-11
1465,43,942,1996-11
1466,240,618,1996-11
1467,569,618,1996-11
1468,240,617,1996-11
1469,566,617,1996-11
1470,43,1122,1996-11
1471,240,1122,1996-11
1472,458,1122,1996-11
1473,470,1122,1996-11
1474,240,616,1996-11
1475,458,616,1996-11
1476,470,616,1996-11
1477,43,1131,1996-11
1478,458,1131,1996-11
1479,470,1131,1996-11
1480,458,1195,1996-11
1481,470,1195,1996-11
1482,43,1130,1996-11
1483,458,1130,1996-11
1484,6,1496,1996-11
1485,58,1496,1996-11
1486,373,1496,1996-11
1487,374,949,1996-11
1488,470,949,1996-11
1489,321,834,1996-11
1490,470,834,1996-11
1491,58,1429,1996-11
1492,373,1429,1996-11
1493,559,1429,1996-11
1494,446,1151,1996-11
1495,470,1151,1996-11
1496,43,1129,1996-11
1497,446,1129,1996-11
1498,43,1132,1996-11
1499,470,1132,1996-11
1500,117,149,1996-11
1501,373,149,1996-11
1502,446,149,1996-11
1503,117,148,1996-11
1504,373,148,1996-11
1505,37,941,1996-11
1506,373,941,1996-11
1507,5,1331,1996-11
1508,43,1331,1996-11
1509,58,1331,1996-11
1510,5,1334,1996-11
1511,58,1334,1996-11
1512,373,1334,1996-11
1513,6,1463,1996-11
1514,240,1463,1996-11
1515,501,1463,1996-11
1516,240,612,1996-11
1517,340,612,1996-11
1518,374,612,1996-11
1519,240,611,1996-11
1520,340,611,1996-11
1521,240,613,1996-11
1522,347,613,1996-11
1523,6,1485,1996-11
1524,501,1485,1996-11
1525,5,1337,1996-11
1526,6,1337,1996-11
1527,43,1337,1996-11
1528,5,1336,1996-11
1529,6,1336,1996-11
1530,6,1451,1996-11
1531,121,1451,1996-11
1532,373,1451,1996-11
1533,6,1470,1996-11
1534,373,1470,1996-11
1535,174,311,1996-11
1536,181,311,1996-11
1537,566,311,1996-11
1538,181,397,1996-11
1539,566,397,1996-11
1540,174,308,1996-11
1541,181,308,1996-11
1542,174,317,1996-11
1543,566,317,1996-11
1544,58,1424,1996-11
1545,126,1424,1996-11
1546,373,1424,1996-11
1547,58,1423,1996-11
1548,126,1423,1996-11
1549,126,199,1996-11
1550,373,199,1996-11
1551,373,947,1996-11
1552,559,947,1996-11
1553,566,947,1996-11
1554,373,948,1996-11
1555,566,948,1996-11
1556,373,946,1996-11
1557,559,946,1996-11
1558,43,1135,1996-11
1559,569,1135,1996-11
1560,6,1491,1996-11
1561,58,1491,1996-11
1562,240,1491,1996-11
1563,37,940,1996-11
1564,240,940,1996-11
1565,37,939,1996-11
1566,174,939,1996-11
1567,6,1477,1996-11
1568,43,1477,1996-11
1569,240,1477,1996-11
1570,58,1428,1996-11
1571,373,1428,1996-11
1572,446,1428,1996-11
1573,373,945,1996-11
1574,446,945,1996-11
1575,58,1426,1996-11
1576,174,1426,1996-11
1577,458,1426,1996-11
1578,6,1457,1996-11
1579,174,1457,1996-11
1580,240,1457,1996-11
1581,6,1455,1996-11
1582,174,1455,1996-11
1583,174,312,1996-11
1584,240,312,1996-11
1585,6,1481,1996-11
1586,43,1481,1996-11
1587,58,1481,1996-11
1588,43,1117,1996-11
1589,174,1117,1996-11
1590,340,1117,1996-11
1591,174,313,1996-11
1592,340,313,1996-11
1593,43,1124,1996-11
1594,340,1124,1996-11
1595,5,1330,1996-11
1596,43,1330,1996-11
1597,373,1330,1996-11
1598,43,1125,1996-11
1599,373,1125,1996-11
1600,5,1328,1996-11
1601,373,1328,1996-11
1602,5,1329,1996-11
1603,43,1329,1996-11
1604,43,1136,1996-11
1605,58,1136,1996-11
1606,174,1136,1996-11
1607,58,1425,1996-11
1608,174,1425,1996-11
1609,43,1137,1996-11
1610,58,1137,1996-11
1611,240,1137,1996-11
1612,446,1152,1996-11
1613,566,1152,1996-11
1614,58,1427,1996-11
1615,240,1427,1996-11
1616,5,1333,1996-11
1617,58,1333,1996-11
1618,240,615,1996-11
1619,458,615,1996-11
1620,174,315,1996-11
1621,458,315,1996-11
1622,37,944,1996-11
1623,58,944,1996-11
1624,43,1134,1996-11
1625,566,1134,1996-11
1626,240,610,1996-11
1627,321,610,1996-11
1628,6,1483,1996-11
1629,458,1483,1996-11
1630,43,1115,1996-11
1631,126,1115,1996-11
1632,43,1126,1996-11
1633,374,1126,1996-11
1634,58,1434,1996-11
1635,458,1434,1996-11
1636,43,1116,1996-11
1637,174,1116,1996-11
1638,58,1435,1996-11
1639,559,1435,1996-11
1640,43,1133,1996-11
1641,559,1133,1996-11
1642,206,487,1997-02
1643,269,487,1997-02
1644,451,487,1997-02
1645,90,1668,1997-02
1646,206,1668,1997-02
1647,302,1668,1997-02
1648,451,1668,1997-02
1649,521,1668,1997-02
1650,90,1667,1997-02
1651,206,1667,1997-02
1652,302,1667,1997-02
1653,451,1667,1997-02
1654,206,489,1997-02
1655,451,489,1997-02
1656,32,830,1997-02
1657,529,830,1997-02
1658,32,832,1997-02
1659,90,832,1997-02
1660,206,832,1997-02
1661,302,832,1997-02
1662,32,833,1997-02
1663,90,833,1997-02
1664,302,833,1997-02
1665,90,1666,1997-02
1666,206,1666,1997-02
1667,302,1666,1997-02
1668,90,1669,1997-02
1669,302,1669,1997-02
1670,302,788,1997-02
1671,589,788,1997-02
1672,451,1187,1997-02
1673,589,1187,1997-02
1674,32,828,1997-02
1675,451,828,1997-02
1676,32,827,1997-02
1677,402,827,1997-02
1678,589,827,1997-02
1679,206,490,1997-02
1680,589,490,1997-02
1681,402,1054,1997-02
1682,524,1054,1997-02
1683,31,807,1997-02
1684,456,807,1997-02
1685,456,1194,1997-02
1686,529,1194,1997-02
1687,179,371,1997-02
1688,544,371,1997-02
1689,589,371,1997-02
1690,32,826,1997-02
1691,402,826,1997-02
1692,31,806,1997-02
1693,402,806,1997-02
1694,32,825,1997-02
1695,302,825,1997-02
1696,524,825,1997-02
1697,32,824,1997-02
1698,302,824,1997-02
1699,32,829,1997-02
1700,524,829,1997-02
1701,302,787,1997-02
1702,524,787,1997-02
1703,32,831,1997-02
1704,589,831,1997-02
1705,402,1055,1997-02
1706,589,1055,1997-02
1707,206,488,1997-02
1708,270,488,1997-02
1709,31,808,1997-02
1710,524,808,1997-02
1711,31,805,1997-02
1712,32,805,1997-02
1713,276,731,1997-05
1714,337,731,1997-05
1715,389,731,1997-05
1716,559,731,1997-05
1717,337,875,1997-05
1718,389,875,1997-05
1719,437,875,1997-05
1720,559,875,1997-05
1721,337,877,1997-05
1722,389,877,1997-05
1723,559,877,1997-05
1724,71,1582,1997-05
1725,337,1582,1997-05
1726,389,1582,1997-05
1727,337,874,1997-05
1728,389,874,1997-05
1729,437,874,1997-05
1730,120,158,1997-05
1731,276,158,1997-05
1732,337,158,1997-05
1733,437,158,1997-05
1734,71,1584,1997-05
1735,389,1584,1997-05
1736,559,1584,1997-05
1737,389,987,1997-05
1738,559,987,1997-05
1739,71,1583,1997-05
1740,389,1583,1997-05
1741,337,878,1997-05
1742,437,878,1997-05
1743,120,159,1997-05
1744,437,159,1997-05
1745,337,876,1997-05
1746,389,876,1997-05
1747,492,876,1997-05
1748,276,732,1997-05
1749,389,732,1997-05
1750,84,1657,1997-05
1751,276,1657,1997-05
1752,337,873,1997-05
1753,389,873,1997-05
1754,276,730,1997-05
1755,337,730,1997-05
1756,337,879,1997-05
1757,492,879,1997-05
1758,71,1581,1997-05
1759,337,1581,1997-05
1760,389,986,1997-05
1761,492,986,1997-05
1762,276,733,1997-05
1763,492,733,1997-05
1764,385,984,1997-05
1765,437,984,1997-05
1766,84,1658,1997-05
1767,437,1658,1997-05
1768,171,306,1997-08
1769,364,306,1997-08
1770,85,1659,1998-05
1771,304,1659,1998-05
1772,11,112,1998-08
1773,283,112,1998-08
1774,11,111,1998-08
1775,128,111,1998-08
1776,199,459,1999-11
1777,412,459,1999-11
1778,597,459,1999-11
1779,33,853,1999-11
1780,199,853,1999-11
1781,263,853,1999-11
1782,33,865,1999-11
1783,93,865,1999-11
1784,140,865,1999-11
1785,199,455,1999-11
1786,201,455,1999-11
1787,597,455,1999-11
1788,33,866,1999-11
1789,93,866,1999-11
1790,199,866,1999-11
1791,33,868,1999-11
1792,93,868,1999-11
1793,201,868,1999-11
1794,597,868,1999-11
1795,33,867,1999-11
1796,93,867,1999-11
1797,201,867,1999-11
1798,201,470,1999-11
1799,268,470,1999-11
1800,412,470,1999-11
1801,597,470,1999-11
1802,236,596,1999-11
1803,412,596,1999-11
1804,597,596,1999-11
1805,412,1091,1999-11
1806,595,1091,1999-11
1807,597,1091,1999-11
1808,33,859,1999-11
1809,263,859,1999-11
1810,597,859,1999-11
1811,33,869,1999-11
1812,93,869,1999-11
1813,263,869,1999-11
1814,33,858,1999-11
1815,263,858,1999-11
1816,201,476,1999-11
1817,535,476,1999-11
1818,597,476,1999-11
1819,201,473,1999-11
1820,383,473,1999-11
1821,597,473,1999-11
1822,33,870,1999-11
1823,93,870,1999-11
1824,597,870,1999-11
1825,33,864,1999-11
1826,93,864,1999-11
1827,33,851,1999-11
1828,156,851,1999-11
1829,156,263,1999-11
1830,412,263,1999-11
1831,597,263,1999-11
1832,33,854,1999-11
1833,199,854,1999-11
1834,597,854,1999-11
1835,33,852,1999-11
1836,199,852,1999-11
1837,93,1681,1999-11
1838,201,1681,1999-11
1839,597,1681,1999-11
1840,156,259,1999-11
1841,199,259,1999-11
1842,412,259,1999-11
1843,199,458,1999-11
1844,412,458,1999-11
1845,201,471,1999-11
1846,268,471,1999-11
1847,597,471,1999-11
1848,199,457,1999-11
1849,268,457,1999-11
1850,597,457,1999-11
1851,33,856,1999-11
1852,201,856,1999-11
1853,597,856,1999-11
1854,268,699,1999-11
1855,412,699,1999-11
1856,597,699,1999-11
1857,268,698,1999-11
1858,412,698,1999-11
1859,140,224,1999-11
1860,412,224,1999-11
1861,597,224,1999-11
1862,201,475,1999-11
1863,412,475,1999-11
1864,597,475,1999-11
1865,201,474,1999-11
1866,412,474,1999-11
1867,199,456,1999-11
1868,236,456,1999-11
1869,597,456,1999-11
1870,268,701,1999-11
1871,547,701,1999-11
1872,597,701,1999-11
1873,33,861,1999-11
1874,268,861,1999-11
1875,597,861,1999-11
1876,268,702,1999-11
1877,595,702,1999-11
1878,597,702,1999-11
1879,595,1450,1999-11
1880,597,1450,1999-11
1881,156,260,1999-11
1882,199,260,1999-11
1883,597,260,1999-11
1884,156,268,1999-11
1885,597,268,1999-11
1886,33,857,1999-11
1887,208,857,1999-11
1888,33,860,1999-11
1889,268,860,1999-11
1890,201,469,1999-11
1891,236,469,1999-11
1892,597,469,1999-11
1893,263,689,1999-11
1894,412,689,1999-11
1895,199,454,1999-11
1896,201,454,1999-11
1897,33,863,1999-11
1898,595,863,1999-11
1899,199,460,1999-11
1900,547,460,1999-11
1901,93,1679,1999-11
1902,140,1679,1999-11
1903,156,258,1999-11
1904,199,258,1999-11
1905,156,262,1999-11
1906,412,262,1999-11
1907,263,690,1999-11
1908,597,690,1999-11
1909,383,982,1999-11
1910,597,982,1999-11
1911,315,814,1999-11
1912,597,814,1999-11
1913,140,223,1999-11
1914,199,223,1999-11
1915,199,461,1999-11
1916,597,461,1999-11
1917,268,700,1999-11
1918,547,700,1999-11
1919,140,225,1999-11
1920,597,225,1999-11
1921,33,862,1999-11
1922,412,862,1999-11
1923,93,1680,1999-11
1924,201,1680,1999-11
1925,156,261,1999-11
1926,268,261,1999-11
1927,156,265,1999-11
1928,547,265,1999-11
1929,201,472,1999-11
1930,383,472,1999-11
1931,33,855,1999-11
1932,201,855,1999-11
1933,236,597,1999-11
1934,597,597,1999-11
1935,535,1367,1999-11
1936,597,1367,1999-11
1937,236,595,1999-11
1938,412,595,1999-11
1939,93,1682,1999-11
1940,597,1682,1999-11
1941,156,266,2000-02
1942,554,266,2000-02
1943,572,266,2000-02
1944,577,266,2000-02
1945,45,1180,2000-02
1946,554,1180,2000-02
1947,572,1180,2000-02
1948,577,1180,2000-02
1949,45,1165,2000-02
1950,115,1165,2000-02
1951,554,1165,2000-02
1952,572,1165,2000-02
1953,45,1182,2000-02
1954,572,1182,2000-02
1955,577,1182,2000-02
1956,4,1031,2000-02
1957,554,1031,2000-02
1958,572,1031,2000-02
1959,577,1031,2000-02
1960,45,1166,2000-02
1961,118,1166,2000-02
1962,554,1166,2000-02
1963,45,1174,2000-02
1964,266,1174,2000-02
1965,554,1174,2000-02
1966,554,1376,2000-02
1967,572,1376,2000-02
1968,577,1376,2000-02
1969,45,1179,2000-02
1970,554,1179,2000-02
1971,572,1179,2000-02
1972,4,1034,2000-02
1973,572,1034,2000-02
1974,577,1034,2000-02
1975,45,1164,2000-02
1976,115,1164,2000-02
1977,45,1183,2000-02
1978,577,1183,2000-02
1979,115,147,2000-02
1980,577,147,2000-02
1981,45,1171,2000-02
1982,197,1171,2000-02
1983,4,1035,2000-02
1984,577,1035,2000-02
1985,4,1033,2000-02
1986,572,1033,2000-02
1987,197,449,2000-02
1988,266,449,2000-02
1989,156,267,2000-02
1990,572,267,2000-02
1991,115,143,2000-02
1992,266,143,2000-02
1993,266,694,2000-02
1994,572,694,2000-02
1995,45,1181,2000-02
1996,572,1181,2000-02
1997,45,1173,2000-02
1998,266,1173,2000-02
1999,4,1030,2000-02
2000,554,1030,2000-02
2001,118,150,2000-02
2002,572,150,2000-02
2003,4,1027,2000-02
2004,45,1027,2000-02
2005,45,1178,2000-02
2006,554,1178,2000-02
2007,4,1024,2000-02
2008,156,1024,2000-02
2009,554,1375,2000-02
2010,572,1375,2000-02
2011,267,697,2000-05
2012,587,697,2000-05
2013,587,1445,2000-05
2014,603,1445,2000-05
2015,579,1419,2000-05
2016,587,1419,2000-05
2017,59,1447,2000-05
2018,267,1447,2000-05
2019,59,1446,2000-05
2020,217,1446,2000-05
2021,217,518,2000-05
2022,267,518,2000-05
2023,115,144,2000-05
2024,267,144,2000-05
2025,59,1448,2000-05
2026,579,1448,2000-05
2027,115,142,2000-05
2028,217,142,2000-05
2029,59,1449,2000-05
2030,587,1449,2000-05
2031,267,696,2000-05
2032,579,696,2000-05
2033,45,1184,2000-05
2034,603,1184,2000-05
2035,156,269,2000-05
2036,603,269,2000-05
2037,1,3,2000-08
2038,19,3,2000-08
2039,27,3,2000-08
2040,57,3,2000-08
2041,414,3,2000-08
2042,1,14,2000-08
2043,4,14,2000-08
2044,57,14,2000-08
2045,414,14,2000-08
2046,469,14,2000-08
2047,1,28,2000-08
2048,57,28,2000-08
2049,96,28,2000-08
2050,265,28,2000-08
2051,414,28,2000-08
2052,4,1029,2000-08
2053,465,1029,2000-08
2054,603,1029,2000-08
2055,1,30,2000-08
2056,57,30,2000-08
2057,96,30,2000-08
2058,414,30,2000-08
2059,469,30,2000-08
2060,57,1396,2000-08
2061,265,1396,2000-08
2062,603,1396,2000-08
2063,607,1396,2000-08
2064,1,20,2000-08
2065,57,20,2000-08
2066,265,20,2000-08
2067,414,20,2000-08
2068,1,16,2000-08
2069,414,16,2000-08
2070,603,16,2000-08
2071,1,31,2000-08
2072,57,31,2000-08
2073,96,31,2000-08
2074,465,31,2000-08
2075,19,421,2000-08
2076,57,421,2000-08
2077,469,421,2000-08
2078,1,22,2000-08
2079,57,22,2000-08
2080,414,22,2000-08
2081,430,22,2000-08
2082,469,22,2000-08
2083,1,35,2000-08
2084,96,35,2000-08
2085,414,35,2000-08
2086,465,35,2000-08
2087,469,35,2000-08
2088,1,36,2000-08
2089,96,36,2000-08
2090,414,36,2000-08
2091,469,36,2000-08
2092,1,15,2000-08
2093,414,15,2000-08
2094,465,15,2000-08
2095,469,15,2000-08
2096,1,37,2000-08
2097,96,37,2000-08
2098,465,37,2000-08
2099,1,13,2000-08
2100,4,13,2000-08
2101,414,13,2000-08
2102,469,13,2000-08
2103,57,1409,2000-08
2104,465,1409,2000-08
2105,603,1409,2000-08
2106,607,1409,2000-08
2107,414,1094,2000-08
2108,465,1094,2000-08
2109,603,1094,2000-08
2110,465,1248,2000-08
2111,603,1248,2000-08
2112,57,1404,2000-08
2113,414,1404,2000-08
2114,603,1404,2000-08
2115,607,1404,2000-08
2116,57,1412,2000-08
2117,603,1412,2000-08
2118,607,1412,2000-08
2119,57,1407,2000-08
2120,430,1407,2000-08
2121,469,1407,2000-08
2122,57,1410,2000-08
2123,465,1410,2000-08
2124,607,1410,2000-08
2125,414,1093,2000-08
2126,430,1093,2000-08
2127,469,1093,2000-08
2128,430,1139,2000-08
2129,469,1139,2000-08
2130,607,1139,2000-08
2131,1,24,2000-08
2132,57,24,2000-08
2133,414,24,2000-08
2134,607,24,2000-08
2135,1,26,2000-08
2136,57,26,2000-08
2137,607,26,2000-08
2138,57,1405,2000-08
2139,414,1405,2000-08
2140,607,1405,2000-08
2141,1,33,2000-08
2142,603,33,2000-08
2143,607,33,2000-08
2144,1,2,2000-08
2145,19,2,2000-08
2146,27,2,2000-08
2147,1,23,2000-08
2148,57,23,2000-08
2149,414,23,2000-08
2150,469,23,2000-08
2151,414,1095,2000-08
2152,469,1095,2000-08
2153,603,1095,2000-08
2154,57,1403,2000-08
2155,414,1403,2000-08
2156,603,1403,2000-08
2157,57,1411,2000-08
2158,603,1411,2000-08
2159,115,146,2000-08
2160,465,146,2000-08
2161,96,1692,2000-08
2162,414,1692,2000-08
2163,465,1692,2000-08
2164,469,1692,2000-08
2165,1,7,2000-08
2166,265,7,2000-08
2167,414,7,2000-08
2168,607,7,2000-08
2169,265,693,2000-08
2170,607,693,2000-08
2171,1,17,2000-08
2172,414,17,2000-08
2173,607,17,2000-08
2174,57,1402,2000-08
2175,414,1402,2000-08
2176,465,1402,2000-08
2177,469,1402,2000-08
2178,57,1401,2000-08
2179,414,1401,2000-08
2180,465,1401,2000-08
2181,1,9,2000-08
2182,27,9,2000-08
2183,265,9,2000-08
2184,414,9,2000-08
2185,1,10,2000-08
2186,27,10,2000-08
2187,414,10,2000-08
2188,1,8,2000-08
2189,27,8,2000-08
2190,1,6,2000-08
2191,265,6,2000-08
2192,414,6,2000-08
2193,1,21,2000-08
2194,57,21,2000-08
2195,294,21,2000-08
2196,1,25,2000-08
2197,57,25,2000-08
2198,469,25,2000-08
2199,1,19,2000-08
2200,469,19,2000-08
2201,603,19,2000-08
2202,1,12,2000-08
2203,294,12,2000-08
2204,469,12,2000-08
2205,1,29,2000-08
2206,57,29,2000-08
2207,96,29,2000-08
2208,414,29,2000-08
2209,19,420,2000-08
2210,57,420,2000-08
2211,414,420,2000-08
2212,1,27,2000-08
2213,57,27,2000-08
2214,96,27,2000-08
2215,27,711,2000-08
2216,96,711,2000-08
2217,414,711,2000-08
2218,603,1499,2000-08
2219,607,1499,2000-08
2220,96,1696,2000-08
2221,607,1696,2000-08
2222,294,763,2000-08
2223,469,763,2000-08
2224,603,763,2000-08
2225,469,1250,2000-08
2226,603,1250,2000-08
2227,19,422,2000-08
2228,96,422,2000-08
2229,414,422,2000-08
2230,57,1393,2000-08
2231,188,1393,2000-08
2232,414,1393,2000-08
2233,57,1408,2000-08
2234,465,1408,2000-08
2235,469,1408,2000-08
2236,19,418,2000-08
2237,57,418,2000-08
2238,188,418,2000-08
2239,27,704,2000-08
2240,188,704,2000-08
2241,414,704,2000-08
2242,96,1693,2000-08
2243,414,1693,2000-08
2244,469,1693,2000-08
2245,27,709,2000-08
2246,57,709,2000-08
2247,414,709,2000-08
2248,96,1691,2000-08
2249,414,1691,2000-08
2250,465,1691,2000-08
2251,96,1694,2000-08
2252,465,1694,2000-08
2253,57,1398,2000-08
2254,294,1398,2000-08
2255,414,1398,2000-08
2256,1,34,2000-08
2257,96,34,2000-08
2258,414,34,2000-08
2259,57,1394,2000-08
2260,188,1394,2000-08
2261,469,1394,2000-08
2262,57,1392,2000-08
2263,188,1392,2000-08
2264,27,706,2000-08
2265,414,706,2000-08
2266,469,706,2000-08
2267,27,710,2000-08
2268,57,710,2000-08
2269,469,710,2000-08
2270,27,708,2000-08
2271,57,708,2000-08
2272,27,707,2000-08
2273,469,707,2000-08
2274,19,419,2000-08
2275,57,419,2000-08
2276,265,419,2000-08
2277,57,1395,2000-08
2278,265,1395,2000-08
2279,19,417,2000-08
2280,57,417,2000-08
2281,19,415,2000-08
2282,414,415,2000-08
2283,469,415,2000-08
2284,414,1096,2000-08
2285,469,1096,2000-08
2286,607,1096,2000-08
2287,57,1400,2000-08
2288,414,1400,2000-08
2289,430,1400,2000-08
2290,57,1406,2000-08
2291,430,1406,2000-08
2292,414,1092,2000-08
2293,430,1092,2000-08
2294,1,4,2000-08
2295,19,4,2000-08
2296,414,4,2000-08
2297,57,1399,2000-08
2298,294,1399,2000-08
2299,469,1399,2000-08
2300,57,1397,2000-08
2301,294,1397,2000-08
2302,188,412,2000-08
2303,465,412,2000-08
2304,188,413,2000-08
2305,607,413,2000-08
2306,4,1036,2000-08
2307,603,1036,2000-08
2308,4,1025,2000-08
2309,265,1025,2000-08
2310,294,761,2000-08
2311,414,761,2000-08
2312,57,1414,2000-08
2313,96,1414,2000-08
2314,430,1138,2000-08
2315,469,1138,2000-08
2316,27,705,2000-08
2317,414,705,2000-08
2318,4,1028,2000-08
2319,465,1028,2000-08
2320,265,692,2000-08
2321,465,692,2000-08
2322,4,1037,2000-08
2323,96,1037,2000-08
2324,414,1098,2000-08
2325,603,1098,2000-08
2326,1,0,2000-08
2327,188,0,2000-08
2328,19,414,2000-08
2329,414,414,2000-08
2330,265,691,2000-08
2331,294,691,2000-08
2332,469,1249,2000-08
2333,571,1249,2000-08
2334,571,1416,2000-08
2335,607,1416,2000-08
2336,57,1413,2000-08
2337,607,1413,2000-08
2338,96,1695,2000-08
2339,603,1695,2000-08
2340,188,411,2000-08
2341,414,411,2000-08
2342,27,703,2000-08
2343,188,703,2000-08
2344,4,1032,2000-08
2345,57,1032,2000-08
2346,1,1,2000-08
2347,19,1,2000-08
2348,469,1251,2000-08
2349,607,1251,2000-08
2350,1,11,2000-08
2351,294,11,2000-08
2352,19,416,2000-08
2353,469,416,2000-08
2354,4,1026,2000-08
2355,414,1026,2000-08
2356,294,762,2000-08
2357,469,762,2000-08
2358,1,18,2000-08
2359,465,18,2000-08
2360,1,32,2000-08
2361,603,32,2000-08
2362,1,5,2000-08
2363,265,5,2000-08
2364,39,991,2000-11
2365,160,991,2000-11
2366,195,991,2000-11
2367,290,991,2000-11
2368,409,991,2000-11
2369,39,993,2000-11
2370,160,993,2000-11
2371,290,993,2000-11
2372,79,1621,2000-11
2373,160,1621,2000-11
2374,450,1621,2000-11
2375,39,995,2000-11
2376,160,995,2000-11
2377,409,995,2000-11
2378,453,995,2000-11
2379,39,994,2000-11
2380,160,994,2000-11
2381,409,994,2000-11
2382,160,277,2000-11
2383,244,277,2000-11
2384,368,277,2000-11
2385,224,541,2000-11
2386,244,541,2000-11
2387,368,541,2000-11
2388,39,1014,2000-11
2389,79,1014,2000-11
2390,290,1014,2000-11
2391,450,1014,2000-11
2392,79,1629,2000-11
2393,368,1629,2000-11
2394,450,1629,2000-11
2395,39,996,2000-11
2396,160,996,2000-11
2397,453,996,2000-11
2398,160,276,2000-11
2399,224,276,2000-11
2400,368,276,2000-11
2401,160,280,2000-11
2402,368,280,2000-11
2403,224,542,2000-11
2404,368,542,2000-11
2405,79,1630,2000-11
2406,450,1630,2000-11
2407,39,1001,2000-11
2408,202,1001,2000-11
2409,453,1001,2000-11
2410,368,937,2000-11
2411,409,937,2000-11
2412,290,757,2000-11
2413,368,757,2000-11
2414,450,757,2000-11
2415,290,758,2000-11
2416,450,758,2000-11
2417,368,938,2000-11
2418,450,938,2000-11
2419,202,480,2000-11
2420,244,480,2000-11
2421,368,480,2000-11
2422,39,1004,2000-11
2423,244,1004,2000-11
2424,368,1004,2000-11
2425,39,1007,2000-11
2426,368,1007,2000-11
2427,39,1012,2000-11
2428,79,1012,2000-11
2429,160,1012,2000-11
2430,591,1012,2000-11
2431,79,1620,2000-11
2432,160,1620,2000-11
2433,39,1006,2000-11
2434,290,1006,2000-11
2435,409,1006,2000-11
2436,39,1013,2000-11
2437,79,1013,2000-11
2438,290,1013,2000-11
2439,39,990,2000-11
2440,160,990,2000-11
2441,195,990,2000-11
2442,160,273,2000-11
2443,195,273,2000-11
2444,202,273,2000-11
2445,160,272,2000-11
2446,195,272,2000-11
2447,39,992,2000-11
2448,160,992,2000-11
2449,202,992,2000-11
2450,39,998,2000-11
2451,195,998,2000-11
2452,202,998,2000-11
2453,244,638,2000-11
2454,450,638,2000-11
2455,160,279,2000-11
2456,290,279,2000-11
2457,409,279,2000-11
2458,160,281,2000-11
2459,409,281,2000-11
2460,79,1623,2000-11
2461,202,1623,2000-11
2462,290,1623,2000-11
2463,195,440,2000-11
2464,290,440,2000-11
2465,453,440,2000-11
2466,244,641,2000-11
2467,591,641,2000-11
2468,244,639,2000-11
2469,453,639,2000-11
2470,79,1627,2000-11
2471,290,1627,2000-11
2472,409,1627,2000-11
2473,160,278,2000-11
2474,290,278,2000-11
2475,195,439,2000-11
2476,290,439,2000-11
2477,409,439,2000-11
2478,244,637,2000-11
2479,409,637,2000-11
2480,244,635,2000-11
2481,290,635,2000-11
2482,195,437,2000-11
2483,244,437,2000-11
2484,79,1625,2000-11
2485,244,1625,2000-11
2486,368,1625,2000-11
2487,79,1628,2000-11
2488,368,1628,2000-11
2489,79,1624,2000-11
2490,244,1624,2000-11
2491,244,636,2000-11
2492,368,636,2000-11
2493,39,1010,2000-11
2494,591,1010,2000-11
2495,453,1190,2000-11
2496,591,1190,2000-11
2497,39,999,2000-11
2498,195,999,2000-11
2499,453,999,2000-11
2500,39,997,2000-11
2501,195,997,2000-11
2502,39,988,2000-11
2503,101,988,2000-11
2504,224,540,2000-11
2505,244,540,2000-11
2506,101,44,2000-11
2507,202,44,2000-11
2508,453,44,2000-11
2509,202,482,2000-11
2510,453,482,2000-11
2511,39,1002,2000-11
2512,216,1002,2000-11
2513,202,479,2000-11
2514,244,479,2000-11
2515,160,275,2000-11
2516,216,275,2000-11
2517,39,1003,2000-11
2518,224,1003,2000-11
2519,195,441,2000-11
2520,409,441,2000-11
2521,160,274,2000-11
2522,202,274,2000-11
2523,195,438,2000-11
2524,290,438,2000-11
2525,216,515,2000-11
2526,355,515,2000-11
2527,195,442,2000-11
2528,453,442,2000-11
2529,79,1622,2000-11
2530,202,1622,2000-11
2531,453,1189,2000-11
2532,546,1189,2000-11
2533,290,756,2000-11
2534,368,756,2000-11
2535,202,477,2000-11
2536,216,477,2000-11
2537,216,513,2000-11
2538,244,513,2000-11
2539,195,435,2000-11
2540,202,435,2000-11
2541,244,640,2000-11
2542,474,640,2000-11
2543,39,1000,2000-11
2544,202,1000,2000-11
2545,450,1186,2000-11
2546,546,1186,2000-11
2547,202,478,2000-11
2548,224,478,2000-11
2549,101,45,2000-11
2550,409,45,2000-11
2551,39,1005,2000-11
2552,290,1005,2000-11
2553,39,1011,2000-11
2554,79,1011,2000-11
2555,39,1009,2000-11
2556,453,1009,2000-11
2557,224,543,2000-11
2558,409,543,2000-11
2559,216,512,2000-11
2560,224,512,2000-11
2561,216,517,2000-11
2562,450,517,2000-11
2563,79,1626,2000-11
2564,290,1626,2000-11
2565,39,989,2000-11
2566,160,989,2000-11
2567,39,1008,2000-11
2568,409,1008,2000-11
2569,216,516,2000-11
2570,409,516,2000-11
2571,216,514,2000-11
2572,290,514,2000-11
2573,115,145,2000-11
2574,409,145,2000-11
2575,160,282,2000-11
2576,453,282,2000-11
2577,202,481,2000-11
2578,409,481,2000-11
2579,195,436,2000-11
2580,216,436,2000-11
2581,288,751,2001-02
2582,474,751,2001-02
2583,113,140,2001-02
2584,474,140,2001-02
2585,474,1257,2001-02
2586,555,1257,2001-02
2587,288,752,2001-02
2588,555,752,2001-02
2589,113,141,2001-02
2590,555,141,2001-02
2591,410,1077,2001-05
2592,422,1077,2001-05
2593,183,400,2001-08
2594,457,400,2001-08
2595,42,1105,2001-08
2596,367,1105,2001-08
2597,367,935,2001-08
2598,457,935,2001-08
2599,42,1106,2001-08
2600,457,1106,2001-08
2601,267,695,2001-08
2602,384,695,2001-08
2603,367,936,2001-08
2604,516,936,2001-08
2605,234,576,2001-11
2606,493,576,2001-11
2607,494,576,2001-11
2608,234,575,2001-11
2609,453,575,2001-11
2610,500,575,2001-11
2611,234,574,2001-11
2612,453,574,2001-11
2613,164,294,2001-11
2614,234,294,2001-11
2615,234,577,2001-11
2616,494,577,2001-11
2617,493,1319,2001-11
2618,494,1319,2001-11
2619,234,578,2001-11
2620,500,578,2001-11
2621,164,295,2001-11
2622,494,295,2001-11
2623,453,1188,2001-11
2624,493,1188,2001-11
2625,135,213,2002-02
2626,452,213,2002-02
2627,45,1175,2002-02
2628,452,1175,2002-02
2629,45,1167,2002-02
2630,135,1167,2002-02
2631,69,1573,2002-05
2632,452,1573,2002-05
2633,448,1163,2002-05
2634,452,1163,2002-05
2635,69,1572,2002-05
2636,448,1572,2002-05
2637,45,1175,2002-05
2638,452,1175,2002-05
2639,391,1017,2002-08
2640,532,1017,2002-08
2641,391,1015,2002-08
2642,392,1015,2002-08
2643,313,812,2002-08
2644,532,812,2002-08
2645,313,810,2002-08
2646,391,810,2002-08
2647,313,811,2002-08
2648,414,811,2002-08
2649,198,451,2002-11
2650,391,451,2002-11
2651,527,451,2002-11
2652,45,1170,2002-11
2653,186,1170,2002-11
2654,186,405,2002-11
2655,527,405,2002-11
2656,531,405,2002-11
2657,186,406,2002-11
2658,531,406,2002-11
2659,186,402,2002-11
2660,198,402,2002-11
2661,527,402,2002-11
2662,198,453,2002-11
2663,527,453,2002-11
2664,531,453,2002-11
2665,527,1365,2002-11
2666,531,1365,2002-11
2667,186,403,2002-11
2668,391,403,2002-11
2669,391,1016,2002-11
2670,527,1016,2002-11
2671,527,1366,2002-11
2672,558,1366,2002-11
2673,198,450,2002-11
2674,391,450,2002-11
2675,186,404,2002-11
2676,527,404,2002-11
2677,198,452,2002-11
2678,527,452,2002-11
2679,186,407,2002-11
2680,558,407,2002-11
2681,95,1687,2003-02
2682,312,1687,2003-02
2683,325,1687,2003-02
2684,9,1665,2003-02
2685,95,1665,2003-02
2686,9,1664,2003-02
2687,414,1664,2003-02
2688,97,1697,2003-02
2689,325,1697,2003-02
2690,108,92,2003-02
2691,312,92,2003-02
2692,95,1688,2003-02
2693,325,1688,2003-02
2694,312,809,2003-02
2695,325,809,2003-02
2696,95,1686,2003-02
2697,312,1686,2003-02
2698,108,93,2003-02
2699,479,93,2003-02
2700,95,1683,2003-02
2701,108,1683,2003-02
2702,104,57,2003-05
2703,474,57,2003-05
2704,275,727,2003-05
2705,427,727,2003-05
2706,275,729,2003-05
2707,474,729,2003-05
2708,104,56,2003-05
2709,275,56,2003-05
2710,275,726,2003-05
2711,303,726,2003-05
2712,95,1685,2003-05
2713,275,1685,2003-05
2714,20,463,2003-05
2715,104,463,2003-05
2716,20,464,2003-05
2717,275,464,2003-05
2718,20,465,2003-05
2719,474,465,2003-05
2720,165,296,2003-05
2721,275,296,2003-05
2722,275,728,2003-05
2723,449,728,2003-05
2724,160,271,2003-08
2725,182,271,2003-08
2726,182,398,2003-08
2727,288,398,2003-08
2728,182,399,2003-08
2729,430,399,2003-08
2730,45,1169,2003-08
2731,169,1169,2003-08
2732,169,301,2003-08
2733,182,301,2003-08
2734,45,1177,2003-08
2735,518,1177,2003-08
2736,169,302,2003-08
2737,414,302,2003-08
2738,66,1553,2004-08
2739,474,1553,2004-08
2740,45,1176,2004-08
2741,474,1176,2004-08
2742,66,1552,2004-08
2743,448,1552,2004-08
2744,45,1185,2004-08
2745,66,1185,2004-08
2746,66,1550,2004-08
2747,263,1550,2004-08
2748,226,544,2004-11
2749,387,544,2004-11
2750,346,905,2004-11
2751,387,905,2004-11
2752,66,1551,2004-11
2753,387,1551,2004-11
2754,100,42,2004-11
2755,226,42,2004-11
2756,100,43,2004-11
2757,474,43,2004-11
2758,425,1111,2005-02
2759,438,1111,2005-02
2760,7,1579,2005-02
2761,95,1579,2005-02
2762,7,1575,2005-02
2763,260,1575,2005-02
2764,156,264,2005-02
2765,438,264,2005-02
2766,482,1274,2005-02
2767,594,1274,2005-02
2768,95,1689,2005-02
2769,438,1689,2005-02
2770,23,570,2005-02
2771,156,570,2005-02
2772,7,1578,2005-02
2773,594,1578,2005-02
2774,7,1577,2005-02
2775,482,1577,2005-02
2776,95,1690,2005-02
2777,482,1690,2005-02
2778,438,1142,2005-02
2779,594,1142,2005-02
2780,7,1574,2005-02
2781,156,1574,2005-02
2782,95,1684,2005-02
2783,260,1684,2005-02
2784,66,1549,2005-02
2785,156,1549,2005-02
2786,260,688,2005-02
2787,438,688,2005-02
2788,7,1576,2005-02
2789,438,1576,2005-02
2790,438,1141,2005-02
2791,482,1141,2005-02
2792,428,1113,2005-05
2793,608,1113,2005-05
2794,91,1671,2005-05
2795,221,1671,2005-05
2796,608,1671,2005-05
2797,91,1678,2005-05
2798,552,1678,2005-05
2799,608,1678,2005-05
2800,552,1374,2005-05
2801,608,1374,2005-05
2802,91,1675,2005-05
2803,488,1675,2005-05
2804,608,1675,2005-05
2805,91,1674,2005-05
2806,488,1674,2005-05
2807,552,1674,2005-05
2808,396,1018,2005-05
2809,488,1018,2005-05
2810,488,1304,2005-05
2811,502,1304,2005-05
2812,91,1673,2005-05
2813,488,1673,2005-05
2814,221,534,2005-05
2815,488,534,2005-05
2816,91,1670,2005-05
2817,221,1670,2005-05
2818,91,1672,2005-05
2819,428,1672,2005-05
2820,221,532,2005-05
2821,396,532,2005-05
2822,91,1677,2005-05
2823,552,1677,2005-05
2824,66,1555,2005-05
2825,91,1555,2005-05
2826,91,1676,2005-05
2827,502,1676,2005-05
2828,488,1305,2005-05
2829,552,1305,2005-05
2830,287,750,2005-05
2831,608,750,2005-05
2832,221,535,2005-05
2833,502,535,2005-05
2834,287,749,2005-05
2835,488,749,2005-05
2836,66,1554,2005-05
2837,608,1554,2005-05
2838,488,1306,2005-05
2839,608,1306,2005-05
2840,221,529,2005-08
2841,286,529,2005-08
2842,336,529,2005-08
2843,221,531,2005-08
2844,387,531,2005-08
2845,221,528,2005-08
2846,286,528,2005-08
2847,221,530,2005-08
2848,336,530,2005-08
2849,221,533,2005-08
2850,462,533,2005-08
2851,286,747,2005-08
2852,336,747,2005-08
2853,286,748,2005-08
2854,462,748,2005-08
2855,144,248,2006-02
2856,264,248,2006-02
2857,61,1501,2006-05
2858,608,1501,2006-05
2859,61,1500,2006-05
2860,463,1500,2006-05
2861,68,1563,2006-11
2862,132,1563,2006-11
2863,178,1563,2006-11
2864,542,1563,2006-11
2865,178,354,2006-11
2866,381,354,2006-11
2867,542,354,2006-11
2868,64,1529,2006-11
2869,178,1529,2006-11
2870,187,1529,2006-11
2871,370,1529,2006-11
2872,64,1543,2006-11
2873,68,1543,2006-11
2874,187,1543,2006-11
2875,370,1543,2006-11
2876,64,1532,2006-11
2877,178,1532,2006-11
2878,513,1532,2006-11
2879,64,1533,2006-11
2880,178,1533,2006-11
2881,542,1533,2006-11
2882,64,1530,2006-11
2883,178,1530,2006-11
2884,226,1530,2006-11
2885,178,350,2006-11
2886,187,350,2006-11
2887,370,350,2006-11
2888,68,1564,2006-11
2889,132,1564,2006-11
2890,542,1564,2006-11
2891,68,1562,2006-11
2892,132,1562,2006-11
2893,178,356,2006-11
2894,513,356,2006-11
2895,64,1544,2006-11
2896,68,1544,2006-11
2897,226,1544,2006-11
2898,64,1531,2006-11
2899,178,1531,2006-11
2900,370,1531,2006-11
2901,178,352,2006-11
2902,370,352,2006-11
2903,64,1535,2006-11
2904,187,1535,2006-11
2905,370,1535,2006-11
2906,64,1541,2006-11
2907,68,1541,2006-11
2908,178,1541,2006-11
2909,68,1565,2006-11
2910,178,1565,2006-11
2911,64,1542,2006-11
2912,68,1542,2006-11
2913,187,1542,2006-11
2914,64,1536,2006-11
2915,187,1536,2006-11
2916,542,1536,2006-11
2917,381,974,2006-11
2918,414,974,2006-11
2919,187,408,2006-11
2920,370,408,2006-11
2921,178,357,2006-11
2922,542,357,2006-11
2923,187,410,2006-11
2924,513,410,2006-11
2925,68,1569,2006-11
2926,513,1569,2006-11
2927,68,1571,2006-11
2928,75,1571,2006-11
2929,64,1539,2006-11
2930,381,1539,2006-11
2931,64,1538,2006-11
2932,370,1538,2006-11
2933,68,1566,2006-11
2934,187,1566,2006-11
2935,75,1610,2006-11
2936,187,1610,2006-11
2937,187,409,2006-11
2938,381,409,2006-11
2939,34,892,2006-11
2940,64,892,2006-11
2941,68,1570,2006-11
2942,542,1570,2006-11
2943,132,211,2006-11
2944,187,211,2006-11
2945,178,349,2006-11
2946,187,349,2006-11
2947,68,1568,2006-11
2948,381,1568,2006-11
2949,226,545,2006-11
2950,542,545,2006-11
2951,178,353,2006-11
2952,381,353,2006-11
2953,178,355,2006-11
2954,425,355,2006-11
2955,64,1540,2006-11
2956,542,1540,2006-11
2957,34,890,2006-11
2958,132,890,2006-11
2959,34,891,2006-11
2960,542,891,2006-11
2961,64,1537,2006-11
2962,226,1537,2006-11
2963,34,893,2006-11
2964,68,893,2006-11
2965,64,1534,2006-11
2966,187,1534,2006-11
2967,178,351,2006-11
2968,226,351,2006-11
2969,129,208,2007-02
2970,399,208,2007-02
2971,580,208,2007-02
2972,606,208,2007-02
2973,129,204,2007-02
2974,274,204,2007-02
2975,580,204,2007-02
2976,606,204,2007-02
2977,129,209,2007-02
2978,580,209,2007-02
2979,606,209,2007-02
2980,399,1022,2007-02
2981,580,1022,2007-02
2982,606,1022,2007-02
2983,274,723,2007-02
2984,399,723,2007-02
2985,606,723,2007-02
2986,381,977,2007-02
2987,580,977,2007-02
2988,606,977,2007-02
2989,129,207,2007-02
2990,399,207,2007-02
2991,580,207,2007-02
2992,274,725,2007-02
2993,580,725,2007-02
2994,606,725,2007-02
2995,129,203,2007-02
2996,274,203,2007-02
2997,580,203,2007-02
2998,274,722,2007-02
2999,399,722,2007-02
3000,399,1023,2007-02
3001,606,1023,2007-02
3002,129,202,2007-02
3003,274,202,2007-02
3004,274,721,2007-02
3005,381,721,2007-02
3006,381,978,2007-02
3007,606,978,2007-02
3008,381,976,2007-02
3009,580,976,2007-02
3010,399,1021,2007-02
3011,580,1021,2007-02
3012,129,205,2007-02
3013,381,205,2007-02
3014,129,210,2007-02
3015,606,210,2007-02
3016,274,724,2007-02
3017,473,724,2007-02
3018,129,206,2007-02
3019,399,206,2007-02
3020,110,115,2007-05
3021,254,115,2007-05
3022,480,115,2007-05
3023,540,115,2007-05
3024,110,117,2007-05
3025,254,117,2007-05
3026,540,117,2007-05
3027,110,116,2007-05
3028,254,116,2007-05
3029,483,116,2007-05
3030,110,114,2007-05
3031,254,114,2007-05
3032,480,114,2007-05
3033,254,674,2007-05
3034,480,674,2007-05
3035,483,674,2007-05
3036,254,675,2007-05
3037,480,675,2007-05
3038,540,675,2007-05
3039,110,118,2007-05
3040,480,118,2007-05
3041,480,1272,2007-05
3042,540,1272,2007-05
3043,110,113,2007-05
3044,254,113,2007-05
3045,483,1276,2007-05
3046,606,1276,2007-05
3047,254,676,2007-05
3048,483,676,2007-05
3049,480,1271,2007-05
3050,483,1271,2007-05
3051,254,677,2007-05
3052,540,677,2007-05
3053,307,802,2007-08
3054,570,802,2007-08
3055,307,804,2007-08
3056,593,804,2007-08
3057,570,1415,2007-08
3058,573,1415,2007-08
3059,161,283,2007-08
3060,573,283,2007-08
3061,307,803,2007-08
3062,573,803,2007-08
3063,573,1417,2007-08
3064,593,1417,2007-08
3065,232,573,2007-08
3066,573,573,2007-08
3067,480,1273,2007-08
3068,573,1273,2007-08
3069,166,297,2007-11
3070,219,297,2007-11
3071,278,297,2007-11
3072,45,1172,2007-11
3073,230,1172,2007-11
3074,166,299,2007-11
3075,278,299,2007-11
3076,166,300,2007-11
3077,608,300,2007-11
3078,166,298,2007-11
3079,230,298,2007-11
3080,219,519,2007-11
3081,230,519,2007-11
3082,219,520,2007-11
3083,307,520,2007-11
3084,45,1168,2007-11
3085,166,1168,2007-11
3086,219,522,2007-11
3087,608,522,2007-11
3088,343,898,2008-02
3089,354,898,2008-02
3090,477,898,2008-02
3091,354,923,2008-02
3092,381,923,2008-02
3093,477,923,2008-02
3094,343,900,2008-02
3095,381,900,2008-02
3096,343,899,2008-02
3097,359,899,2008-02
3098,354,922,2008-02
3099,359,922,2008-02
3100,359,927,2008-02
3101,477,927,2008-02
3102,354,924,2008-02
3103,477,924,2008-02
3104,343,897,2008-02
3105,354,897,2008-02
3106,477,1270,2008-02
3107,483,1270,2008-02
3108,343,901,2008-02
3109,477,901,2008-02
3110,381,975,2008-02
3111,477,975,2008-02
3112,74,1609,2008-05
3113,307,1609,2008-05
3114,74,1607,2008-05
3115,137,1607,2008-05
3116,74,1608,2008-05
3117,301,1608,2008-05
3118,72,1587,2008-08
3119,322,1587,2008-08
3120,553,1587,2008-08
3121,292,760,2008-08
3122,420,760,2008-08
3123,72,1588,2008-08
3124,420,1588,2008-08
3125,72,1589,2008-08
3126,553,1589,2008-08
3127,72,1585,2008-08
3128,232,1585,2008-08
3129,232,572,2008-08
3130,477,572,2008-08
3131,72,1586,2008-08
3132,322,1586,2008-08
3133,483,1275,2008-08
3134,553,1275,2008-08
3135,322,835,2008-08
3136,420,835,2008-08
3137,420,1107,2008-08
3138,483,1107,2008-08
3139,219,521,2008-08
3140,477,521,2008-08
3141,239,598,2008-11
3142,288,598,2008-11
3143,239,599,2008-11
3144,356,599,2008-11
3145,239,601,2008-11
3146,403,601,2008-11
3147,223,539,2008-11
3148,375,539,2008-11
3149,239,600,2008-11
3150,375,600,2008-11
3151,356,925,2008-11
3152,375,925,2008-11
3153,223,538,2008-11
3154,239,538,2008-11
3155,220,526,2009-02
3156,318,526,2009-02
3157,327,526,2009-02
3158,356,526,2009-02
3159,220,524,2009-02
3160,288,524,2009-02
3161,28,741,2009-02
3162,51,741,2009-02
3163,220,741,2009-02
3164,51,1339,2009-02
3165,200,1339,2009-02
3166,220,1339,2009-02
3167,200,466,2009-02
3168,220,466,2009-02
3169,356,466,2009-02
3170,28,739,2009-02
3171,220,739,2009-02
3172,356,739,2009-02
3173,28,737,2009-02
3174,200,737,2009-02
3175,220,737,2009-02
3176,200,467,2009-02
3177,327,467,2009-02
3178,220,525,2009-02
3179,318,525,2009-02
3180,356,926,2009-02
3181,553,926,2009-02
3182,51,1341,2009-02
3183,327,1341,2009-02
3184,220,527,2009-02
3185,327,527,2009-02
3186,51,1340,2009-02
3187,220,1340,2009-02
3188,200,468,2009-02
3189,553,468,2009-02
3190,28,736,2009-02
3191,200,736,2009-02
3192,28,740,2009-02
3193,356,740,2009-02
3194,51,1342,2009-02
3195,356,1342,2009-02
3196,28,738,2009-02
3197,220,738,2009-02
3198,51,1338,2009-02
3199,200,1338,2009-02
3200,440,1144,2009-05
3201,600,1144,2009-05
3202,307,803,2009-08
3203,573,803,2009-08
3204,568,1391,2009-11
3205,590,1391,2009-11
3206,78,1619,2009-11
3207,590,1619,2009-11
3208,522,1360,2009-11
3209,590,1360,2009-11
3210,215,511,2010-02
3211,335,511,2010-02
3212,180,392,2010-05
3213,434,392,2010-05
3214,22,523,2010-05
3215,434,523,2010-05
3216,318,818,2010-05
3217,434,818,2010-05
3218,464,1247,2010-08
3219,605,1247,2010-08
3220,414,1097,2010-08
3221,477,1097,2010-08
3222,253,672,2010-11
3223,330,672,2010-11
3224,330,871,2010-11
3225,464,871,2010-11
3226,253,673,2010-11
3227,499,673,2010-11
3228,17,305,2011-05
3229,573,305,2011-05
3230,17,303,2011-05
3231,168,303,2011-05
3232,29,755,2011-08
3233,585,755,2011-08
3234,29,753,2011-08
3235,421,753,2011-08
3236,398,1019,2011-08
3237,421,1019,2011-08
3238,55,1372,2011-08
3239,585,1372,2011-08
3240,398,1020,2011-08
3241,538,1020,2011-08
3242,295,765,2011-11
3243,326,765,2011-11
3244,419,765,2011-11
3245,326,838,2011-11
3246,419,838,2011-11
3247,432,838,2011-11
3248,326,837,2011-11
3249,419,837,2011-11
3250,295,766,2011-11
3251,326,766,2011-11
3252,432,766,2011-11
3253,326,839,2011-11
3254,432,839,2011-11
3255,295,767,2011-11
3256,419,767,2011-11
3257,17,304,2011-11
3258,419,304,2011-11
3259,295,764,2011-11
3260,326,764,2011-11
3261,419,1104,2011-11
3262,432,1104,2011-11
3263,204,486,2012-02
3264,520,486,2012-02
3265,204,484,2012-02
3266,351,484,2012-02
3267,204,485,2012-02
3268,432,485,2012-02
3269,83,1654,2012-05
3270,124,1654,2012-05
3271,489,1307,2012-05
3272,539,1307,2012-05
3273,88,1661,2012-05
3274,124,1661,2012-05
3275,124,194,2012-05
3276,503,194,2012-05
3277,83,1653,2012-05
3278,116,1653,2012-05
3279,83,1655,2012-05
3280,489,1655,2012-05
3281,124,193,2012-05
3282,489,193,2012-05
3283,88,1662,2012-05
3284,489,1662,2012-05
3285,124,195,2012-05
3286,539,195,2012-05
3287,83,1656,2012-05
3288,88,1656,2012-05
3289,345,904,2012-08
3290,377,904,2012-08
3291,377,952,2012-08
3292,573,952,2012-08
3293,472,1256,2012-08
3294,484,1256,2012-08
3295,86,1660,2012-08
3296,472,1660,2012-08
3297,211,499,2012-11
3298,246,499,2012-11
3299,249,499,2012-11
3300,332,499,2012-11
3301,211,502,2012-11
3302,249,502,2012-11
3303,332,502,2012-11
3304,357,502,2012-11
3305,211,501,2012-11
3306,249,501,2012-11
3307,332,501,2012-11
3308,211,503,2012-11
3309,249,503,2012-11
3310,357,503,2012-11
3311,211,500,2012-11
3312,246,500,2012-11
3313,332,500,2012-11
3314,246,642,2012-11
3315,280,642,2012-11
3316,357,642,2012-11
3317,211,504,2012-11
3318,280,504,2012-11
3319,211,505,2012-11
3320,332,505,2012-11
3321,211,498,2012-11
3322,246,498,2012-11
3323,249,498,2012-11
3324,332,872,2012-11
3325,357,872,2012-11
3326,249,648,2012-11
3327,332,648,2012-11
3328,280,742,2012-11
3329,332,742,2012-11
3330,246,643,2012-11
3331,332,643,2012-11
3332,211,497,2012-11
3333,246,497,2012-11
3334,249,649,2012-11
3335,357,649,2012-11
3336,211,506,2012-11
3337,357,506,2012-11
3338,249,647,2012-11
3339,280,647,2012-11
3340,29,754,2013-02
3341,460,754,2013-02
3342,70,1580,2013-02
3343,460,1580,2013-02
3344,228,553,2013-05
3345,562,553,2013-05
3346,376,951,2013-05
3347,562,951,2013-05
3348,376,950,2013-05
3349,435,950,2013-05
3350,435,1140,2013-05
3351,562,1140,2013-05
3352,16,270,2013-08
3353,80,270,2013-08
3354,80,1652,2013-08
3355,543,1652,2013-08
3356,282,743,2013-11
3357,348,743,2013-11
3358,415,743,2013-11
3359,203,483,2014-02
3360,528,483,2014-02
3361,222,536,2014-02
3362,462,536,2014-02
3363,222,537,2014-02
3364,528,537,2014-02
3365,21,493,2014-08
3366,261,493,2014-08
3367,249,652,2014-11
3368,573,652,2014-11
3369,323,836,2015-02
3370,344,836,2015-02
3371,407,1056,2015-02
3372,533,1056,2015-02
3373,318,817,2015-02
3374,344,817,2015-02
3375,407,1057,2015-02
3376,537,1057,2015-02
3377,344,902,2015-02
3378,407,902,2015-02
3379,344,903,2015-02
3380,533,903,2015-02
3381,326,842,2015-02
3382,537,842,2015-02
3383,103,51,2015-05
3384,300,51,2015-05
3385,497,51,2015-05
3386,103,53,2015-05
3387,317,53,2015-05
3388,497,53,2015-05
3389,103,52,2015-05
3390,317,52,2015-05
3391,393,52,2015-05
3392,103,55,2015-05
3393,598,55,2015-05
3394,317,816,2015-05
3395,497,816,2015-05
3396,317,815,2015-05
3397,393,815,2015-05
3398,103,54,2015-05
3399,497,54,2015-05
3400,231,571,2015-05
3401,393,571,2015-05
3402,300,784,2015-05
3403,317,784,2015-05
3404,300,785,2015-05
3405,393,785,2015-05
3406,300,786,2015-05
3407,497,786,2015-05
3408,103,50,2015-05
3409,300,50,2015-05
3410,177,347,2015-08
3411,439,347,2015-08
3412,119,155,2015-08
3413,439,155,2015-08
3414,509,155,2015-08
3415,119,152,2015-08
3416,189,152,2015-08
3417,326,840,2015-08
3418,466,840,2015-08
3419,177,346,2015-08
3420,341,346,2015-08
3421,76,1611,2015-08
3422,177,1611,2015-08
3423,76,1612,2015-08
3424,193,1612,2015-08
3425,177,345,2015-08
3426,193,345,2015-08
3427,119,154,2015-08
3428,326,154,2015-08
3429,439,1143,2015-08
3430,466,1143,2015-08
3431,177,344,2015-08
3432,189,344,2015-08
3433,119,156,2015-08
3434,466,156,2015-08
3435,177,348,2015-08
3436,509,348,2015-08
3437,119,151,2015-08
3438,177,151,2015-08
3439,119,157,2015-08
3440,509,157,2015-08
3441,123,189,2015-11
3442,366,189,2015-11
3443,581,189,2015-11
3444,601,189,2015-11
3445,105,70,2015-11
3446,233,70,2015-11
3447,256,70,2015-11
3448,378,70,2015-11
3449,105,79,2015-11
3450,366,79,2015-11
3451,581,79,2015-11
3452,601,79,2015-11
3453,63,1514,2015-11
3454,105,1514,2015-11
3455,233,1514,2015-11
3456,256,1514,2015-11
3457,581,1514,2015-11
3458,601,1514,2015-11
3459,63,1518,2015-11
3460,105,1518,2015-11
3461,581,1518,2015-11
3462,601,1518,2015-11
3463,105,69,2015-11
3464,233,69,2015-11
3465,256,69,2015-11
3466,112,134,2015-11
3467,378,134,2015-11
3468,582,134,2015-11
3469,227,549,2015-11
3470,378,549,2015-11
3471,63,1513,2015-11
3472,105,1513,2015-11
3473,227,1513,2015-11
3474,298,1513,2015-11
3475,105,68,2015-11
3476,227,68,2015-11
3477,298,68,2015-11
3478,601,68,2015-11
3479,105,66,2015-11
3480,227,66,2015-11
3481,241,66,2015-11
3482,298,66,2015-11
3483,105,67,2015-11
3484,227,67,2015-11
3485,298,67,2015-11
3486,112,138,2015-11
3487,582,138,2015-11
3488,601,138,2015-11
3489,112,129,2015-11
3490,227,129,2015-11
3491,582,129,2015-11
3492,112,137,2015-11
3493,582,137,2015-11
3494,112,131,2015-11
3495,366,131,2015-11
3496,378,131,2015-11
3497,581,131,2015-11
3498,601,131,2015-11
3499,366,934,2015-11
3500,581,934,2015-11
3501,601,934,2015-11
3502,378,953,2015-11
3503,581,953,2015-11
3504,582,953,2015-11
3505,601,953,2015-11
3506,105,81,2015-11
3507,378,81,2015-11
3508,581,81,2015-11
3509,601,81,2015-11
3510,105,84,2015-11
3511,581,84,2015-11
3512,601,84,2015-11
3513,582,1441,2015-11
3514,601,1441,2015-11
3515,105,72,2015-11
3516,241,72,2015-11
3517,256,72,2015-11
3518,105,75,2015-11
3519,256,75,2015-11
3520,581,75,2015-11
3521,105,83,2015-11
3522,581,83,2015-11
3523,582,83,2015-11
3524,581,1440,2015-11
3525,582,1440,2015-11
3526,105,62,2015-11
3527,123,62,2015-11
3528,227,62,2015-11
3529,63,1519,2015-11
3530,105,1519,2015-11
3531,601,1519,2015-11
3532,112,133,2015-11
3533,378,133,2015-11
3534,581,133,2015-11
3535,601,133,2015-11
3536,112,132,2015-11
3537,378,132,2015-11
3538,63,1516,2015-11
3539,105,1516,2015-11
3540,378,1516,2015-11
3541,63,1515,2015-11
3542,105,1515,2015-11
3543,366,1515,2015-11
3544,105,78,2015-11
3545,366,78,2015-11
3546,378,78,2015-11
3547,366,932,2015-11
3548,378,932,2015-11
3549,227,546,2015-11
3550,233,546,2015-11
3551,63,1523,2015-11
3552,233,1523,2015-11
3553,63,1521,2015-11
3554,123,1521,2015-11
3555,112,127,2015-11
3556,123,127,2015-11
3557,378,954,2015-11
3558,581,954,2015-11
3559,601,954,2015-11
3560,105,73,2015-11
3561,241,73,2015-11
3562,378,73,2015-11
3563,63,1525,2015-11
3564,298,1525,2015-11
3565,105,60,2015-11
3566,112,60,2015-11
3567,601,60,2015-11
3568,112,139,2015-11
3569,601,139,2015-11
3570,105,59,2015-11
3571,112,59,2015-11
3572,581,59,2015-11
3573,112,136,2015-11
3574,581,136,2015-11
3575,105,58,2015-11
3576,112,58,2015-11
3577,63,1517,2015-11
3578,105,1517,2015-11
3579,581,1517,2015-11
3580,123,191,2015-11
3581,581,191,2015-11
3582,601,191,2015-11
3583,143,247,2015-11
3584,581,247,2015-11
3585,105,76,2015-11
3586,256,76,2015-11
3587,601,76,2015-11
3588,227,551,2015-11
3589,581,551,2015-11
3590,601,551,2015-11
3591,227,552,2015-11
3592,601,552,2015-11
3593,227,550,2015-11
3594,581,550,2015-11
3595,105,65,2015-11
3596,227,65,2015-11
3597,241,65,2015-11
3598,105,85,2015-11
3599,582,85,2015-11
3600,63,1527,2015-11
3601,378,1527,2015-11
3602,582,1527,2015-11
3603,378,955,2015-11
3604,582,955,2015-11
3605,256,679,2015-11
3606,582,679,2015-11
3607,123,192,2015-11
3608,582,192,2015-11
3609,123,187,2015-11
3610,227,187,2015-11
3611,366,187,2015-11
3612,123,188,2015-11
3613,366,188,2015-11
3614,123,186,2015-11
3615,227,186,2015-11
3616,63,1526,2015-11
3617,378,1526,2015-11
3618,112,128,2015-11
3619,227,128,2015-11
3620,112,130,2015-11
3621,256,130,2015-11
3622,105,77,2015-11
3623,366,77,2015-11
3624,63,1520,2015-11
3625,112,1520,2015-11
3626,63,1524,2015-11
3627,256,1524,2015-11
3628,241,620,2015-11
3629,581,620,2015-11
3630,123,190,2015-11
3631,378,190,2015-11
3632,105,82,2015-11
3633,581,82,2015-11
3634,256,680,2015-11
3635,601,680,2015-11
3636,256,678,2015-11
3637,581,678,2015-11
3638,366,933,2015-11
3639,581,933,2015-11
3640,227,547,2015-11
3641,241,547,2015-11
3642,63,1522,2015-11
3643,227,1522,2015-11
3644,105,74,2015-11
3645,256,74,2015-11
3646,105,63,2015-11
3647,143,63,2015-11
3648,105,80,2015-11
3649,378,80,2015-11
3650,63,1528,2015-11
3651,581,1528,2015-11
3652,105,61,2015-11
3653,123,61,2015-11
3654,241,619,2015-11
3655,256,619,2015-11
3656,241,621,2015-11
3657,582,621,2015-11
3658,2,462,2015-11
3659,227,462,2015-11
3660,105,71,2015-11
3661,241,71,2015-11
3662,105,64,2015-11
3663,227,64,2015-11
3664,227,548,2015-11
3665,256,548,2015-11
3666,18,379,2016-02
3667,152,379,2016-02
3668,441,379,2016-02
3669,445,379,2016-02
3670,18,391,2016-02
3671,511,391,2016-02
3672,557,391,2016-02
3673,18,388,2016-02
3674,441,388,2016-02
3675,445,388,2016-02
3676,511,388,2016-02
3677,18,387,2016-02
3678,441,387,2016-02
3679,445,387,2016-02
3680,10,40,2016-02
3681,441,40,2016-02
3682,557,40,2016-02
3683,441,1147,2016-02
3684,557,1147,2016-02
3685,18,378,2016-02
3686,152,378,2016-02
3687,441,378,2016-02
3688,426,1112,2016-02
3689,557,1112,2016-02
3690,18,389,2016-02
3691,445,389,2016-02
3692,511,389,2016-02
3693,441,1146,2016-02
3694,511,1146,2016-02
3695,10,39,2016-02
3696,441,39,2016-02
3697,10,41,2016-02
3698,511,41,2016-02
3699,18,380,2016-02
3700,152,380,2016-02
3701,511,380,2016-02
3702,152,254,2016-02
3703,441,254,2016-02
3704,18,386,2016-02
3705,441,386,2016-02
3706,152,253,2016-02
3707,285,253,2016-02
3708,18,377,2016-02
3709,152,377,2016-02
3710,18,381,2016-02
3711,285,381,2016-02
3712,445,1149,2016-02
3713,511,1149,2016-02
3714,18,385,2016-02
3715,426,385,2016-02
3716,445,1150,2016-02
3717,557,1150,2016-02
3718,152,255,2016-02
3719,445,255,2016-02
3720,441,1145,2016-02
3721,445,1145,2016-02
3722,10,38,2016-02
3723,426,38,2016-02
3724,291,759,2016-02
3725,426,759,2016-02
3726,18,390,2016-02
3727,511,390,2016-02
3728,122,165,2016-05
3729,305,165,2016-05
3730,319,165,2016-05
3731,495,165,2016-05
3732,549,165,2016-05
3733,122,167,2016-05
3734,305,167,2016-05
3735,339,167,2016-05
3736,495,167,2016-05
3737,549,167,2016-05
3738,122,173,2016-05
3739,305,173,2016-05
3740,424,173,2016-05
3741,495,173,2016-05
3742,549,173,2016-05
3743,122,175,2016-05
3744,305,175,2016-05
3745,495,175,2016-05
3746,549,175,2016-05
3747,122,163,2016-05
3748,305,163,2016-05
3749,319,163,2016-05
3750,339,163,2016-05
3751,495,163,2016-05
3752,122,164,2016-05
3753,305,164,2016-05
3754,319,164,2016-05
3755,495,164,2016-05
3756,339,886,2016-05
3757,495,886,2016-05
3758,534,886,2016-05
3759,549,886,2016-05
3760,339,887,2016-05
3761,495,887,2016-05
3762,549,887,2016-05
3763,495,1320,2016-05
3764,549,1320,2016-05
3765,305,794,2016-05
3766,339,794,2016-05
3767,495,794,2016-05
3768,534,794,2016-05
3769,339,885,2016-05
3770,495,885,2016-05
3771,534,885,2016-05
3772,41,1076,2016-05
3773,73,1076,2016-05
3774,305,1076,2016-05
3775,339,1076,2016-05
3776,418,1076,2016-05
3777,41,1065,2016-05
3778,305,1065,2016-05
3779,418,1065,2016-05
3780,41,1075,2016-05
3781,73,1075,2016-05
3782,305,1075,2016-05
3783,122,174,2016-05
3784,305,174,2016-05
3785,495,174,2016-05
3786,534,174,2016-05
3787,41,1059,2016-05
3788,122,1059,2016-05
3789,305,1059,2016-05
3790,41,1068,2016-05
3791,305,1068,2016-05
3792,495,1068,2016-05
3793,534,1068,2016-05
3794,18,375,2016-05
3795,122,375,2016-05
3796,305,375,2016-05
3797,339,375,2016-05
3798,495,375,2016-05
3799,196,443,2016-05
3800,305,443,2016-05
3801,319,443,2016-05
3802,495,443,2016-05
3803,305,791,2016-05
3804,319,791,2016-05
3805,495,791,2016-05
3806,196,444,2016-05
3807,305,444,2016-05
3808,495,444,2016-05
3809,73,1591,2016-05
3810,122,1591,2016-05
3811,305,1591,2016-05
3812,339,1591,2016-05
3813,495,1591,2016-05
3814,122,181,2016-05
3815,339,181,2016-05
3816,424,181,2016-05
3817,495,181,2016-05
3818,122,172,2016-05
3819,305,172,2016-05
3820,424,172,2016-05
3821,495,172,2016-05
3822,73,1592,2016-05
3823,122,1592,2016-05
3824,305,1592,2016-05
3825,495,1592,2016-05
3826,73,1595,2016-05
3827,122,1595,2016-05
3828,424,1595,2016-05
3829,495,1595,2016-05
3830,122,169,2016-05
3831,305,169,2016-05
3832,418,169,2016-05
3833,424,169,2016-05
3834,122,171,2016-05
3835,305,171,2016-05
3836,424,171,2016-05
3837,24,603,2016-05
3838,122,603,2016-05
3839,305,603,2016-05
3840,73,1599,2016-05
3841,305,1599,2016-05
3842,339,1599,2016-05
3843,495,1599,2016-05
3844,305,793,2016-05
3845,339,793,2016-05
3846,424,793,2016-05
3847,41,1066,2016-05
3848,305,1066,2016-05
3849,424,1066,2016-05
3850,122,185,2016-05
3851,495,185,2016-05
3852,534,185,2016-05
3853,41,1061,2016-05
3854,122,1061,2016-05
3855,424,1061,2016-05
3856,24,607,2016-05
3857,305,607,2016-05
3858,418,607,2016-05
3859,305,792,2016-05
3860,339,792,2016-05
3861,418,792,2016-05
3862,24,606,2016-05
3863,305,606,2016-05
3864,339,606,2016-05
3865,24,605,2016-05
3866,305,605,2016-05
3867,41,1064,2016-05
3868,305,1064,2016-05
3869,339,1064,2016-05
3870,495,1064,2016-05
3871,41,1067,2016-05
3872,305,1067,2016-05
3873,495,1067,2016-05
3874,41,1063,2016-05
3875,305,1063,2016-05
3876,339,1063,2016-05
3877,122,166,2016-05
3878,305,166,2016-05
3879,339,166,2016-05
3880,495,166,2016-05
3881,122,162,2016-05
3882,305,162,2016-05
3883,319,162,2016-05
3884,339,162,2016-05
3885,122,161,2016-05
3886,305,161,2016-05
3887,319,161,2016-05
3888,73,1600,2016-05
3889,305,1600,2016-05
3890,424,1600,2016-05
3891,495,1600,2016-05
3892,73,1605,2016-05
3893,424,1605,2016-05
3894,495,1605,2016-05
3895,122,170,2016-05
3896,305,170,2016-05
3897,418,170,2016-05
3898,495,170,2016-05
3899,73,1594,2016-05
3900,122,1594,2016-05
3901,339,1594,2016-05
3902,495,1594,2016-05
3903,73,1604,2016-05
3904,339,1604,2016-05
3905,495,1604,2016-05
3906,122,178,2016-05
3907,319,178,2016-05
3908,339,178,2016-05
3909,73,1602,2016-05
3910,305,1602,2016-05
3911,495,1602,2016-05
3912,534,1602,2016-05
3913,73,1606,2016-05
3914,495,1606,2016-05
3915,534,1606,2016-05
3916,73,1601,2016-05
3917,305,1601,2016-05
3918,495,1601,2016-05
3919,122,179,2016-05
3920,319,179,2016-05
3921,495,179,2016-05
3922,122,177,2016-05
3923,319,177,2016-05
3924,18,383,2016-05
3925,305,383,2016-05
3926,339,383,2016-05
3927,196,445,2016-05
3928,319,445,2016-05
3929,305,790,2016-05
3930,319,790,2016-05
3931,339,790,2016-05
3932,305,801,2016-05
3933,495,801,2016-05
3934,534,801,2016-05
3935,122,168,2016-05
3936,305,168,2016-05
3937,418,168,2016-05
3938,24,604,2016-05
3939,122,604,2016-05
3940,339,604,2016-05
3941,24,602,2016-05
3942,122,602,2016-05
3943,24,608,2016-05
3944,339,608,2016-05
3945,41,1073,2016-05
3946,495,1073,2016-05
3947,534,1073,2016-05
3948,305,795,2016-05
3949,339,795,2016-05
3950,534,795,2016-05
3951,122,180,2016-05
3952,339,180,2016-05
3953,424,180,2016-05
3954,305,800,2016-05
3955,424,800,2016-05
3956,495,800,2016-05
3957,305,799,2016-05
3958,424,799,2016-05
3959,73,1598,2016-05
3960,305,1598,2016-05
3961,339,1598,2016-05
3962,122,183,2016-05
3963,418,183,2016-05
3964,495,183,2016-05
3965,41,1074,2016-05
3966,534,1074,2016-05
3967,18,374,2016-05
3968,122,374,2016-05
3969,305,374,2016-05
3970,18,382,2016-05
3971,305,382,2016-05
3972,339,884,2016-05
3973,424,884,2016-05
3974,549,884,2016-05
3975,424,1110,2016-05
3976,549,1110,2016-05
3977,339,889,2016-05
3978,549,889,2016-05
3979,41,1062,2016-05
3980,122,1062,2016-05
3981,495,1062,2016-05
3982,41,1072,2016-05
3983,495,1072,2016-05
3984,305,798,2016-05
3985,418,798,2016-05
3986,534,798,2016-05
3987,418,1103,2016-05
3988,534,1103,2016-05
3989,122,184,2016-05
3990,424,184,2016-05
3991,495,184,2016-05
3992,18,376,2016-05
3993,122,376,2016-05
3994,339,376,2016-05
3995,18,373,2016-05
3996,122,373,2016-05
3997,73,1593,2016-05
3998,122,1593,2016-05
3999,339,1593,2016-05
4000,41,1060,2016-05
4001,122,1060,2016-05
4002,339,1060,2016-05
4003,41,1058,2016-05
4004,122,1058,2016-05
4005,122,182,2016-05
4006,339,182,2016-05
4007,534,182,2016-05
4008,73,1596,2016-05
4009,122,1596,2016-05
4010,495,1596,2016-05
4011,73,1590,2016-05
4012,122,1590,2016-05
4013,305,1590,2016-05
4014,122,176,2016-05
4015,305,176,2016-05
4016,534,176,2016-05
4017,41,1070,2016-05
4018,339,1070,2016-05
4019,424,1070,2016-05
4020,41,1071,2016-05
4021,424,1071,2016-05
4022,73,1597,2016-05
4023,122,1597,2016-05
4024,534,1597,2016-05
4025,196,446,2016-05
4026,339,446,2016-05
4027,495,446,2016-05
4028,326,841,2016-05
4029,495,841,2016-05
4030,196,447,2016-05
4031,495,447,2016-05
4032,319,823,2016-05
4033,549,823,2016-05
4034,319,820,2016-05
4035,339,820,2016-05
4036,319,822,2016-05
4037,534,822,2016-05
4038,196,448,2016-05
4039,534,448,2016-05
4040,122,160,2016-05
4041,196,160,2016-05
4042,424,1109,2016-05
4043,534,1109,2016-05
4044,339,883,2016-05
4045,424,883,2016-05
4046,41,1069,2016-05
4047,339,1069,2016-05
4048,424,1108,2016-05
4049,495,1108,2016-05
4050,24,609,2016-05
4051,495,609,2016-05
4052,339,888,2016-05
4053,534,888,2016-05
4054,18,384,2016-05
4055,339,384,2016-05
4056,418,1102,2016-05
4057,495,1102,2016-05
4058,339,882,2016-05
4059,418,882,2016-05
4060,319,821,2016-05
4061,495,821,2016-05
4062,305,789,2016-05
4063,319,789,2016-05
4064,73,1603,2016-05
4065,319,1603,2016-05
4066,52,1356,2016-08
4067,251,1356,2016-08
4068,408,1356,2016-08
4069,52,1357,2016-08
4070,251,1357,2016-08
4071,560,1357,2016-08
4072,52,1354,2016-08
4073,247,1354,2016-08
4074,251,1354,2016-08
4075,52,1355,2016-08
4076,251,1355,2016-08
4077,52,1358,2016-08
4078,408,1358,2016-08
4079,560,1358,2016-08
4080,52,1351,2016-08
4081,106,1351,2016-08
4082,408,1351,2016-08
4083,251,668,2016-08
4084,560,668,2016-08
4085,247,644,2016-08
4086,251,644,2016-08
4087,106,87,2016-08
4088,408,87,2016-08
4089,247,645,2016-08
4090,408,645,2016-08
4091,52,1359,2016-08
4092,560,1359,2016-08
4093,52,1350,2016-08
4094,106,1350,2016-08
4095,106,86,2016-08
4096,247,86,2016-08
4097,52,1353,2016-08
4098,247,1353,2016-08
4099,52,1352,2016-08
4100,119,1352,2016-08
4101,119,153,2016-08
4102,247,153,2016-08
4103,525,1363,2016-11
4104,610,1363,2016-11
4105,125,197,2016-11
4106,564,197,2016-11
4107,210,495,2016-11
4108,525,495,2016-11
4109,125,196,2016-11
4110,525,196,2016-11
4111,210,496,2016-11
4112,610,496,2016-11
4113,154,257,2017-02
4114,517,257,2017-02
4115,154,256,2017-02
4116,414,256,2017-02
4117,352,914,2017-05
4118,365,914,2017-05
4119,47,1253,2017-05
4120,352,1253,2017-05
4121,380,1253,2017-05
4122,328,845,2017-05
4123,352,845,2017-05
4124,380,845,2017-05
4125,561,845,2017-05
4126,328,846,2017-05
4127,352,846,2017-05
4128,561,846,2017-05
4129,49,1311,2017-05
4130,352,1311,2017-05
4131,380,1311,2017-05
4132,550,1311,2017-05
4133,49,1310,2017-05
4134,352,1310,2017-05
4135,380,1310,2017-05
4136,212,508,2017-05
4137,328,508,2017-05
4138,352,508,2017-05
4139,352,916,2017-05
4140,380,916,2017-05
4141,561,916,2017-05
4142,610,916,2017-05
4143,328,849,2017-05
4144,550,849,2017-05
4145,561,849,2017-05
4146,49,1317,2017-05
4147,65,1317,2017-05
4148,352,1317,2017-05
4149,550,1317,2017-05
4150,49,1312,2017-05
4151,352,1312,2017-05
4152,550,1312,2017-05
4153,328,844,2017-05
4154,352,844,2017-05
4155,380,844,2017-05
4156,49,1308,2017-05
4157,328,1308,2017-05
4158,328,847,2017-05
4159,380,847,2017-05
4160,561,847,2017-05
4161,49,1314,2017-05
4162,380,1314,2017-05
4163,561,1314,2017-05
4164,49,1313,2017-05
4165,380,1313,2017-05
4166,49,1315,2017-05
4167,561,1315,2017-05
4168,47,1252,2017-05
4169,352,1252,2017-05
4170,328,848,2017-05
4171,380,848,2017-05
4172,610,848,2017-05
4173,352,917,2017-05
4174,380,917,2017-05
4175,610,917,2017-05
4176,352,915,2017-05
4177,380,915,2017-05
4178,561,915,2017-05
4179,212,507,2017-05
4180,328,507,2017-05
4181,380,973,2017-05
4182,550,973,2017-05
4183,561,973,2017-05
4184,550,1373,2017-05
4185,561,1373,2017-05
4186,49,1316,2017-05
4187,610,1316,2017-05
4188,49,1309,2017-05
4189,352,1309,2017-05
4190,328,843,2017-05
4191,352,843,2017-05
4192,380,971,2017-05
4193,548,971,2017-05
4194,548,1371,2017-05
4195,610,1371,2017-05
4196,328,850,2017-05
4197,610,850,2017-05
4198,212,510,2017-05
4199,380,510,2017-05
4200,65,1546,2017-05
4201,380,1546,2017-05
4202,305,796,2017-05
4203,380,796,2017-05
4204,65,1545,2017-05
4205,352,1545,2017-05
4206,65,1548,2017-05
4207,561,1548,2017-05
4208,212,509,2017-05
4209,352,509,2017-05
4210,352,918,2017-05
4211,550,918,2017-05
4212,65,1547,2017-05
4213,550,1547,2017-05
4214,380,972,2017-05
4215,550,972,2017-05
4216,67,1557,2017-08
4217,400,1557,2017-08
4218,443,1557,2017-08
4219,523,1557,2017-08
4220,30,777,2017-08
4221,400,777,2017-08
4222,475,777,2017-08
4223,599,777,2017-08
4224,30,783,2017-08
4225,67,783,2017-08
4226,400,783,2017-08
4227,67,1559,2017-08
4228,400,1559,2017-08
4229,523,1559,2017-08
4230,599,1559,2017-08
4231,67,1560,2017-08
4232,400,1560,2017-08
4233,599,1560,2017-08
4234,67,1558,2017-08
4235,400,1558,2017-08
4236,523,1558,2017-08
4237,67,1556,2017-08
4238,400,1556,2017-08
4239,30,779,2017-08
4240,443,779,2017-08
4241,475,779,2017-08
4242,523,779,2017-08
4243,30,780,2017-08
4244,443,780,2017-08
4245,523,780,2017-08
4246,443,1148,2017-08
4247,523,1148,2017-08
4248,400,1049,2017-08
4249,443,1049,2017-08
4250,30,776,2017-08
4251,400,776,2017-08
4252,475,776,2017-08
4253,363,931,2017-08
4254,599,931,2017-08
4255,400,1052,2017-08
4256,523,1052,2017-08
4257,599,1052,2017-08
4258,523,1362,2017-08
4259,599,1362,2017-08
4260,30,781,2017-08
4261,475,781,2017-08
4262,523,781,2017-08
4263,30,782,2017-08
4264,523,782,2017-08
4265,30,778,2017-08
4266,443,778,2017-08
4267,400,1053,2017-08
4268,599,1053,2017-08
4269,471,1255,2017-08
4270,526,1255,2017-08
4271,526,1364,2017-08
4272,599,1364,2017-08
4273,475,1258,2017-08
4274,599,1258,2017-08
4275,67,1561,2017-08
4276,475,1561,2017-08
4277,523,1361,2017-08
4278,526,1361,2017-08
4279,252,670,2017-08
4280,475,670,2017-08
4281,400,1051,2017-08
4282,523,1051,2017-08
4283,252,669,2017-08
4284,471,669,2017-08
4285,30,775,2017-08
4286,400,775,2017-08
4287,252,671,2017-08
4288,523,671,2017-08
4289,400,1050,2017-08
4290,475,1050,2017-08
4291,249,650,2017-08
4292,380,650,2017-08
4293,15,250,2017-11
4294,461,250,2017-11
4295,279,734,2017-11
4296,433,734,2017-11
4297,15,251,2017-11
4298,523,251,2017-11
4299,279,735,2017-11
4300,551,735,2017-11
4301,15,249,2017-11
4302,279,249,2017-11
4303,15,252,2017-11
4304,551,252,2017-11
4305,249,651,2017-11
4306,414,651,2017-11
4307,339,881,2017-11
4308,414,881,2017-11
4309,382,979,2018-02
4310,515,979,2018-02
4311,601,979,2018-02
4312,111,124,2018-02
4313,382,124,2018-02
4314,515,124,2018-02
4315,519,124,2018-02
4316,111,123,2018-02
4317,382,123,2018-02
4318,515,123,2018-02
4319,141,227,2018-02
4320,382,227,2018-02
4321,515,227,2018-02
4322,111,120,2018-02
4323,112,120,2018-02
4324,382,120,2018-02
4325,141,228,2018-02
4326,382,228,2018-02
4327,601,228,2018-02
4328,382,981,2018-02
4329,601,981,2018-02
4330,111,119,2018-02
4331,112,119,2018-02
4332,305,797,2018-02
4333,382,797,2018-02
4334,382,980,2018-02
4335,599,980,2018-02
4336,111,122,2018-02
4337,382,122,2018-02
4338,111,125,2018-02
4339,515,125,2018-02
4340,112,135,2018-02
4341,515,135,2018-02
4342,141,226,2018-02
4343,382,226,2018-02
4344,111,126,2018-02
4345,519,126,2018-02
4346,111,121,2018-02
4347,141,121,2018-02
4348,210,494,2018-02
4349,515,494,2018-02
4350,318,819,2018-02
4351,515,819,2018-02
4352,62,1506,2018-05
4353,209,1506,2018-05
4354,491,1506,2018-05
4355,62,1505,2018-05
4356,209,1505,2018-05
4357,233,1505,2018-05
4358,209,491,2018-05
4359,233,491,2018-05
4360,62,1511,2018-05
4361,459,1511,2018-05
4362,601,1511,2018-05
4363,62,1508,2018-05
4364,210,1508,2018-05
4365,491,1508,2018-05
4366,62,1504,2018-05
4367,205,1504,2018-05
4368,491,1504,2018-05
4369,62,1507,2018-05
4370,210,1507,2018-05
4371,89,1663,2018-05
4372,601,1663,2018-05
4373,62,1509,2018-05
4374,233,1509,2018-05
4375,209,492,2018-05
4376,459,492,2018-05
4377,62,1503,2018-05
4378,205,1503,2018-05
4379,491,1318,2018-05
4380,601,1318,2018-05
4381,62,1512,2018-05
4382,567,1512,2018-05
4383,68,1567,2018-05
4384,210,1567,2018-05
4385,62,1510,2018-05
4386,459,1510,2018-05
4387,62,1502,2018-05
4388,153,1502,2018-05
4389,459,1199,2018-05
4390,601,1199,2018-05
4391,258,684,2018-08
4392,296,684,2018-08
4393,362,684,2018-08
4394,417,684,2018-08
4395,586,684,2018-08
4396,258,682,2018-08
4397,296,682,2018-08
4398,338,682,2018-08
4399,362,682,2018-08
4400,417,682,2018-08
4401,258,683,2018-08
4402,296,683,2018-08
4403,362,683,2018-08
4404,417,683,2018-08
4405,296,769,2018-08
4406,338,769,2018-08
4407,362,769,2018-08
4408,417,769,2018-08
4409,296,771,2018-08
4410,362,771,2018-08
4411,417,771,2018-08
4412,25,660,2018-08
4413,77,660,2018-08
4414,362,660,2018-08
4415,417,660,2018-08
4416,586,660,2018-08
4417,362,928,2018-08
4418,417,928,2018-08
4419,586,928,2018-08
4420,25,661,2018-08
4421,77,661,2018-08
4422,362,661,2018-08
4423,586,661,2018-08
4424,25,653,2018-08
4425,248,653,2018-08
4426,77,1614,2018-08
4427,362,1614,2018-08
4428,514,1614,2018-08
4429,586,1614,2018-08
4430,77,1615,2018-08
4431,362,1615,2018-08
4432,586,1615,2018-08
4433,362,930,2018-08
4434,586,930,2018-08
4435,25,663,2018-08
4436,77,663,2018-08
4437,514,663,2018-08
4438,586,663,2018-08
4439,77,1616,2018-08
4440,514,1616,2018-08
4441,586,1616,2018-08
4442,25,662,2018-08
4443,77,662,2018-08
4444,417,662,2018-08
4445,586,662,2018-08
4446,25,666,2018-08
4447,98,666,2018-08
4448,305,666,2018-08
4449,25,659,2018-08
4450,586,659,2018-08
4451,596,659,2018-08
4452,25,667,2018-08
4453,98,667,2018-08
4454,586,667,2018-08
4455,296,768,2018-08
4456,338,768,2018-08
4457,362,929,2018-08
4458,514,929,2018-08
4459,98,1702,2018-08
4460,514,1702,2018-08
4461,98,1700,2018-08
4462,362,1700,2018-08
4463,417,1700,2018-08
4464,98,1699,2018-08
4465,362,1699,2018-08
4466,296,773,2018-08
4467,417,773,2018-08
4468,586,773,2018-08
4469,417,1100,2018-08
4470,586,1100,2018-08
4471,338,880,2018-08
4472,362,880,2018-08
4473,417,880,2018-08
4474,98,1698,2018-08
4475,248,1698,2018-08
4476,25,664,2018-08
4477,77,664,2018-08
4478,586,664,2018-08
4479,25,654,2018-08
4480,258,654,2018-08
4481,586,654,2018-08
4482,258,686,2018-08
4483,586,686,2018-08
4484,25,656,2018-08
4485,296,656,2018-08
4486,417,656,2018-08
4487,296,772,2018-08
4488,417,772,2018-08
4489,25,665,2018-08
4490,98,665,2018-08
4491,25,657,2018-08
4492,338,657,2018-08
4493,296,774,2018-08
4494,586,774,2018-08
4495,296,770,2018-08
4496,362,770,2018-08
4497,77,1618,2018-08
4498,586,1618,2018-08
4499,514,1349,2018-08
4500,586,1349,2018-08
4501,25,655,2018-08
4502,296,655,2018-08
4503,258,685,2018-08
4504,417,685,2018-08
4505,98,1704,2018-08
4506,596,1704,2018-08
4507,417,1101,2018-08
4508,596,1101,2018-08
4509,417,1099,2018-08
4510,556,1099,2018-08
4511,77,1617,2018-08
4512,556,1617,2018-08
4513,77,1613,2018-08
4514,362,1613,2018-08
4515,98,1701,2018-08
4516,417,1701,2018-08
4517,258,681,2018-08
4518,296,681,2018-08
4519,25,658,2018-08
4520,417,658,2018-08
4521,258,687,2018-08
4522,596,687,2018-08
4523,556,1377,2018-08
4524,586,1377,2018-08
4525,248,646,2018-08
4526,258,646,2018-08
4527,98,1703,2018-08
4528,586,1703,2018-08
4529,586,1444,2018-08
4530,596,1444,2018-08
4531,184,401,2018-11
4532,331,401,2018-11
