,user_id,group_id,period
0,107,64,1996-05
1,536,64,1996-05
2,40,711,1996-05
3,99,711,1996-05
4,107,711,1996-05
5,107,61,1996-05
6,130,61,1996-05
7,40,713,1996-05
8,99,713,1996-05
9,353,713,1996-05
10,35,603,1996-05
11,107,603,1996-05
12,429,603,1996-05
13,468,603,1996-05
14,107,62,1996-05
15,134,62,1996-05
16,35,604,1996-05
17,40,604,1996-05
18,107,604,1996-05
19,107,63,1996-05
20,136,63,1996-05
21,40,703,1996-05
22,107,703,1996-05
23,35,602,1996-05
24,107,602,1996-05
25,136,123,1996-05
26,284,123,1996-05
27,40,706,1996-05
28,191,706,1996-05
29,353,706,1996-05
30,40,712,1996-05
31,99,712,1996-05
32,191,712,1996-05
33,353,614,1996-05
34,444,614,1996-05
35,604,614,1996-05
36,191,277,1996-05
37,284,277,1996-05
38,353,277,1996-05
39,40,708,1996-05
40,353,708,1996-05
41,40,707,1996-05
42,191,707,1996-05
43,444,707,1996-05
44,35,606,1996-05
45,429,606,1996-05
46,536,606,1996-05
47,40,709,1996-05
48,536,709,1996-05
49,99,1198,1996-05
50,191,1198,1996-05
51,353,1198,1996-05
52,99,1196,1996-05
53,136,1196,1996-05
54,353,1196,1996-05
55,35,607,1996-05
56,99,607,1996-05
57,429,607,1996-05
58,99,1200,1996-05
59,284,1200,1996-05
60,353,1200,1996-05
61,284,494,1996-05
62,353,494,1996-05
63,99,1201,1996-05
64,353,1201,1996-05
65,99,1203,1996-05
66,536,1203,1996-05
67,136,127,1996-05
68,536,127,1996-05
69,99,1195,1996-05
70,136,1195,1996-05
71,353,613,1996-05
72,444,613,1996-05
73,353,612,1996-05
74,436,612,1996-05
75,99,1199,1996-05
76,284,1199,1996-05
77,134,121,1996-05
78,429,121,1996-05
79,468,121,1996-05
80,429,754,1996-05
81,468,754,1996-05
82,99,1197,1996-05
83,191,1197,1996-05
84,35,605,1996-05
85,429,605,1996-05
86,136,125,1996-05
87,429,125,1996-05
88,99,1194,1996-05
89,130,1194,1996-05
90,191,279,1996-05
91,444,279,1996-05
92,191,278,1996-05
93,353,278,1996-05
94,136,124,1996-05
95,353,124,1996-05
96,40,710,1996-05
97,99,710,1996-05
98,40,705,1996-05
99,191,705,1996-05
100,284,496,1996-05
101,536,496,1996-05
102,99,1202,1996-05
103,429,1202,1996-05
104,136,126,1996-05
105,468,126,1996-05
106,40,704,1996-05
107,136,704,1996-05
108,284,495,1996-05
109,429,495,1996-05
110,109,68,1996-08
111,162,68,1996-08
112,179,68,1996-08
113,455,68,1996-08
114,476,68,1996-08
115,486,68,1996-08
116,498,68,1996-08
117,512,68,1996-08
118,38,632,1996-08
119,109,632,1996-08
120,176,632,1996-08
121,179,632,1996-08
122,229,632,1996-08
123,447,632,1996-08
124,486,632,1996-08
125,498,632,1996-08
126,512,632,1996-08
127,574,632,1996-08
128,588,632,1996-08
129,602,632,1996-08
130,109,74,1996-08
131,179,74,1996-08
132,486,74,1996-08
133,498,74,1996-08
134,512,74,1996-08
135,541,74,1996-08
136,584,74,1996-08
137,592,74,1996-08
138,109,73,1996-08
139,179,73,1996-08
140,486,73,1996-08
141,498,73,1996-08
142,512,73,1996-08
143,176,221,1996-08
144,455,221,1996-08
145,512,221,1996-08
146,574,221,1996-08
147,588,221,1996-08
148,602,221,1996-08
149,56,980,1996-08
150,235,980,1996-08
151,349,980,1996-08
152,411,980,1996-08
153,455,980,1996-08
154,485,980,1996-08
155,512,980,1996-08
156,592,980,1996-08
157,46,836,1996-08
158,176,836,1996-08
159,512,836,1996-08
160,574,836,1996-08
161,588,836,1996-08
162,592,836,1996-08
163,602,836,1996-08
164,176,224,1996-08
165,512,224,1996-08
166,574,224,1996-08
167,588,224,1996-08
168,602,224,1996-08
169,38,633,1996-08
170,176,633,1996-08
171,229,633,1996-08
172,476,633,1996-08
173,486,633,1996-08
174,498,633,1996-08
175,512,633,1996-08
176,588,633,1996-08
177,602,633,1996-08
178,476,890,1996-08
179,486,890,1996-08
180,498,890,1996-08
181,512,890,1996-08
182,541,890,1996-08
183,592,890,1996-08
184,476,889,1996-08
185,486,889,1996-08
186,498,889,1996-08
187,512,889,1996-08
188,38,639,1996-08
189,46,639,1996-08
190,176,639,1996-08
191,229,639,1996-08
192,486,639,1996-08
193,498,639,1996-08
194,512,639,1996-08
195,541,639,1996-08
196,588,639,1996-08
197,592,639,1996-08
198,602,639,1996-08
199,38,634,1996-08
200,176,634,1996-08
201,229,634,1996-08
202,486,634,1996-08
203,498,634,1996-08
204,512,634,1996-08
205,588,634,1996-08
206,602,634,1996-08
207,486,911,1996-08
208,498,911,1996-08
209,512,911,1996-08
210,541,911,1996-08
211,592,911,1996-08
212,486,910,1996-08
213,498,910,1996-08
214,512,910,1996-08
215,46,834,1996-08
216,176,834,1996-08
217,242,834,1996-08
218,512,834,1996-08
219,588,834,1996-08
220,592,834,1996-08
221,602,834,1996-08
222,46,837,1996-08
223,176,837,1996-08
224,512,837,1996-08
225,588,837,1996-08
226,592,837,1996-08
227,602,837,1996-08
228,176,226,1996-08
229,512,226,1996-08
230,588,226,1996-08
231,602,226,1996-08
232,512,956,1996-08
233,592,956,1996-08
234,229,359,1996-08
235,385,359,1996-08
236,486,359,1996-08
237,498,359,1996-08
238,192,280,1996-08
239,235,280,1996-08
240,411,280,1996-08
241,485,280,1996-08
242,486,280,1996-08
243,498,280,1996-08
244,584,280,1996-08
245,592,280,1996-08
246,229,365,1996-08
247,486,365,1996-08
248,498,365,1996-08
249,584,365,1996-08
250,592,365,1996-08
251,486,914,1996-08
252,498,914,1996-08
253,584,914,1996-08
254,592,914,1996-08
255,142,140,1996-08
256,235,140,1996-08
257,411,140,1996-08
258,485,140,1996-08
259,592,140,1996-08
260,235,384,1996-08
261,411,384,1996-08
262,485,384,1996-08
263,592,384,1996-08
264,229,366,1996-08
265,486,366,1996-08
266,498,366,1996-08
267,592,366,1996-08
268,229,364,1996-08
269,486,364,1996-08
270,498,364,1996-08
271,486,915,1996-08
272,498,915,1996-08
273,592,915,1996-08
274,102,41,1996-08
275,109,41,1996-08
276,411,41,1996-08
277,486,41,1996-08
278,512,41,1996-08
279,109,75,1996-08
280,229,75,1996-08
281,447,75,1996-08
282,486,75,1996-08
283,512,75,1996-08
284,588,75,1996-08
285,602,75,1996-08
286,109,80,1996-08
287,486,80,1996-08
288,512,80,1996-08
289,142,141,1996-08
290,242,141,1996-08
291,411,141,1996-08
292,512,141,1996-08
293,588,141,1996-08
294,602,141,1996-08
295,229,356,1996-08
296,242,356,1996-08
297,486,356,1996-08
298,512,356,1996-08
299,588,356,1996-08
300,602,356,1996-08
301,229,367,1996-08
302,486,367,1996-08
303,512,367,1996-08
304,588,367,1996-08
305,602,367,1996-08
306,242,412,1996-08
307,512,412,1996-08
308,588,412,1996-08
309,602,412,1996-08
310,142,137,1996-08
311,229,137,1996-08
312,411,137,1996-08
313,486,137,1996-08
314,8,1148,1996-08
315,38,1148,1996-08
316,162,1148,1996-08
317,314,1148,1996-08
318,455,1148,1996-08
319,512,1148,1996-08
320,602,1148,1996-08
321,162,182,1996-08
322,235,182,1996-08
323,411,182,1996-08
324,444,182,1996-08
325,455,182,1996-08
326,512,182,1996-08
327,162,186,1996-08
328,455,186,1996-08
329,512,186,1996-08
330,142,139,1996-08
331,235,139,1996-08
332,411,139,1996-08
333,455,139,1996-08
334,512,139,1996-08
335,602,139,1996-08
336,455,824,1996-08
337,512,824,1996-08
338,602,824,1996-08
339,235,383,1996-08
340,411,383,1996-08
341,455,383,1996-08
342,512,383,1996-08
343,455,823,1996-08
344,512,823,1996-08
345,142,138,1996-08
346,235,138,1996-08
347,411,138,1996-08
348,142,143,1996-08
349,411,143,1996-08
350,512,143,1996-08
351,602,143,1996-08
352,411,738,1996-08
353,512,738,1996-08
354,142,142,1996-08
355,411,142,1996-08
356,176,208,1996-08
357,179,208,1996-08
358,229,208,1996-08
359,314,208,1996-08
360,385,208,1996-08
361,476,208,1996-08
362,486,208,1996-08
363,602,208,1996-08
364,179,243,1996-08
365,476,243,1996-08
366,486,243,1996-08
367,584,243,1996-08
368,592,243,1996-08
369,179,242,1996-08
370,476,242,1996-08
371,486,242,1996-08
372,176,209,1996-08
373,179,209,1996-08
374,229,209,1996-08
375,486,209,1996-08
376,584,209,1996-08
377,592,209,1996-08
378,602,209,1996-08
379,176,210,1996-08
380,179,210,1996-08
381,229,210,1996-08
382,486,210,1996-08
383,602,210,1996-08
384,179,249,1996-08
385,486,249,1996-08
386,584,249,1996-08
387,592,249,1996-08
388,176,219,1996-08
389,273,219,1996-08
390,592,219,1996-08
391,602,219,1996-08
392,176,212,1996-08
393,229,212,1996-08
394,476,212,1996-08
395,486,212,1996-08
396,592,212,1996-08
397,602,212,1996-08
398,176,213,1996-08
399,229,213,1996-08
400,476,213,1996-08
401,486,213,1996-08
402,602,213,1996-08
403,476,891,1996-08
404,486,891,1996-08
405,592,891,1996-08
406,476,888,1996-08
407,486,888,1996-08
408,176,214,1996-08
409,229,214,1996-08
410,486,214,1996-08
411,592,214,1996-08
412,602,214,1996-08
413,176,215,1996-08
414,229,215,1996-08
415,486,215,1996-08
416,602,215,1996-08
417,176,232,1996-08
418,592,232,1996-08
419,602,232,1996-08
420,229,360,1996-08
421,385,360,1996-08
422,486,360,1996-08
423,584,360,1996-08
424,592,360,1996-08
425,229,358,1996-08
426,385,358,1996-08
427,486,358,1996-08
428,229,368,1996-08
429,486,368,1996-08
430,584,368,1996-08
431,592,368,1996-08
432,229,369,1996-08
433,486,369,1996-08
434,592,369,1996-08
435,229,370,1996-08
436,486,370,1996-08
437,602,370,1996-08
438,229,363,1996-08
439,486,363,1996-08
440,314,539,1996-08
441,602,539,1996-08
442,56,977,1996-08
443,102,977,1996-08
444,512,977,1996-08
445,584,977,1996-08
446,14,128,1996-08
447,176,128,1996-08
448,512,128,1996-08
449,574,128,1996-08
450,584,128,1996-08
451,602,128,1996-08
452,56,978,1996-08
453,176,978,1996-08
454,242,978,1996-08
455,512,978,1996-08
456,574,978,1996-08
457,602,978,1996-08
458,56,985,1996-08
459,512,985,1996-08
460,176,225,1996-08
461,512,225,1996-08
462,574,225,1996-08
463,602,225,1996-08
464,176,216,1996-08
465,242,216,1996-08
466,512,216,1996-08
467,602,216,1996-08
468,176,227,1996-08
469,512,227,1996-08
470,602,227,1996-08
471,102,42,1996-08
472,242,42,1996-08
473,512,42,1996-08
474,602,42,1996-08
475,102,43,1996-08
476,512,43,1996-08
477,242,413,1996-08
478,512,413,1996-08
479,602,413,1996-08
480,176,230,1996-08
481,584,230,1996-08
482,602,230,1996-08
483,176,233,1996-08
484,602,233,1996-08
485,8,1149,1996-08
486,38,1149,1996-08
487,512,1149,1996-08
488,588,1149,1996-08
489,602,1149,1996-08
490,38,640,1996-08
491,46,640,1996-08
492,394,640,1996-08
493,512,640,1996-08
494,541,640,1996-08
495,588,640,1996-08
496,602,640,1996-08
497,46,832,1996-08
498,142,832,1996-08
499,512,832,1996-08
500,588,832,1996-08
501,602,832,1996-08
502,38,641,1996-08
503,46,641,1996-08
504,512,641,1996-08
505,541,641,1996-08
506,588,641,1996-08
507,602,641,1996-08
508,38,643,1996-08
509,512,643,1996-08
510,588,643,1996-08
511,602,643,1996-08
512,512,952,1996-08
513,541,952,1996-08
514,46,868,1996-08
515,512,868,1996-08
516,588,868,1996-08
517,602,868,1996-08
518,142,150,1996-08
519,512,150,1996-08
520,588,150,1996-08
521,602,150,1996-08
522,512,955,1996-08
523,588,955,1996-08
524,602,955,1996-08
525,8,1147,1996-08
526,38,1147,1996-08
527,142,1147,1996-08
528,512,1147,1996-08
529,602,1147,1996-08
530,8,1150,1996-08
531,38,1150,1996-08
532,512,1150,1996-08
533,602,1150,1996-08
534,38,644,1996-08
535,512,644,1996-08
536,602,644,1996-08
537,142,151,1996-08
538,512,151,1996-08
539,602,151,1996-08
540,447,791,1996-08
541,476,791,1996-08
542,498,791,1996-08
543,574,791,1996-08
544,588,791,1996-08
545,46,854,1996-08
546,447,854,1996-08
547,498,854,1996-08
548,574,854,1996-08
549,588,854,1996-08
550,592,854,1996-08
551,447,795,1996-08
552,498,795,1996-08
553,574,795,1996-08
554,588,795,1996-08
555,46,831,1996-08
556,142,831,1996-08
557,273,831,1996-08
558,574,831,1996-08
559,588,831,1996-08
560,592,831,1996-08
561,46,872,1996-08
562,574,872,1996-08
563,588,872,1996-08
564,592,872,1996-08
565,574,1016,1996-08
566,588,1016,1996-08
567,46,856,1996-08
568,476,856,1996-08
569,498,856,1996-08
570,588,856,1996-08
571,592,856,1996-08
572,476,893,1996-08
573,498,893,1996-08
574,588,893,1996-08
575,476,894,1996-08
576,498,894,1996-08
577,592,894,1996-08
578,476,892,1996-08
579,498,892,1996-08
580,46,866,1996-08
581,498,866,1996-08
582,588,866,1996-08
583,592,866,1996-08
584,498,935,1996-08
585,588,935,1996-08
586,46,876,1996-08
587,588,876,1996-08
588,592,876,1996-08
589,142,149,1996-08
590,498,149,1996-08
591,592,149,1996-08
592,142,154,1996-08
593,592,154,1996-08
594,142,144,1996-08
595,447,144,1996-08
596,588,144,1996-08
597,447,798,1996-08
598,588,798,1996-08
599,46,833,1996-08
600,142,833,1996-08
601,588,833,1996-08
602,46,875,1996-08
603,588,875,1996-08
604,142,153,1996-08
605,588,153,1996-08
606,179,244,1996-08
607,485,244,1996-08
608,486,244,1996-08
609,498,244,1996-08
610,541,244,1996-08
611,584,244,1996-08
612,179,247,1996-08
613,486,247,1996-08
614,498,247,1996-08
615,541,247,1996-08
616,584,247,1996-08
617,179,246,1996-08
618,486,246,1996-08
619,498,246,1996-08
620,142,146,1996-08
621,485,146,1996-08
622,486,146,1996-08
623,498,146,1996-08
624,584,146,1996-08
625,485,900,1996-08
626,486,900,1996-08
627,498,900,1996-08
628,584,900,1996-08
629,486,913,1996-08
630,498,913,1996-08
631,584,913,1996-08
632,142,145,1996-08
633,485,145,1996-08
634,142,147,1996-08
635,486,147,1996-08
636,179,248,1996-08
637,486,248,1996-08
638,584,248,1996-08
639,179,245,1996-08
640,486,245,1996-08
641,142,152,1996-08
642,541,152,1996-08
643,142,148,1996-08
644,498,148,1996-08
645,8,1159,1996-08
646,498,1159,1996-08
647,56,981,1996-08
648,235,981,1996-08
649,498,981,1996-08
650,584,981,1996-08
651,592,981,1996-08
652,46,865,1996-08
653,498,865,1996-08
654,584,865,1996-08
655,592,865,1996-08
656,46,871,1996-08
657,56,871,1996-08
658,235,871,1996-08
659,273,871,1996-08
660,592,871,1996-08
661,56,982,1996-08
662,235,982,1996-08
663,592,982,1996-08
664,235,389,1996-08
665,498,389,1996-08
666,584,389,1996-08
667,592,389,1996-08
668,498,934,1996-08
669,584,934,1996-08
670,592,934,1996-08
671,8,1144,1996-08
672,235,1144,1996-08
673,46,847,1996-08
674,273,847,1996-08
675,498,847,1996-08
676,592,847,1996-08
677,192,281,1996-08
678,349,281,1996-08
679,485,281,1996-08
680,498,281,1996-08
681,541,281,1996-08
682,584,281,1996-08
683,349,600,1996-08
684,485,600,1996-08
685,192,283,1996-08
686,485,283,1996-08
687,498,283,1996-08
688,584,283,1996-08
689,485,901,1996-08
690,498,901,1996-08
691,541,901,1996-08
692,584,901,1996-08
693,498,931,1996-08
694,541,931,1996-08
695,584,931,1996-08
696,485,902,1996-08
697,498,902,1996-08
698,584,902,1996-08
699,8,1142,1996-08
700,176,1142,1996-08
701,46,838,1996-08
702,176,838,1996-08
703,584,838,1996-08
704,592,838,1996-08
705,46,835,1996-08
706,176,835,1996-08
707,485,835,1996-08
708,592,835,1996-08
709,46,839,1996-08
710,176,839,1996-08
711,592,839,1996-08
712,192,285,1996-08
713,485,285,1996-08
714,584,285,1996-08
715,592,285,1996-08
716,485,908,1996-08
717,592,908,1996-08
718,176,229,1996-08
719,584,229,1996-08
720,592,229,1996-08
721,8,1156,1996-08
722,46,1156,1996-08
723,584,1156,1996-08
724,592,1156,1996-08
725,56,979,1996-08
726,192,979,1996-08
727,411,979,1996-08
728,486,979,1996-08
729,541,979,1996-08
730,584,979,1996-08
731,592,979,1996-08
732,486,919,1996-08
733,541,919,1996-08
734,584,919,1996-08
735,592,919,1996-08
736,56,983,1996-08
737,411,983,1996-08
738,592,983,1996-08
739,486,920,1996-08
740,541,920,1996-08
741,592,920,1996-08
742,192,282,1996-08
743,411,282,1996-08
744,486,282,1996-08
745,584,282,1996-08
746,592,282,1996-08
747,486,922,1996-08
748,584,922,1996-08
749,592,922,1996-08
750,486,918,1996-08
751,541,918,1996-08
752,584,918,1996-08
753,56,988,1996-08
754,584,988,1996-08
755,592,988,1996-08
756,56,989,1996-08
757,592,989,1996-08
758,56,987,1996-08
759,584,987,1996-08
760,192,286,1996-08
761,541,286,1996-08
762,584,286,1996-08
763,192,288,1996-08
764,584,288,1996-08
765,592,288,1996-08
766,8,1157,1996-08
767,476,1157,1996-08
768,411,730,1996-08
769,476,730,1996-08
770,485,730,1996-08
771,541,730,1996-08
772,584,730,1996-08
773,46,870,1996-08
774,541,870,1996-08
775,584,870,1996-08
776,46,851,1996-08
777,411,851,1996-08
778,485,851,1996-08
779,46,857,1996-08
780,476,857,1996-08
781,541,857,1996-08
782,411,732,1996-08
783,485,732,1996-08
784,584,732,1996-08
785,411,731,1996-08
786,485,731,1996-08
787,8,1151,1996-08
788,411,1151,1996-08
789,8,1154,1996-08
790,46,1154,1996-08
791,541,1154,1996-08
792,46,869,1996-08
793,541,869,1996-08
794,485,906,1996-08
795,541,906,1996-08
796,584,906,1996-08
797,8,1153,1996-08
798,46,1153,1996-08
799,485,1153,1996-08
800,584,1153,1996-08
801,8,1155,1996-08
802,46,1155,1996-08
803,584,1155,1996-08
804,8,1152,1996-08
805,46,1152,1996-08
806,8,1141,1996-08
807,170,1141,1996-08
808,179,1141,1996-08
809,229,1141,1996-08
810,179,237,1996-08
811,229,237,1996-08
812,109,69,1996-08
813,162,69,1996-08
814,235,69,1996-08
815,411,69,1996-08
816,498,69,1996-08
817,109,70,1996-08
818,162,70,1996-08
819,498,70,1996-08
820,109,81,1996-08
821,498,81,1996-08
822,235,385,1996-08
823,411,385,1996-08
824,498,385,1996-08
825,162,181,1996-08
826,235,181,1996-08
827,411,181,1996-08
828,235,382,1996-08
829,411,382,1996-08
830,235,388,1996-08
831,498,388,1996-08
832,179,238,1996-08
833,235,238,1996-08
834,349,238,1996-08
835,584,238,1996-08
836,235,381,1996-08
837,349,381,1996-08
838,179,239,1996-08
839,243,239,1996-08
840,584,239,1996-08
841,349,601,1996-08
842,584,601,1996-08
843,179,241,1996-08
844,349,241,1996-08
845,507,241,1996-08
846,179,240,1996-08
847,349,240,1996-08
848,235,379,1996-08
849,243,379,1996-08
850,235,386,1996-08
851,476,386,1996-08
852,584,386,1996-08
853,592,386,1996-08
854,273,475,1996-08
855,476,475,1996-08
856,584,475,1996-08
857,592,475,1996-08
858,476,897,1996-08
859,584,897,1996-08
860,592,897,1996-08
861,46,846,1996-08
862,273,846,1996-08
863,476,846,1996-08
864,592,846,1996-08
865,46,859,1996-08
866,476,859,1996-08
867,592,859,1996-08
868,273,476,1996-08
869,476,476,1996-08
870,592,476,1996-08
871,476,898,1996-08
872,592,898,1996-08
873,46,842,1996-08
874,235,842,1996-08
875,273,842,1996-08
876,584,842,1996-08
877,592,842,1996-08
878,46,843,1996-08
879,235,843,1996-08
880,273,843,1996-08
881,592,843,1996-08
882,235,391,1996-08
883,584,391,1996-08
884,592,391,1996-08
885,273,479,1996-08
886,584,479,1996-08
887,592,479,1996-08
888,46,849,1996-08
889,273,849,1996-08
890,592,849,1996-08
891,273,481,1996-08
892,592,481,1996-08
893,46,874,1996-08
894,584,874,1996-08
895,592,874,1996-08
896,46,858,1996-08
897,476,858,1996-08
898,584,858,1996-08
899,46,855,1996-08
900,476,855,1996-08
901,235,390,1996-08
902,584,390,1996-08
903,411,735,1996-08
904,486,735,1996-08
905,498,735,1996-08
906,541,735,1996-08
907,411,734,1996-08
908,486,734,1996-08
909,498,734,1996-08
910,243,418,1996-08
911,486,418,1996-08
912,498,418,1996-08
913,541,418,1996-08
914,486,912,1996-08
915,498,912,1996-08
916,541,912,1996-08
917,486,909,1996-08
918,498,909,1996-08
919,498,930,1996-08
920,541,930,1996-08
921,411,736,1996-08
922,486,736,1996-08
923,541,736,1996-08
924,411,733,1996-08
925,486,733,1996-08
926,486,917,1996-08
927,541,917,1996-08
928,243,415,1996-08
929,411,415,1996-08
930,498,415,1996-08
931,411,737,1996-08
932,498,737,1996-08
933,243,420,1996-08
934,498,420,1996-08
935,46,841,1996-08
936,229,841,1996-08
937,584,841,1996-08
938,46,845,1996-08
939,273,845,1996-08
940,411,845,1996-08
941,46,840,1996-08
942,229,840,1996-08
943,229,362,1996-08
944,411,362,1996-08
945,584,362,1996-08
946,229,361,1996-08
947,411,361,1996-08
948,229,357,1996-08
949,273,357,1996-08
950,584,357,1996-08
951,229,371,1996-08
952,584,371,1996-08
953,46,852,1996-08
954,411,852,1996-08
955,584,852,1996-08
956,46,850,1996-08
957,411,850,1996-08
958,46,848,1996-08
959,273,848,1996-08
960,584,848,1996-08
961,273,478,1996-08
962,584,478,1996-08
963,46,844,1996-08
964,273,844,1996-08
965,485,904,1996-08
966,512,904,1996-08
967,584,904,1996-08
968,485,905,1996-08
969,512,905,1996-08
970,602,905,1996-08
971,485,903,1996-08
972,512,903,1996-08
973,512,954,1996-08
974,584,954,1996-08
975,602,954,1996-08
976,512,953,1996-08
977,584,953,1996-08
978,512,957,1996-08
979,602,957,1996-08
980,243,416,1996-08
981,485,416,1996-08
982,584,416,1996-08
983,176,211,1996-08
984,192,211,1996-08
985,584,211,1996-08
986,176,228,1996-08
987,584,228,1996-08
988,242,409,1996-08
989,273,409,1996-08
990,512,409,1996-08
991,242,410,1996-08
992,486,410,1996-08
993,512,410,1996-08
994,486,916,1996-08
995,512,916,1996-08
996,8,1143,1996-08
997,192,1143,1996-08
998,485,1143,1996-08
999,584,1143,1996-08
1000,192,284,1996-08
1001,485,284,1996-08
1002,584,284,1996-08
1003,8,1158,1996-08
1004,485,1158,1996-08
1005,584,1158,1996-08
1006,8,1161,1996-08
1007,584,1161,1996-08
1008,192,287,1996-08
1009,584,287,1996-08
1010,102,44,1996-08
1011,588,44,1996-08
1012,38,645,1996-08
1013,588,645,1996-08
1014,273,480,1996-08
1015,588,480,1996-08
1016,14,129,1996-08
1017,46,129,1996-08
1018,447,129,1996-08
1019,486,129,1996-08
1020,46,862,1996-08
1021,486,862,1996-08
1022,46,853,1996-08
1023,447,853,1996-08
1024,447,793,1996-08
1025,486,793,1996-08
1026,584,793,1996-08
1027,602,793,1996-08
1028,447,794,1996-08
1029,486,794,1996-08
1030,602,794,1996-08
1031,486,923,1996-08
1032,584,923,1996-08
1033,602,923,1996-08
1034,486,926,1996-08
1035,602,926,1996-08
1036,584,1042,1996-08
1037,602,1042,1996-08
1038,162,185,1996-08
1039,411,185,1996-08
1040,541,185,1996-08
1041,584,185,1996-08
1042,411,740,1996-08
1043,541,740,1996-08
1044,584,740,1996-08
1045,162,184,1996-08
1046,411,184,1996-08
1047,411,739,1996-08
1048,541,739,1996-08
1049,411,741,1996-08
1050,584,741,1996-08
1051,109,78,1996-08
1052,411,78,1996-08
1053,592,78,1996-08
1054,109,72,1996-08
1055,176,72,1996-08
1056,592,72,1996-08
1057,109,71,1996-08
1058,176,71,1996-08
1059,109,83,1996-08
1060,592,83,1996-08
1061,176,220,1996-08
1062,411,220,1996-08
1063,592,220,1996-08
1064,411,742,1996-08
1065,592,742,1996-08
1066,109,77,1996-08
1067,411,77,1996-08
1068,109,67,1996-08
1069,162,67,1996-08
1070,498,932,1996-08
1071,574,932,1996-08
1072,56,984,1996-08
1073,498,984,1996-08
1074,38,637,1996-08
1075,385,637,1996-08
1076,385,652,1996-08
1077,411,652,1996-08
1078,38,638,1996-08
1079,411,638,1996-08
1080,8,1160,1996-08
1081,512,1160,1996-08
1082,242,411,1996-08
1083,512,411,1996-08
1084,162,188,1996-08
1085,476,188,1996-08
1086,584,188,1996-08
1087,162,187,1996-08
1088,476,187,1996-08
1089,476,896,1996-08
1090,584,896,1996-08
1091,162,189,1996-08
1092,584,189,1996-08
1093,109,79,1996-08
1094,447,79,1996-08
1095,512,79,1996-08
1096,109,82,1996-08
1097,512,82,1996-08
1098,46,861,1996-08
1099,485,861,1996-08
1100,584,861,1996-08
1101,46,860,1996-08
1102,485,860,1996-08
1103,485,907,1996-08
1104,584,907,1996-08
1105,235,378,1996-08
1106,242,378,1996-08
1107,602,378,1996-08
1108,235,393,1996-08
1109,602,393,1996-08
1110,242,414,1996-08
1111,602,414,1996-08
1112,176,218,1996-08
1113,273,218,1996-08
1114,486,218,1996-08
1115,273,477,1996-08
1116,486,477,1996-08
1117,385,654,1996-08
1118,602,654,1996-08
1119,46,867,1996-08
1120,498,867,1996-08
1121,592,867,1996-08
1122,498,936,1996-08
1123,592,936,1996-08
1124,46,877,1996-08
1125,592,877,1996-08
1126,8,1146,1996-08
1127,38,1146,1996-08
1128,8,1145,1996-08
1129,273,1145,1996-08
1130,447,796,1996-08
1131,541,796,1996-08
1132,447,790,1996-08
1133,476,790,1996-08
1134,476,895,1996-08
1135,541,895,1996-08
1136,46,864,1996-08
1137,498,864,1996-08
1138,584,864,1996-08
1139,498,933,1996-08
1140,584,933,1996-08
1141,46,873,1996-08
1142,584,873,1996-08
1143,46,863,1996-08
1144,498,863,1996-08
1145,273,473,1996-08
1146,314,473,1996-08
1147,38,635,1996-08
1148,273,635,1996-08
1149,541,971,1996-08
1150,584,971,1996-08
1151,592,971,1996-08
1152,541,972,1996-08
1153,592,972,1996-08
1154,541,970,1996-08
1155,584,970,1996-08
1156,447,789,1996-08
1157,455,789,1996-08
1158,455,825,1996-08
1159,584,825,1996-08
1160,447,797,1996-08
1161,584,797,1996-08
1162,162,190,1996-08
1163,602,190,1996-08
1164,176,223,1996-08
1165,486,223,1996-08
1166,592,223,1996-08
1167,176,231,1996-08
1168,592,231,1996-08
1169,176,222,1996-08
1170,486,222,1996-08
1171,243,419,1996-08
1172,486,419,1996-08
1173,584,419,1996-08
1174,486,921,1996-08
1175,584,921,1996-08
1176,235,387,1996-08
1177,486,387,1996-08
1178,592,387,1996-08
1179,235,392,1996-08
1180,592,392,1996-08
1181,486,925,1996-08
1182,592,925,1996-08
1183,486,924,1996-08
1184,588,924,1996-08
1185,38,636,1996-08
1186,314,636,1996-08
1187,14,131,1996-08
1188,602,131,1996-08
1189,273,474,1996-08
1190,385,474,1996-08
1191,109,76,1996-08
1192,235,76,1996-08
1193,243,417,1996-08
1194,486,417,1996-08
1195,38,642,1996-08
1196,512,642,1996-08
1197,179,251,1996-08
1198,584,251,1996-08
1199,235,380,1996-08
1200,273,380,1996-08
1201,14,130,1996-08
1202,584,130,1996-08
1203,447,792,1996-08
1204,486,792,1996-08
1205,56,986,1996-08
1206,574,986,1996-08
1207,243,421,1996-08
1208,584,421,1996-08
1209,176,217,1996-08
1210,273,217,1996-08
1211,584,1041,1996-08
1212,592,1041,1996-08
1213,162,183,1996-08
1214,262,183,1996-08
1215,6,1060,1996-11
1216,240,1060,1996-11
1217,379,1060,1996-11
1218,458,1060,1996-11
1219,470,1060,1996-11
1220,566,1060,1996-11
1221,6,1097,1996-11
1222,58,1097,1996-11
1223,94,1097,1996-11
1224,117,1097,1996-11
1225,340,1097,1996-11
1226,566,1097,1996-11
1227,6,1086,1996-11
1228,566,1086,1996-11
1229,6,1094,1996-11
1230,58,1094,1996-11
1231,340,1094,1996-11
1232,379,1094,1996-11
1233,458,1094,1996-11
1234,6,1077,1996-11
1235,43,1077,1996-11
1236,379,1077,1996-11
1237,458,1077,1996-11
1238,530,1077,1996-11
1239,6,1071,1996-11
1240,379,1071,1996-11
1241,458,1071,1996-11
1242,6,1088,1996-11
1243,58,1088,1996-11
1244,126,1088,1996-11
1245,340,1088,1996-11
1246,58,1019,1996-11
1247,117,1019,1996-11
1248,470,1019,1996-11
1249,566,1019,1996-11
1250,173,197,1996-11
1251,470,197,1996-11
1252,566,197,1996-11
1253,470,884,1996-11
1254,566,884,1996-11
1255,58,1018,1996-11
1256,117,1018,1996-11
1257,373,1018,1996-11
1258,566,1018,1996-11
1259,58,1020,1996-11
1260,117,1020,1996-11
1261,566,1020,1996-11
1262,58,1031,1996-11
1263,374,1031,1996-11
1264,5,944,1996-11
1265,58,944,1996-11
1266,373,944,1996-11
1267,565,944,1996-11
1268,6,1067,1996-11
1269,340,1067,1996-11
1270,458,1067,1996-11
1271,470,1067,1996-11
1272,6,1068,1996-11
1273,340,1068,1996-11
1274,559,1068,1996-11
1275,6,1057,1996-11
1276,174,1057,1996-11
1277,340,1057,1996-11
1278,458,1057,1996-11
1279,6,1066,1996-11
1280,340,1066,1996-11
1281,458,1066,1996-11
1282,6,1075,1996-11
1283,43,1075,1996-11
1284,181,1075,1996-11
1285,458,1075,1996-11
1286,470,1075,1996-11
1287,530,1075,1996-11
1288,6,1074,1996-11
1289,43,1074,1996-11
1290,174,1074,1996-11
1291,458,1074,1996-11
1292,530,1074,1996-11
1293,6,1079,1996-11
1294,43,1079,1996-11
1295,458,1079,1996-11
1296,530,1079,1996-11
1297,6,1055,1996-11
1298,174,1055,1996-11
1299,181,1055,1996-11
1300,458,1055,1996-11
1301,470,1055,1996-11
1302,6,1059,1996-11
1303,181,1059,1996-11
1304,458,1059,1996-11
1305,470,1059,1996-11
1306,6,1083,1996-11
1307,458,1083,1996-11
1308,470,1083,1996-11
1309,6,1058,1996-11
1310,174,1058,1996-11
1311,458,1058,1996-11
1312,43,761,1996-11
1313,181,761,1996-11
1314,240,761,1996-11
1315,379,761,1996-11
1316,240,404,1996-11
1317,379,404,1996-11
1318,181,255,1996-11
1319,559,255,1996-11
1320,43,760,1996-11
1321,181,760,1996-11
1322,43,758,1996-11
1323,174,758,1996-11
1324,340,758,1996-11
1325,379,758,1996-11
1326,458,758,1996-11
1327,340,595,1996-11
1328,379,595,1996-11
1329,458,595,1996-11
1330,43,768,1996-11
1331,379,768,1996-11
1332,458,768,1996-11
1333,379,631,1996-11
1334,458,631,1996-11
1335,174,204,1996-11
1336,340,204,1996-11
1337,458,204,1996-11
1338,340,596,1996-11
1339,458,596,1996-11
1340,43,759,1996-11
1341,174,759,1996-11
1342,458,759,1996-11
1343,43,767,1996-11
1344,379,767,1996-11
1345,6,1092,1996-11
1346,58,1092,1996-11
1347,240,1092,1996-11
1348,458,1092,1996-11
1349,6,1061,1996-11
1350,240,1061,1996-11
1351,458,1061,1996-11
1352,6,1089,1996-11
1353,58,1089,1996-11
1354,126,1089,1996-11
1355,458,1089,1996-11
1356,6,1087,1996-11
1357,58,1087,1996-11
1358,126,1087,1996-11
1359,58,1036,1996-11
1360,569,1036,1996-11
1361,181,254,1996-11
1362,458,254,1996-11
1363,530,254,1996-11
1364,566,254,1996-11
1365,458,829,1996-11
1366,566,829,1996-11
1367,126,120,1996-11
1368,566,120,1996-11
1369,126,117,1996-11
1370,174,117,1996-11
1371,458,117,1996-11
1372,530,117,1996-11
1373,174,200,1996-11
1374,181,200,1996-11
1375,458,200,1996-11
1376,530,200,1996-11
1377,181,253,1996-11
1378,458,253,1996-11
1379,530,253,1996-11
1380,174,206,1996-11
1381,458,206,1996-11
1382,530,206,1996-11
1383,458,828,1996-11
1384,530,828,1996-11
1385,174,199,1996-11
1386,181,199,1996-11
1387,458,199,1996-11
1388,181,252,1996-11
1389,458,252,1996-11
1390,6,1065,1996-11
1391,340,1065,1996-11
1392,379,1065,1996-11
1393,530,1065,1996-11
1394,6,1064,1996-11
1395,340,1064,1996-11
1396,379,1064,1996-11
1397,6,1072,1996-11
1398,379,1072,1996-11
1399,530,1072,1996-11
1400,6,1070,1996-11
1401,379,1070,1996-11
1402,5,941,1996-11
1403,565,941,1996-11
1404,6,1085,1996-11
1405,530,1085,1996-11
1406,340,594,1996-11
1407,379,594,1996-11
1408,6,1091,1996-11
1409,58,1091,1996-11
1410,240,1091,1996-11
1411,340,1091,1996-11
1412,6,1093,1996-11
1413,58,1093,1996-11
1414,340,1093,1996-11
1415,6,1063,1996-11
1416,340,1063,1996-11
1417,6,1052,1996-11
1418,126,1052,1996-11
1419,373,1052,1996-11
1420,6,1073,1996-11
1421,43,1073,1996-11
1422,126,1073,1996-11
1423,458,1073,1996-11
1424,6,1053,1996-11
1425,126,1053,1996-11
1426,458,1053,1996-11
1427,6,1051,1996-11
1428,126,1051,1996-11
1429,126,119,1996-11
1430,458,119,1996-11
1431,6,1081,1996-11
1432,43,1081,1996-11
1433,58,1081,1996-11
1434,458,1081,1996-11
1435,6,1096,1996-11
1436,58,1096,1996-11
1437,458,1096,1996-11
1438,6,1078,1996-11
1439,43,1078,1996-11
1440,458,1078,1996-11
1441,58,1037,1996-11
1442,94,1037,1996-11
1443,58,1029,1996-11
1444,373,1029,1996-11
1445,565,1029,1996-11
1446,566,1029,1996-11
1447,58,1030,1996-11
1448,373,1030,1996-11
1449,566,1030,1996-11
1450,58,1035,1996-11
1451,566,1035,1996-11
1452,58,1028,1996-11
1453,373,1028,1996-11
1454,565,1028,1996-11
1455,58,1034,1996-11
1456,565,1034,1996-11
1457,43,763,1996-11
1458,321,763,1996-11
1459,458,763,1996-11
1460,458,830,1996-11
1461,569,830,1996-11
1462,37,624,1996-11
1463,569,624,1996-11
1464,37,623,1996-11
1465,43,623,1996-11
1466,240,408,1996-11
1467,569,408,1996-11
1468,240,407,1996-11
1469,566,407,1996-11
1470,43,762,1996-11
1471,240,762,1996-11
1472,458,762,1996-11
1473,470,762,1996-11
1474,240,406,1996-11
1475,458,406,1996-11
1476,470,406,1996-11
1477,43,771,1996-11
1478,458,771,1996-11
1479,470,771,1996-11
1480,458,827,1996-11
1481,470,827,1996-11
1482,43,770,1996-11
1483,458,770,1996-11
1484,6,1095,1996-11
1485,58,1095,1996-11
1486,373,1095,1996-11
1487,374,630,1996-11
1488,470,630,1996-11
1489,321,555,1996-11
1490,470,555,1996-11
1491,58,1027,1996-11
1492,373,1027,1996-11
1493,559,1027,1996-11
1494,446,787,1996-11
1495,470,787,1996-11
1496,43,769,1996-11
1497,446,769,1996-11
1498,43,772,1996-11
1499,470,772,1996-11
1500,117,98,1996-11
1501,373,98,1996-11
1502,446,98,1996-11
1503,117,97,1996-11
1504,373,97,1996-11
1505,37,622,1996-11
1506,373,622,1996-11
1507,5,940,1996-11
1508,43,940,1996-11
1509,58,940,1996-11
1510,5,943,1996-11
1511,58,943,1996-11
1512,373,943,1996-11
1513,6,1062,1996-11
1514,240,1062,1996-11
1515,501,1062,1996-11
1516,240,402,1996-11
1517,340,402,1996-11
1518,374,402,1996-11
1519,240,401,1996-11
1520,340,401,1996-11
1521,240,403,1996-11
1522,347,403,1996-11
1523,6,1084,1996-11
1524,501,1084,1996-11
1525,5,946,1996-11
1526,6,946,1996-11
1527,43,946,1996-11
1528,5,945,1996-11
1529,6,945,1996-11
1530,6,1050,1996-11
1531,121,1050,1996-11
1532,373,1050,1996-11
1533,6,1069,1996-11
1534,373,1069,1996-11
1535,174,201,1996-11
1536,181,201,1996-11
1537,566,201,1996-11
1538,181,256,1996-11
1539,566,256,1996-11
1540,174,198,1996-11
1541,181,198,1996-11
1542,174,207,1996-11
1543,566,207,1996-11
1544,58,1022,1996-11
1545,126,1022,1996-11
1546,373,1022,1996-11
1547,58,1021,1996-11
1548,126,1021,1996-11
1549,126,118,1996-11
1550,373,118,1996-11
1551,373,628,1996-11
1552,559,628,1996-11
1553,566,628,1996-11
1554,373,629,1996-11
1555,566,629,1996-11
1556,373,627,1996-11
1557,559,627,1996-11
1558,43,775,1996-11
1559,569,775,1996-11
1560,6,1090,1996-11
1561,58,1090,1996-11
1562,240,1090,1996-11
1563,37,621,1996-11
1564,240,621,1996-11
1565,37,620,1996-11
1566,174,620,1996-11
1567,6,1076,1996-11
1568,43,1076,1996-11
1569,240,1076,1996-11
1570,58,1026,1996-11
1571,373,1026,1996-11
1572,446,1026,1996-11
1573,373,626,1996-11
1574,446,626,1996-11
1575,58,1024,1996-11
1576,174,1024,1996-11
1577,458,1024,1996-11
1578,6,1056,1996-11
1579,174,1056,1996-11
1580,240,1056,1996-11
1581,6,1054,1996-11
1582,174,1054,1996-11
1583,174,202,1996-11
1584,240,202,1996-11
1585,6,1080,1996-11
1586,43,1080,1996-11
1587,58,1080,1996-11
1588,43,757,1996-11
1589,174,757,1996-11
1590,340,757,1996-11
1591,174,203,1996-11
1592,340,203,1996-11
1593,43,764,1996-11
1594,340,764,1996-11
1595,5,939,1996-11
1596,43,939,1996-11
1597,373,939,1996-11
1598,43,765,1996-11
1599,373,765,1996-11
1600,5,937,1996-11
1601,373,937,1996-11
1602,5,938,1996-11
1603,43,938,1996-11
1604,43,776,1996-11
1605,58,776,1996-11
1606,174,776,1996-11
1607,58,1023,1996-11
1608,174,1023,1996-11
1609,43,777,1996-11
1610,58,777,1996-11
1611,240,777,1996-11
1612,446,788,1996-11
1613,566,788,1996-11
1614,58,1025,1996-11
1615,240,1025,1996-11
1616,5,942,1996-11
1617,58,942,1996-11
1618,240,405,1996-11
1619,458,405,1996-11
1620,174,205,1996-11
1621,458,205,1996-11
1622,37,625,1996-11
1623,58,625,1996-11
1624,43,774,1996-11
1625,566,774,1996-11
1626,240,400,1996-11
1627,321,400,1996-11
1628,6,1082,1996-11
1629,458,1082,1996-11
1630,43,755,1996-11
1631,126,755,1996-11
1632,43,766,1996-11
1633,374,766,1996-11
1634,58,1032,1996-11
1635,458,1032,1996-11
1636,43,756,1996-11
1637,174,756,1996-11
1638,58,1033,1996-11
1639,559,1033,1996-11
1640,43,773,1996-11
1641,559,773,1996-11
1642,206,333,1997-02
1643,269,333,1997-02
1644,451,333,1997-02
1645,90,1171,1997-02
1646,206,1171,1997-02
1647,302,1171,1997-02
1648,451,1171,1997-02
1649,521,1171,1997-02
1650,90,1170,1997-02
1651,206,1170,1997-02
1652,302,1170,1997-02
1653,451,1170,1997-02
1654,206,335,1997-02
1655,451,335,1997-02
1656,32,551,1997-02
1657,529,551,1997-02
1658,32,553,1997-02
1659,90,553,1997-02
1660,206,553,1997-02
1661,302,553,1997-02
1662,32,554,1997-02
1663,90,554,1997-02
1664,302,554,1997-02
1665,90,1169,1997-02
1666,206,1169,1997-02
1667,302,1169,1997-02
1668,90,1172,1997-02
1669,302,1172,1997-02
1670,302,522,1997-02
1671,589,522,1997-02
1672,451,819,1997-02
1673,589,819,1997-02
1674,32,549,1997-02
1675,451,549,1997-02
1676,32,548,1997-02
1677,402,548,1997-02
1678,589,548,1997-02
1679,206,336,1997-02
1680,589,336,1997-02
1681,402,717,1997-02
1682,524,717,1997-02
1683,31,533,1997-02
1684,456,533,1997-02
1685,456,826,1997-02
1686,529,826,1997-02
1687,179,250,1997-02
1688,544,250,1997-02
1689,589,250,1997-02
1690,32,547,1997-02
1691,402,547,1997-02
1692,31,532,1997-02
1693,402,532,1997-02
1694,32,546,1997-02
1695,302,546,1997-02
1696,524,546,1997-02
1697,32,545,1997-02
1698,302,545,1997-02
1699,32,550,1997-02
1700,524,550,1997-02
1701,302,521,1997-02
1702,524,521,1997-02
1703,32,552,1997-02
1704,589,552,1997-02
1705,402,718,1997-02
1706,589,718,1997-02
1707,206,334,1997-02
1708,270,334,1997-02
1709,31,534,1997-02
1710,524,534,1997-02
1711,31,531,1997-02
1712,32,531,1997-02
1713,276,487,1997-05
1714,337,487,1997-05
1715,389,487,1997-05
1716,559,487,1997-05
1717,337,584,1997-05
1718,389,584,1997-05
1719,437,584,1997-05
1720,559,584,1997-05
1721,337,586,1997-05
1722,389,586,1997-05
1723,559,586,1997-05
1724,71,1116,1997-05
1725,337,1116,1997-05
1726,389,1116,1997-05
1727,337,583,1997-05
1728,389,583,1997-05
1729,437,583,1997-05
1730,120,103,1997-05
1731,276,103,1997-05
1732,337,103,1997-05
1733,437,103,1997-05
1734,71,1118,1997-05
1735,389,1118,1997-05
1736,559,1118,1997-05
1737,389,656,1997-05
1738,559,656,1997-05
1739,71,1117,1997-05
1740,389,1117,1997-05
1741,337,587,1997-05
1742,437,587,1997-05
1743,120,104,1997-05
1744,437,104,1997-05
1745,337,585,1997-05
1746,389,585,1997-05
1747,492,585,1997-05
1748,276,488,1997-05
1749,389,488,1997-05
1750,84,1164,1997-05
1751,276,1164,1997-05
1752,337,582,1997-05
1753,389,582,1997-05
1754,276,486,1997-05
1755,337,486,1997-05
1756,337,588,1997-05
1757,492,588,1997-05
1758,71,1115,1997-05
1759,337,1115,1997-05
1760,389,655,1997-05
1761,492,655,1997-05
1762,276,489,1997-05
1763,492,489,1997-05
1764,385,653,1997-05
1765,437,653,1997-05
1766,84,1165,1997-05
1767,437,1165,1997-05
1768,171,196,1997-08
1769,364,196,1997-08
1770,85,1166,1998-05
1771,304,1166,1998-05
1772,11,85,1998-08
1773,283,85,1998-08
1774,11,84,1998-08
1775,128,84,1998-08
1776,199,311,1999-11
1777,412,311,1999-11
1778,597,311,1999-11
1779,33,563,1999-11
1780,199,563,1999-11
1781,263,563,1999-11
1782,33,575,1999-11
1783,93,575,1999-11
1784,140,575,1999-11
1785,199,307,1999-11
1786,201,307,1999-11
1787,597,307,1999-11
1788,33,576,1999-11
1789,93,576,1999-11
1790,199,576,1999-11
1791,33,578,1999-11
1792,93,578,1999-11
1793,201,578,1999-11
1794,597,578,1999-11
1795,33,577,1999-11
1796,93,577,1999-11
1797,201,577,1999-11
1798,201,319,1999-11
1799,268,319,1999-11
1800,412,319,1999-11
1801,597,319,1999-11
1802,236,395,1999-11
1803,412,395,1999-11
1804,597,395,1999-11
1805,412,743,1999-11
1806,595,743,1999-11
1807,597,743,1999-11
1808,33,569,1999-11
1809,263,569,1999-11
1810,597,569,1999-11
1811,33,579,1999-11
1812,93,579,1999-11
1813,263,579,1999-11
1814,33,568,1999-11
1815,263,568,1999-11
1816,201,325,1999-11
1817,535,325,1999-11
1818,597,325,1999-11
1819,201,322,1999-11
1820,383,322,1999-11
1821,597,322,1999-11
1822,33,580,1999-11
1823,93,580,1999-11
1824,597,580,1999-11
1825,33,574,1999-11
1826,93,574,1999-11
1827,33,561,1999-11
1828,156,561,1999-11
1829,156,164,1999-11
1830,412,164,1999-11
1831,597,164,1999-11
1832,33,564,1999-11
1833,199,564,1999-11
1834,597,564,1999-11
1835,33,562,1999-11
1836,199,562,1999-11
1837,93,1178,1999-11
1838,201,1178,1999-11
1839,597,1178,1999-11
1840,156,160,1999-11
1841,199,160,1999-11
1842,412,160,1999-11
1843,199,310,1999-11
1844,412,310,1999-11
1845,201,320,1999-11
1846,268,320,1999-11
1847,597,320,1999-11
1848,199,309,1999-11
1849,268,309,1999-11
1850,597,309,1999-11
1851,33,566,1999-11
1852,201,566,1999-11
1853,597,566,1999-11
1854,268,460,1999-11
1855,412,460,1999-11
1856,597,460,1999-11
1857,268,459,1999-11
1858,412,459,1999-11
1859,140,133,1999-11
1860,412,133,1999-11
1861,597,133,1999-11
1862,201,324,1999-11
1863,412,324,1999-11
1864,597,324,1999-11
1865,201,323,1999-11
1866,412,323,1999-11
1867,199,308,1999-11
1868,236,308,1999-11
1869,597,308,1999-11
1870,268,462,1999-11
1871,547,462,1999-11
1872,597,462,1999-11
1873,33,571,1999-11
1874,268,571,1999-11
1875,597,571,1999-11
1876,268,463,1999-11
1877,595,463,1999-11
1878,597,463,1999-11
1879,595,1049,1999-11
1880,597,1049,1999-11
1881,156,161,1999-11
1882,199,161,1999-11
1883,597,161,1999-11
1884,156,168,1999-11
1885,597,168,1999-11
1886,33,567,1999-11
1887,208,567,1999-11
1888,33,570,1999-11
1889,268,570,1999-11
1890,201,318,1999-11
1891,236,318,1999-11
1892,597,318,1999-11
1893,263,450,1999-11
1894,412,450,1999-11
1895,199,306,1999-11
1896,201,306,1999-11
1897,33,573,1999-11
1898,595,573,1999-11
1899,199,312,1999-11
1900,547,312,1999-11
1901,93,1176,1999-11
1902,140,1176,1999-11
1903,156,159,1999-11
1904,199,159,1999-11
1905,156,163,1999-11
1906,412,163,1999-11
1907,263,451,1999-11
1908,597,451,1999-11
1909,383,651,1999-11
1910,597,651,1999-11
1911,315,540,1999-11
1912,597,540,1999-11
1913,140,132,1999-11
1914,199,132,1999-11
1915,199,313,1999-11
1916,597,313,1999-11
1917,268,461,1999-11
1918,547,461,1999-11
1919,140,134,1999-11
1920,597,134,1999-11
1921,33,572,1999-11
1922,412,572,1999-11
1923,93,1177,1999-11
1924,201,1177,1999-11
1925,156,162,1999-11
1926,268,162,1999-11
1927,156,165,1999-11
1928,547,165,1999-11
1929,201,321,1999-11
1930,383,321,1999-11
1931,33,565,1999-11
1932,201,565,1999-11
1933,236,396,1999-11
1934,597,396,1999-11
1935,535,969,1999-11
1936,597,969,1999-11
1937,236,394,1999-11
1938,412,394,1999-11
1939,93,1179,1999-11
1940,597,1179,1999-11
1941,156,166,2000-02
1942,554,166,2000-02
1943,572,166,2000-02
1944,577,166,2000-02
1945,45,812,2000-02
1946,554,812,2000-02
1947,572,812,2000-02
1948,577,812,2000-02
1949,45,801,2000-02
1950,115,801,2000-02
1951,554,801,2000-02
1952,572,801,2000-02
1953,45,814,2000-02
1954,572,814,2000-02
1955,577,814,2000-02
1956,4,696,2000-02
1957,554,696,2000-02
1958,572,696,2000-02
1959,577,696,2000-02
1960,45,802,2000-02
1961,118,802,2000-02
1962,554,802,2000-02
1963,45,808,2000-02
1964,266,808,2000-02
1965,554,808,2000-02
1966,554,975,2000-02
1967,572,975,2000-02
1968,577,975,2000-02
1969,45,811,2000-02
1970,554,811,2000-02
1971,572,811,2000-02
1972,4,699,2000-02
1973,572,699,2000-02
1974,577,699,2000-02
1975,45,800,2000-02
1976,115,800,2000-02
1977,45,815,2000-02
1978,577,815,2000-02
1979,115,96,2000-02
1980,577,96,2000-02
1981,45,806,2000-02
1982,197,806,2000-02
1983,4,700,2000-02
1984,577,700,2000-02
1985,4,698,2000-02
1986,572,698,2000-02
1987,197,301,2000-02
1988,266,301,2000-02
1989,156,167,2000-02
1990,572,167,2000-02
1991,115,92,2000-02
1992,266,92,2000-02
1993,266,455,2000-02
1994,572,455,2000-02
1995,45,813,2000-02
1996,572,813,2000-02
1997,45,807,2000-02
1998,266,807,2000-02
1999,4,695,2000-02
2000,554,695,2000-02
2001,118,99,2000-02
2002,572,99,2000-02
2003,4,692,2000-02
2004,45,692,2000-02
2005,45,810,2000-02
2006,554,810,2000-02
2007,4,689,2000-02
2008,156,689,2000-02
2009,554,974,2000-02
2010,572,974,2000-02
2011,267,458,2000-05
2012,587,458,2000-05
2013,587,1044,2000-05
2014,603,1044,2000-05
2015,579,1017,2000-05
2016,587,1017,2000-05
2017,59,1046,2000-05
2018,267,1046,2000-05
2019,59,1045,2000-05
2020,217,1045,2000-05
2021,217,347,2000-05
2022,267,347,2000-05
2023,115,93,2000-05
2024,267,93,2000-05
2025,59,1047,2000-05
2026,579,1047,2000-05
2027,115,91,2000-05
2028,217,91,2000-05
2029,59,1048,2000-05
2030,587,1048,2000-05
2031,267,457,2000-05
2032,579,457,2000-05
2033,45,816,2000-05
2034,603,816,2000-05
2035,156,169,2000-05
2036,603,169,2000-05
2037,1,3,2000-08
2038,19,3,2000-08
2039,27,3,2000-08
2040,57,3,2000-08
2041,414,3,2000-08
2042,1,14,2000-08
2043,4,14,2000-08
2044,57,14,2000-08
2045,414,14,2000-08
2046,469,14,2000-08
2047,1,28,2000-08
2048,57,28,2000-08
2049,96,28,2000-08
2050,265,28,2000-08
2051,414,28,2000-08
2052,4,694,2000-08
2053,465,694,2000-08
2054,603,694,2000-08
2055,1,30,2000-08
2056,57,30,2000-08
2057,96,30,2000-08
2058,414,30,2000-08
2059,469,30,2000-08
2060,57,995,2000-08
2061,265,995,2000-08
2062,603,995,2000-08
2063,607,995,2000-08
2064,1,20,2000-08
2065,57,20,2000-08
2066,265,20,2000-08
2067,414,20,2000-08
2068,1,16,2000-08
2069,414,16,2000-08
2070,603,16,2000-08
2071,1,31,2000-08
2072,57,31,2000-08
2073,96,31,2000-08
2074,465,31,2000-08
2075,19,275,2000-08
2076,57,275,2000-08
2077,469,275,2000-08
2078,1,22,2000-08
2079,57,22,2000-08
2080,414,22,2000-08
2081,430,22,2000-08
2082,469,22,2000-08
2083,1,35,2000-08
2084,96,35,2000-08
2085,414,35,2000-08
2086,465,35,2000-08
2087,469,35,2000-08
2088,1,36,2000-08
2089,96,36,2000-08
2090,414,36,2000-08
2091,469,36,2000-08
2092,1,15,2000-08
2093,414,15,2000-08
2094,465,15,2000-08
2095,469,15,2000-08
2096,1,37,2000-08
2097,96,37,2000-08
2098,465,37,2000-08
2099,1,13,2000-08
2100,4,13,2000-08
2101,414,13,2000-08
2102,469,13,2000-08
2103,57,1008,2000-08
2104,465,1008,2000-08
2105,603,1008,2000-08
2106,607,1008,2000-08
2107,414,746,2000-08
2108,465,746,2000-08
2109,603,746,2000-08
2110,465,879,2000-08
2111,603,879,2000-08
2112,57,1003,2000-08
2113,414,1003,2000-08
2114,603,1003,2000-08
2115,607,1003,2000-08
2116,57,1011,2000-08
2117,603,1011,2000-08
2118,607,1011,2000-08
2119,57,1006,2000-08
2120,430,1006,2000-08
2121,469,1006,2000-08
2122,57,1009,2000-08
2123,465,1009,2000-08
2124,607,1009,2000-08
2125,414,745,2000-08
2126,430,745,2000-08
2127,469,745,2000-08
2128,430,779,2000-08
2129,469,779,2000-08
2130,607,779,2000-08
2131,1,24,2000-08
2132,57,24,2000-08
2133,414,24,2000-08
2134,607,24,2000-08
2135,1,26,2000-08
2136,57,26,2000-08
2137,607,26,2000-08
2138,57,1004,2000-08
2139,414,1004,2000-08
2140,607,1004,2000-08
2141,1,33,2000-08
2142,603,33,2000-08
2143,607,33,2000-08
2144,1,2,2000-08
2145,19,2,2000-08
2146,27,2,2000-08
2147,1,23,2000-08
2148,57,23,2000-08
2149,414,23,2000-08
2150,469,23,2000-08
2151,414,747,2000-08
2152,469,747,2000-08
2153,603,747,2000-08
2154,57,1002,2000-08
2155,414,1002,2000-08
2156,603,1002,2000-08
2157,57,1010,2000-08
2158,603,1010,2000-08
2159,115,95,2000-08
2160,465,95,2000-08
2161,96,1186,2000-08
2162,414,1186,2000-08
2163,465,1186,2000-08
2164,469,1186,2000-08
2165,1,7,2000-08
2166,265,7,2000-08
2167,414,7,2000-08
2168,607,7,2000-08
2169,265,454,2000-08
2170,607,454,2000-08
2171,1,17,2000-08
2172,414,17,2000-08
2173,607,17,2000-08
2174,57,1001,2000-08
2175,414,1001,2000-08
2176,465,1001,2000-08
2177,469,1001,2000-08
2178,57,1000,2000-08
2179,414,1000,2000-08
2180,465,1000,2000-08
2181,1,9,2000-08
2182,27,9,2000-08
2183,265,9,2000-08
2184,414,9,2000-08
2185,1,10,2000-08
2186,27,10,2000-08
2187,414,10,2000-08
2188,1,8,2000-08
2189,27,8,2000-08
2190,1,6,2000-08
2191,265,6,2000-08
2192,414,6,2000-08
2193,1,21,2000-08
2194,57,21,2000-08
2195,294,21,2000-08
2196,1,25,2000-08
2197,57,25,2000-08
2198,469,25,2000-08
2199,1,19,2000-08
2200,469,19,2000-08
2201,603,19,2000-08
2202,1,12,2000-08
2203,294,12,2000-08
2204,469,12,2000-08
2205,1,29,2000-08
2206,57,29,2000-08
2207,96,29,2000-08
2208,414,29,2000-08
2209,19,274,2000-08
2210,57,274,2000-08
2211,414,274,2000-08
2212,1,27,2000-08
2213,57,27,2000-08
2214,96,27,2000-08
2215,27,472,2000-08
2216,96,472,2000-08
2217,414,472,2000-08
2218,603,1098,2000-08
2219,607,1098,2000-08
2220,96,1190,2000-08
2221,607,1190,2000-08
2222,294,505,2000-08
2223,469,505,2000-08
2224,603,505,2000-08
2225,469,881,2000-08
2226,603,881,2000-08
2227,19,276,2000-08
2228,96,276,2000-08
2229,414,276,2000-08
2230,57,992,2000-08
2231,188,992,2000-08
2232,414,992,2000-08
2233,57,1007,2000-08
2234,465,1007,2000-08
2235,469,1007,2000-08
2236,19,272,2000-08
2237,57,272,2000-08
2238,188,272,2000-08
2239,27,465,2000-08
2240,188,465,2000-08
2241,414,465,2000-08
2242,96,1187,2000-08
2243,414,1187,2000-08
2244,469,1187,2000-08
2245,27,470,2000-08
2246,57,470,2000-08
2247,414,470,2000-08
2248,96,1185,2000-08
2249,414,1185,2000-08
2250,465,1185,2000-08
2251,96,1188,2000-08
2252,465,1188,2000-08
2253,57,997,2000-08
2254,294,997,2000-08
2255,414,997,2000-08
2256,1,34,2000-08
2257,96,34,2000-08
2258,414,34,2000-08
2259,57,993,2000-08
2260,188,993,2000-08
2261,469,993,2000-08
2262,57,991,2000-08
2263,188,991,2000-08
2264,27,467,2000-08
2265,414,467,2000-08
2266,469,467,2000-08
2267,27,471,2000-08
2268,57,471,2000-08
2269,469,471,2000-08
2270,27,469,2000-08
2271,57,469,2000-08
2272,27,468,2000-08
2273,469,468,2000-08
2274,19,273,2000-08
2275,57,273,2000-08
2276,265,273,2000-08
2277,57,994,2000-08
2278,265,994,2000-08
2279,19,271,2000-08
2280,57,271,2000-08
2281,19,269,2000-08
2282,414,269,2000-08
2283,469,269,2000-08
2284,414,748,2000-08
2285,469,748,2000-08
2286,607,748,2000-08
2287,57,999,2000-08
2288,414,999,2000-08
2289,430,999,2000-08
2290,57,1005,2000-08
2291,430,1005,2000-08
2292,414,744,2000-08
2293,430,744,2000-08
2294,1,4,2000-08
2295,19,4,2000-08
2296,414,4,2000-08
2297,57,998,2000-08
2298,294,998,2000-08
2299,469,998,2000-08
2300,57,996,2000-08
2301,294,996,2000-08
2302,188,266,2000-08
2303,465,266,2000-08
2304,188,267,2000-08
2305,607,267,2000-08
2306,4,701,2000-08
2307,603,701,2000-08
2308,4,690,2000-08
2309,265,690,2000-08
2310,294,503,2000-08
2311,414,503,2000-08
2312,57,1013,2000-08
2313,96,1013,2000-08
2314,430,778,2000-08
2315,469,778,2000-08
2316,27,466,2000-08
2317,414,466,2000-08
2318,4,693,2000-08
2319,465,693,2000-08
2320,265,453,2000-08
2321,465,453,2000-08
2322,4,702,2000-08
2323,96,702,2000-08
2324,414,749,2000-08
2325,603,749,2000-08
2326,1,0,2000-08
2327,188,0,2000-08
2328,19,268,2000-08
2329,414,268,2000-08
2330,265,452,2000-08
2331,294,452,2000-08
2332,469,880,2000-08
2333,571,880,2000-08
2334,571,1014,2000-08
2335,607,1014,2000-08
2336,57,1012,2000-08
2337,607,1012,2000-08
2338,96,1189,2000-08
2339,603,1189,2000-08
2340,188,265,2000-08
2341,414,265,2000-08
2342,27,464,2000-08
2343,188,464,2000-08
2344,4,697,2000-08
2345,57,697,2000-08
2346,1,1,2000-08
2347,19,1,2000-08
2348,469,882,2000-08
2349,607,882,2000-08
2350,1,11,2000-08
2351,294,11,2000-08
2352,19,270,2000-08
2353,469,270,2000-08
2354,4,691,2000-08
2355,414,691,2000-08
2356,294,504,2000-08
2357,469,504,2000-08
2358,1,18,2000-08
2359,465,18,2000-08
2360,1,32,2000-08
2361,603,32,2000-08
2362,1,5,2000-08
2363,265,5,2000-08
2364,39,660,2000-11
2365,160,660,2000-11
2366,195,660,2000-11
2367,290,660,2000-11
2368,409,660,2000-11
2369,39,662,2000-11
2370,160,662,2000-11
2371,290,662,2000-11
2372,79,1131,2000-11
2373,160,1131,2000-11
2374,450,1131,2000-11
2375,39,664,2000-11
2376,160,664,2000-11
2377,409,664,2000-11
2378,453,664,2000-11
2379,39,663,2000-11
2380,160,663,2000-11
2381,409,663,2000-11
2382,160,175,2000-11
2383,244,175,2000-11
2384,368,175,2000-11
2385,224,353,2000-11
2386,244,353,2000-11
2387,368,353,2000-11
2388,39,683,2000-11
2389,79,683,2000-11
2390,290,683,2000-11
2391,450,683,2000-11
2392,79,1139,2000-11
2393,368,1139,2000-11
2394,450,1139,2000-11
2395,39,665,2000-11
2396,160,665,2000-11
2397,453,665,2000-11
2398,160,174,2000-11
2399,224,174,2000-11
2400,368,174,2000-11
2401,160,178,2000-11
2402,368,178,2000-11
2403,224,354,2000-11
2404,368,354,2000-11
2405,79,1140,2000-11
2406,450,1140,2000-11
2407,39,670,2000-11
2408,202,670,2000-11
2409,453,670,2000-11
2410,368,618,2000-11
2411,409,618,2000-11
2412,290,500,2000-11
2413,368,500,2000-11
2414,450,500,2000-11
2415,290,501,2000-11
2416,450,501,2000-11
2417,368,619,2000-11
2418,450,619,2000-11
2419,202,329,2000-11
2420,244,329,2000-11
2421,368,329,2000-11
2422,39,673,2000-11
2423,244,673,2000-11
2424,368,673,2000-11
2425,39,676,2000-11
2426,368,676,2000-11
2427,39,681,2000-11
2428,79,681,2000-11
2429,160,681,2000-11
2430,591,681,2000-11
2431,79,1130,2000-11
2432,160,1130,2000-11
2433,39,675,2000-11
2434,290,675,2000-11
2435,409,675,2000-11
2436,39,682,2000-11
2437,79,682,2000-11
2438,290,682,2000-11
2439,39,659,2000-11
2440,160,659,2000-11
2441,195,659,2000-11
2442,160,171,2000-11
2443,195,171,2000-11
2444,202,171,2000-11
2445,160,170,2000-11
2446,195,170,2000-11
2447,39,661,2000-11
2448,160,661,2000-11
2449,202,661,2000-11
2450,39,667,2000-11
2451,195,667,2000-11
2452,202,667,2000-11
2453,244,425,2000-11
2454,450,425,2000-11
2455,160,177,2000-11
2456,290,177,2000-11
2457,409,177,2000-11
2458,160,179,2000-11
2459,409,179,2000-11
2460,79,1133,2000-11
2461,202,1133,2000-11
2462,290,1133,2000-11
2463,195,294,2000-11
2464,290,294,2000-11
2465,453,294,2000-11
2466,244,428,2000-11
2467,591,428,2000-11
2468,244,426,2000-11
2469,453,426,2000-11
2470,79,1137,2000-11
2471,290,1137,2000-11
2472,409,1137,2000-11
2473,160,176,2000-11
2474,290,176,2000-11
2475,195,293,2000-11
2476,290,293,2000-11
2477,409,293,2000-11
2478,244,424,2000-11
2479,409,424,2000-11
2480,244,422,2000-11
2481,290,422,2000-11
2482,195,291,2000-11
2483,244,291,2000-11
2484,79,1135,2000-11
2485,244,1135,2000-11
2486,368,1135,2000-11
2487,79,1138,2000-11
2488,368,1138,2000-11
2489,79,1134,2000-11
2490,244,1134,2000-11
2491,244,423,2000-11
2492,368,423,2000-11
2493,39,679,2000-11
2494,591,679,2000-11
2495,453,822,2000-11
2496,591,822,2000-11
2497,39,668,2000-11
2498,195,668,2000-11
2499,453,668,2000-11
2500,39,666,2000-11
2501,195,666,2000-11
2502,39,657,2000-11
2503,101,657,2000-11
2504,224,352,2000-11
2505,244,352,2000-11
2506,101,39,2000-11
2507,202,39,2000-11
2508,453,39,2000-11
2509,202,331,2000-11
2510,453,331,2000-11
2511,39,671,2000-11
2512,216,671,2000-11
2513,202,328,2000-11
2514,244,328,2000-11
2515,160,173,2000-11
2516,216,173,2000-11
2517,39,672,2000-11
2518,224,672,2000-11
2519,195,295,2000-11
2520,409,295,2000-11
2521,160,172,2000-11
2522,202,172,2000-11
2523,195,292,2000-11
2524,290,292,2000-11
2525,216,344,2000-11
2526,355,344,2000-11
2527,195,296,2000-11
2528,453,296,2000-11
2529,79,1132,2000-11
2530,202,1132,2000-11
2531,453,821,2000-11
2532,546,821,2000-11
2533,290,499,2000-11
2534,368,499,2000-11
2535,202,326,2000-11
2536,216,326,2000-11
2537,216,342,2000-11
2538,244,342,2000-11
2539,195,289,2000-11
2540,202,289,2000-11
2541,244,427,2000-11
2542,474,427,2000-11
2543,39,669,2000-11
2544,202,669,2000-11
2545,450,818,2000-11
2546,546,818,2000-11
2547,202,327,2000-11
2548,224,327,2000-11
2549,101,40,2000-11
2550,409,40,2000-11
2551,39,674,2000-11
2552,290,674,2000-11
2553,39,680,2000-11
2554,79,680,2000-11
2555,39,678,2000-11
2556,453,678,2000-11
2557,224,355,2000-11
2558,409,355,2000-11
2559,216,341,2000-11
2560,224,341,2000-11
2561,216,346,2000-11
2562,450,346,2000-11
2563,79,1136,2000-11
2564,290,1136,2000-11
2565,39,658,2000-11
2566,160,658,2000-11
2567,39,677,2000-11
2568,409,677,2000-11
2569,216,345,2000-11
2570,409,345,2000-11
2571,216,343,2000-11
2572,290,343,2000-11
2573,115,94,2000-11
2574,409,94,2000-11
2575,160,180,2000-11
2576,453,180,2000-11
2577,202,330,2000-11
2578,409,330,2000-11
2579,195,290,2000-11
2580,216,290,2000-11
2581,288,497,2001-02
2582,474,497,2001-02
2583,113,89,2001-02
2584,474,89,2001-02
2585,474,886,2001-02
2586,555,886,2001-02
2587,288,498,2001-02
2588,555,498,2001-02
2589,113,90,2001-02
2590,555,90,2001-02
2591,410,729,2001-05
2592,422,729,2001-05
2593,183,257,2001-08
2594,457,257,2001-08
2595,42,752,2001-08
2596,367,752,2001-08
2597,367,616,2001-08
2598,457,616,2001-08
2599,42,753,2001-08
2600,457,753,2001-08
2601,267,456,2001-08
2602,384,456,2001-08
2603,367,617,2001-08
2604,516,617,2001-08
2605,234,375,2001-11
2606,493,375,2001-11
2607,494,375,2001-11
2608,234,374,2001-11
2609,453,374,2001-11
2610,500,374,2001-11
2611,234,373,2001-11
2612,453,373,2001-11
2613,164,191,2001-11
2614,234,191,2001-11
2615,234,376,2001-11
2616,494,376,2001-11
2617,493,928,2001-11
2618,494,928,2001-11
2619,234,377,2001-11
2620,500,377,2001-11
2621,164,192,2001-11
2622,494,192,2001-11
2623,453,820,2001-11
2624,493,820,2001-11
2625,135,122,2002-02
2626,452,122,2002-02
2627,45,809,2002-02
2628,452,809,2002-02
2629,45,803,2002-02
2630,135,803,2002-02
2631,69,1113,2002-05
2632,452,1113,2002-05
2633,448,799,2002-05
2634,452,799,2002-05
2635,69,1112,2002-05
2636,448,1112,2002-05
2637,45,809,2002-05
2638,452,809,2002-05
2639,391,686,2002-08
2640,532,686,2002-08
2641,391,684,2002-08
2642,392,684,2002-08
2643,313,538,2002-08
2644,532,538,2002-08
2645,313,536,2002-08
2646,391,536,2002-08
2647,313,537,2002-08
2648,414,537,2002-08
2649,198,303,2002-11
2650,391,303,2002-11
2651,527,303,2002-11
2652,45,805,2002-11
2653,186,805,2002-11
2654,186,262,2002-11
2655,527,262,2002-11
2656,531,262,2002-11
2657,186,263,2002-11
2658,531,263,2002-11
2659,186,259,2002-11
2660,198,259,2002-11
2661,527,259,2002-11
2662,198,305,2002-11
2663,527,305,2002-11
2664,531,305,2002-11
2665,527,967,2002-11
2666,531,967,2002-11
2667,186,260,2002-11
2668,391,260,2002-11
2669,391,685,2002-11
2670,527,685,2002-11
2671,527,968,2002-11
2672,558,968,2002-11
2673,198,302,2002-11
2674,391,302,2002-11
2675,186,261,2002-11
2676,527,261,2002-11
2677,198,304,2002-11
2678,527,304,2002-11
2679,186,264,2002-11
2680,558,264,2002-11
2681,95,1183,2003-02
2682,312,1183,2003-02
2683,325,1183,2003-02
2684,9,1168,2003-02
2685,95,1168,2003-02
2686,9,1167,2003-02
2687,414,1167,2003-02
2688,97,1191,2003-02
2689,325,1191,2003-02
2690,108,65,2003-02
2691,312,65,2003-02
2692,95,1184,2003-02
2693,325,1184,2003-02
2694,312,535,2003-02
2695,325,535,2003-02
2696,95,1182,2003-02
2697,312,1182,2003-02
2698,108,66,2003-02
2699,479,66,2003-02
2700,95,1180,2003-02
2701,108,1180,2003-02
2702,20,314,2003-05
2703,104,314,2003-05
2704,104,48,2003-05
2705,275,48,2003-05
2706,275,484,2003-05
2707,303,484,2003-05
2708,275,485,2003-05
2709,427,485,2003-05
2710,95,1181,2003-05
2711,275,1181,2003-05
2712,20,315,2003-05
2713,275,315,2003-05
2714,165,193,2003-05
2715,275,193,2003-05
2716,45,804,2003-08
2717,169,804,2003-08
2718,45,817,2004-08
2719,66,817,2004-08
2720,7,1114,2005-02
2721,594,1114,2005-02
2722,438,782,2005-02
2723,594,782,2005-02
2724,438,781,2005-02
2725,482,781,2005-02
2726,91,1174,2005-05
2727,552,1174,2005-05
2728,66,1110,2005-05
2729,91,1110,2005-05
2730,91,1175,2005-05
2731,608,1175,2005-05
2732,91,1173,2005-05
2733,488,1173,2005-05
2734,488,927,2005-05
2735,552,927,2005-05
2736,221,350,2005-08
2737,286,350,2005-08
2738,336,350,2005-08
2739,221,351,2005-08
2740,336,351,2005-08
2741,64,1109,2006-11
2742,542,1109,2006-11
2743,68,1111,2006-11
2744,513,1111,2006-11
2745,64,1108,2006-11
2746,187,1108,2006-11
2747,381,648,2006-11
2748,542,648,2006-11
2749,64,1107,2006-11
2750,178,1107,2006-11
2751,34,593,2006-11
2752,68,593,2006-11
2753,399,688,2007-02
2754,580,688,2007-02
2755,606,688,2007-02
2756,274,483,2007-02
2757,580,483,2007-02
2758,606,483,2007-02
2759,580,1038,2007-02
2760,606,1038,2007-02
2761,274,482,2007-02
2762,580,482,2007-02
2763,480,899,2007-05
2764,540,899,2007-05
2765,254,444,2007-05
2766,480,444,2007-05
2767,254,445,2007-05
2768,540,445,2007-05
2769,573,1015,2007-08
2770,593,1015,2007-08
2771,219,348,2007-11
2772,278,348,2007-11
2773,166,194,2007-11
2774,219,194,2007-11
2775,74,1128,2008-05
2776,137,1128,2008-05
2777,239,399,2008-11
2778,403,399,2008-11
2779,239,398,2008-11
2780,375,398,2008-11
2781,239,397,2008-11
2782,356,397,2008-11
2783,51,948,2009-02
2784,200,948,2009-02
2785,220,948,2009-02
2786,51,950,2009-02
2787,327,950,2009-02
2788,200,316,2009-02
2789,220,316,2009-02
2790,220,349,2009-02
2791,356,349,2009-02
2792,51,949,2009-02
2793,220,949,2009-02
2794,200,317,2009-02
2795,356,317,2009-02
2796,51,951,2009-02
2797,356,951,2009-02
2798,51,947,2009-02
2799,200,947,2009-02
2800,215,340,2010-02
2801,335,340,2010-02
2802,464,878,2010-08
2803,605,878,2010-08
2804,330,581,2010-11
2805,464,581,2010-11
2806,17,195,2011-05
2807,168,195,2011-05
2808,55,973,2011-08
2809,585,973,2011-08
2810,398,687,2011-08
2811,538,687,2011-08
2812,295,506,2011-11
2813,419,506,2011-11
2814,83,1163,2012-05
2815,88,1163,2012-05
2816,345,598,2012-08
2817,377,598,2012-08
2818,472,885,2012-08
2819,484,885,2012-08
2820,246,430,2012-11
2821,332,430,2012-11
2822,246,431,2012-11
2823,357,431,2012-11
2824,280,490,2012-11
2825,357,490,2012-11
2826,211,338,2012-11
2827,246,338,2012-11
2828,246,429,2012-11
2829,249,429,2012-11
2830,211,339,2012-11
2831,249,339,2012-11
2832,249,433,2012-11
2833,280,433,2012-11
2834,435,780,2013-05
2835,562,780,2013-05
2836,80,1162,2013-08
2837,543,1162,2013-08
2838,282,492,2013-11
2839,348,492,2013-11
2840,415,492,2013-11
2841,282,491,2013-11
2842,348,491,2013-11
2843,282,493,2013-11
2844,415,493,2013-11
2845,348,599,2013-11
2846,415,599,2013-11
2847,203,332,2014-02
2848,528,332,2014-02
2849,407,719,2015-02
2850,533,719,2015-02
2851,344,597,2015-02
2852,533,597,2015-02
2853,300,520,2015-05
2854,497,520,2015-05
2855,317,542,2015-05
2856,497,542,2015-05
2857,231,372,2015-05
2858,393,372,2015-05
2859,300,519,2015-05
2860,317,519,2015-05
2861,103,46,2015-05
2862,317,46,2015-05
2863,103,45,2015-05
2864,300,45,2015-05
2865,317,541,2015-05
2866,393,541,2015-05
2867,103,47,2015-05
2868,393,47,2015-05
2869,177,235,2015-08
2870,439,235,2015-08
2871,119,101,2015-08
2872,439,101,2015-08
2873,509,101,2015-08
2874,177,236,2015-08
2875,466,236,2015-08
2876,119,102,2015-08
2877,466,102,2015-08
2878,177,234,2015-08
2879,341,234,2015-08
2880,119,100,2015-08
2881,177,100,2015-08
2882,63,1103,2015-11
2883,105,1103,2015-11
2884,233,1103,2015-11
2885,256,1103,2015-11
2886,581,1103,2015-11
2887,63,1104,2015-11
2888,105,1104,2015-11
2889,601,1104,2015-11
2890,105,54,2015-11
2891,298,54,2015-11
2892,601,54,2015-11
2893,105,50,2015-11
2894,112,50,2015-11
2895,601,50,2015-11
2896,105,58,2015-11
2897,601,58,2015-11
2898,582,1040,2015-11
2899,601,1040,2015-11
2900,105,56,2015-11
2901,581,56,2015-11
2902,105,49,2015-11
2903,112,49,2015-11
2904,105,57,2015-11
2905,582,57,2015-11
2906,105,53,2015-11
2907,256,53,2015-11
2908,581,1039,2015-11
2909,601,1039,2015-11
2910,105,51,2015-11
2911,227,51,2015-11
2912,63,1106,2015-11
2913,256,1106,2015-11
2914,112,88,2015-11
2915,601,88,2015-11
2916,105,55,2015-11
2917,378,55,2015-11
2918,63,1105,2015-11
2919,112,1105,2015-11
2920,63,1102,2015-11
2921,105,1102,2015-11
2922,105,52,2015-11
2923,241,52,2015-11
2924,441,784,2016-02
2925,445,784,2016-02
2926,511,784,2016-02
2927,445,786,2016-02
2928,511,786,2016-02
2929,10,38,2016-02
2930,511,38,2016-02
2931,441,783,2016-02
2932,445,783,2016-02
2933,152,157,2016-02
2934,445,157,2016-02
2935,152,156,2016-02
2936,285,156,2016-02
2937,441,785,2016-02
2938,511,785,2016-02
2939,291,502,2016-02
2940,426,502,2016-02
2941,305,526,2016-05
2942,319,526,2016-05
2943,495,526,2016-05
2944,549,526,2016-05
2945,73,1126,2016-05
2946,339,1126,2016-05
2947,495,1126,2016-05
2948,122,112,2016-05
2949,418,112,2016-05
2950,495,112,2016-05
2951,41,728,2016-05
2952,73,728,2016-05
2953,305,728,2016-05
2954,41,725,2016-05
2955,305,725,2016-05
2956,495,725,2016-05
2957,196,297,2016-05
2958,305,297,2016-05
2959,319,297,2016-05
2960,495,297,2016-05
2961,305,525,2016-05
2962,319,525,2016-05
2963,495,525,2016-05
2964,196,298,2016-05
2965,305,298,2016-05
2966,495,298,2016-05
2967,73,1124,2016-05
2968,305,1124,2016-05
2969,495,1124,2016-05
2970,41,721,2016-05
2971,122,721,2016-05
2972,305,721,2016-05
2973,305,524,2016-05
2974,319,524,2016-05
2975,339,524,2016-05
2976,122,107,2016-05
2977,305,107,2016-05
2978,418,107,2016-05
2979,41,724,2016-05
2980,305,724,2016-05
2981,339,724,2016-05
2982,41,723,2016-05
2983,305,723,2016-05
2984,339,592,2016-05
2985,549,592,2016-05
2986,305,530,2016-05
2987,534,530,2016-05
2988,73,1123,2016-05
2989,305,1123,2016-05
2990,339,1123,2016-05
2991,73,1120,2016-05
2992,122,1120,2016-05
2993,339,1120,2016-05
2994,73,1125,2016-05
2995,339,1125,2016-05
2996,122,114,2016-05
2997,495,114,2016-05
2998,549,114,2016-05
2999,495,929,2016-05
3000,549,929,2016-05
3001,122,106,2016-05
3002,305,106,2016-05
3003,339,106,2016-05
3004,41,722,2016-05
3005,122,722,2016-05
3006,339,722,2016-05
3007,41,720,2016-05
3008,122,720,2016-05
3009,122,105,2016-05
3010,305,105,2016-05
3011,319,105,2016-05
3012,305,527,2016-05
3013,339,527,2016-05
3014,495,527,2016-05
3015,122,113,2016-05
3016,424,113,2016-05
3017,122,108,2016-05
3018,305,108,2016-05
3019,495,108,2016-05
3020,73,1121,2016-05
3021,122,1121,2016-05
3022,495,1121,2016-05
3023,122,110,2016-05
3024,339,110,2016-05
3025,495,110,2016-05
3026,122,109,2016-05
3027,319,109,2016-05
3028,319,544,2016-05
3029,549,544,2016-05
3030,319,543,2016-05
3031,339,543,2016-05
3032,196,299,2016-05
3033,319,299,2016-05
3034,418,751,2016-05
3035,495,751,2016-05
3036,339,590,2016-05
3037,424,590,2016-05
3038,41,727,2016-05
3039,495,727,2016-05
3040,41,726,2016-05
3041,339,726,2016-05
3042,122,111,2016-05
3043,418,111,2016-05
3044,305,529,2016-05
3045,418,529,2016-05
3046,73,1119,2016-05
3047,122,1119,2016-05
3048,339,591,2016-05
3049,495,591,2016-05
3050,73,1122,2016-05
3051,305,1122,2016-05
3052,305,523,2016-05
3053,319,523,2016-05
3054,73,1127,2016-05
3055,495,1127,2016-05
3056,122,115,2016-05
3057,534,115,2016-05
3058,196,300,2016-05
3059,495,300,2016-05
3060,52,962,2016-08
3061,106,962,2016-08
3062,408,962,2016-08
3063,52,961,2016-08
3064,106,961,2016-08
3065,52,964,2016-08
3066,251,964,2016-08
3067,247,432,2016-08
3068,251,432,2016-08
3069,106,60,2016-08
3070,408,60,2016-08
3071,52,963,2016-08
3072,247,963,2016-08
3073,106,59,2016-08
3074,247,59,2016-08
3075,52,965,2016-08
3076,408,965,2016-08
3077,210,337,2016-11
3078,610,337,2016-11
3079,125,116,2016-11
3080,610,116,2016-11
3081,154,158,2017-02
3082,517,158,2017-02
3083,328,557,2017-05
3084,352,557,2017-05
3085,380,557,2017-05
3086,328,558,2017-05
3087,380,558,2017-05
3088,561,558,2017-05
3089,352,608,2017-05
3090,380,608,2017-05
3091,561,608,2017-05
3092,352,610,2017-05
3093,561,610,2017-05
3094,328,559,2017-05
3095,561,559,2017-05
3096,328,556,2017-05
3097,352,556,2017-05
3098,47,883,2017-05
3099,352,883,2017-05
3100,380,646,2017-05
3101,548,646,2017-05
3102,561,990,2017-05
3103,610,990,2017-05
3104,328,560,2017-05
3105,610,560,2017-05
3106,305,528,2017-05
3107,380,528,2017-05
3108,352,611,2017-05
3109,610,611,2017-05
3110,352,609,2017-05
3111,550,609,2017-05
3112,380,647,2017-05
3113,550,647,2017-05
3114,400,715,2017-08
3115,523,715,2017-08
3116,30,513,2017-08
3117,400,513,2017-08
3118,475,513,2017-08
3119,599,513,2017-08
3120,30,514,2017-08
3121,443,514,2017-08
3122,475,514,2017-08
3123,523,514,2017-08
3124,30,515,2017-08
3125,443,515,2017-08
3126,523,515,2017-08
3127,30,512,2017-08
3128,400,512,2017-08
3129,475,512,2017-08
3130,30,517,2017-08
3131,475,517,2017-08
3132,523,517,2017-08
3133,30,518,2017-08
3134,523,518,2017-08
3135,400,714,2017-08
3136,443,714,2017-08
3137,30,516,2017-08
3138,475,516,2017-08
3139,400,716,2017-08
3140,599,716,2017-08
3141,523,966,2017-08
3142,599,966,2017-08
3143,475,887,2017-08
3144,523,887,2017-08
3145,30,511,2017-08
3146,400,511,2017-08
3147,15,155,2017-11
3148,279,155,2017-11
3149,515,959,2018-02
3150,519,959,2018-02
3151,111,87,2018-02
3152,515,87,2018-02
3153,141,135,2018-02
3154,382,135,2018-02
3155,515,135,2018-02
3156,382,650,2018-02
3157,599,650,2018-02
3158,515,960,2018-02
3159,601,960,2018-02
3160,141,136,2018-02
3161,601,136,2018-02
3162,382,649,2018-02
3163,515,649,2018-02
3164,111,86,2018-02
3165,141,86,2018-02
3166,62,1101,2018-05
3167,601,1101,2018-05
3168,62,1099,2018-05
3169,209,1099,2018-05
3170,62,1100,2018-05
3171,459,1100,2018-05
3172,258,448,2018-08
3173,417,448,2018-08
3174,586,448,2018-08
3175,25,439,2018-08
3176,77,439,2018-08
3177,362,439,2018-08
3178,417,439,2018-08
3179,586,439,2018-08
3180,25,440,2018-08
3181,77,440,2018-08
3182,417,440,2018-08
3183,586,440,2018-08
3184,25,442,2018-08
3185,77,442,2018-08
3186,586,442,2018-08
3187,25,441,2018-08
3188,77,441,2018-08
3189,514,441,2018-08
3190,338,589,2018-08
3191,417,589,2018-08
3192,296,509,2018-08
3193,417,509,2018-08
3194,586,509,2018-08
3195,417,750,2018-08
3196,586,750,2018-08
3197,258,446,2018-08
3198,296,446,2018-08
3199,417,446,2018-08
3200,296,508,2018-08
3201,417,508,2018-08
3202,25,434,2018-08
3203,258,434,2018-08
3204,586,434,2018-08
3205,258,449,2018-08
3206,586,449,2018-08
3207,25,437,2018-08
3208,586,437,2018-08
3209,296,510,2018-08
3210,586,510,2018-08
3211,77,1129,2018-08
3212,514,1129,2018-08
3213,514,958,2018-08
3214,586,958,2018-08
3215,296,507,2018-08
3216,362,507,2018-08
3217,362,615,2018-08
3218,417,615,2018-08
3219,258,447,2018-08
3220,417,447,2018-08
3221,25,438,2018-08
3222,77,438,2018-08
3223,25,436,2018-08
3224,417,436,2018-08
3225,98,1192,2018-08
3226,417,1192,2018-08
3227,556,976,2018-08
3228,586,976,2018-08
3229,25,443,2018-08
3230,98,443,2018-08
3231,98,1193,2018-08
3232,586,1193,2018-08
3233,586,1043,2018-08
3234,596,1043,2018-08
3235,25,435,2018-08
3236,338,435,2018-08
3237,184,258,2018-11
3238,331,258,2018-11
