,user_id,group_id,period
0,107,75,1996-05
1,536,75,1996-05
2,40,907,1996-05
3,99,907,1996-05
4,107,907,1996-05
5,107,72,1996-05
6,130,72,1996-05
7,40,909,1996-05
8,99,909,1996-05
9,353,909,1996-05
10,35,790,1996-05
11,107,790,1996-05
12,429,790,1996-05
13,468,790,1996-05
14,107,73,1996-05
15,134,73,1996-05
16,35,791,1996-05
17,40,791,1996-05
18,107,791,1996-05
19,107,74,1996-05
20,136,74,1996-05
21,40,902,1996-05
22,107,902,1996-05
23,35,789,1996-05
24,107,789,1996-05
25,136,186,1996-05
26,284,186,1996-05
27,40,903,1996-05
28,191,903,1996-05
29,353,903,1996-05
30,40,908,1996-05
31,99,908,1996-05
32,191,908,1996-05
33,353,801,1996-05
34,444,801,1996-05
35,604,801,1996-05
36,191,369,1996-05
37,284,369,1996-05
38,353,369,1996-05
39,40,905,1996-05
40,353,905,1996-05
41,40,904,1996-05
42,191,904,1996-05
43,444,904,1996-05
44,35,793,1996-05
45,429,793,1996-05
46,536,793,1996-05
47,40,906,1996-05
48,536,906,1996-05
49,99,1471,1996-05
50,191,1471,1996-05
51,353,1471,1996-05
52,99,1469,1996-05
53,136,1469,1996-05
54,353,1469,1996-05
55,35,794,1996-05
56,99,794,1996-05
57,429,794,1996-05
58,99,1473,1996-05
59,284,1473,1996-05
60,353,1473,1996-05
61,284,654,1996-05
62,353,654,1996-05
63,99,1474,1996-05
64,536,1474,1996-05
65,136,189,1996-05
66,536,189,1996-05
67,99,1468,1996-05
68,136,1468,1996-05
69,353,800,1996-05
70,444,800,1996-05
71,353,799,1996-05
72,436,799,1996-05
73,99,1472,1996-05
74,284,1472,1996-05
75,134,185,1996-05
76,429,185,1996-05
77,468,185,1996-05
78,429,965,1996-05
79,468,965,1996-05
80,99,1470,1996-05
81,191,1470,1996-05
82,35,792,1996-05
83,429,792,1996-05
84,136,187,1996-05
85,429,187,1996-05
86,99,1467,1996-05
87,130,1467,1996-05
88,191,371,1996-05
89,444,371,1996-05
90,191,370,1996-05
91,353,370,1996-05
92,284,656,1996-05
93,536,656,1996-05
94,136,188,1996-05
95,468,188,1996-05
96,284,655,1996-05
97,429,655,1996-05
98,109,79,1996-08
99,162,79,1996-08
100,179,79,1996-08
101,455,79,1996-08
102,476,79,1996-08
103,486,79,1996-08
104,498,79,1996-08
105,512,79,1996-08
106,38,834,1996-08
107,109,834,1996-08
108,176,834,1996-08
109,179,834,1996-08
110,229,834,1996-08
111,447,834,1996-08
112,486,834,1996-08
113,498,834,1996-08
114,512,834,1996-08
115,574,834,1996-08
116,588,834,1996-08
117,602,834,1996-08
118,109,85,1996-08
119,179,85,1996-08
120,486,85,1996-08
121,498,85,1996-08
122,512,85,1996-08
123,541,85,1996-08
124,584,85,1996-08
125,592,85,1996-08
126,109,84,1996-08
127,179,84,1996-08
128,486,84,1996-08
129,498,84,1996-08
130,512,84,1996-08
131,176,292,1996-08
132,455,292,1996-08
133,512,292,1996-08
134,574,292,1996-08
135,588,292,1996-08
136,602,292,1996-08
137,56,1191,1996-08
138,235,1191,1996-08
139,349,1191,1996-08
140,411,1191,1996-08
141,455,1191,1996-08
142,485,1191,1996-08
143,512,1191,1996-08
144,592,1191,1996-08
145,46,1046,1996-08
146,176,1046,1996-08
147,512,1046,1996-08
148,574,1046,1996-08
149,588,1046,1996-08
150,592,1046,1996-08
151,602,1046,1996-08
152,176,294,1996-08
153,512,294,1996-08
154,574,294,1996-08
155,588,294,1996-08
156,602,294,1996-08
157,38,835,1996-08
158,176,835,1996-08
159,229,835,1996-08
160,476,835,1996-08
161,486,835,1996-08
162,498,835,1996-08
163,512,835,1996-08
164,588,835,1996-08
165,602,835,1996-08
166,476,1098,1996-08
167,486,1098,1996-08
168,498,1098,1996-08
169,512,1098,1996-08
170,541,1098,1996-08
171,592,1098,1996-08
172,476,1097,1996-08
173,486,1097,1996-08
174,498,1097,1996-08
175,512,1097,1996-08
176,38,841,1996-08
177,46,841,1996-08
178,176,841,1996-08
179,229,841,1996-08
180,486,841,1996-08
181,498,841,1996-08
182,512,841,1996-08
183,541,841,1996-08
184,588,841,1996-08
185,592,841,1996-08
186,602,841,1996-08
187,38,836,1996-08
188,176,836,1996-08
189,229,836,1996-08
190,486,836,1996-08
191,498,836,1996-08
192,512,836,1996-08
193,588,836,1996-08
194,602,836,1996-08
195,486,1121,1996-08
196,498,1121,1996-08
197,512,1121,1996-08
198,541,1121,1996-08
199,592,1121,1996-08
200,486,1120,1996-08
201,498,1120,1996-08
202,512,1120,1996-08
203,46,1044,1996-08
204,176,1044,1996-08
205,242,1044,1996-08
206,512,1044,1996-08
207,588,1044,1996-08
208,592,1044,1996-08
209,602,1044,1996-08
210,46,1047,1996-08
211,176,1047,1996-08
212,512,1047,1996-08
213,588,1047,1996-08
214,592,1047,1996-08
215,602,1047,1996-08
216,176,296,1996-08
217,512,296,1996-08
218,588,296,1996-08
219,602,296,1996-08
220,512,1165,1996-08
221,592,1165,1996-08
222,229,487,1996-08
223,385,487,1996-08
224,486,487,1996-08
225,498,487,1996-08
226,192,372,1996-08
227,235,372,1996-08
228,411,372,1996-08
229,485,372,1996-08
230,486,372,1996-08
231,498,372,1996-08
232,584,372,1996-08
233,592,372,1996-08
234,229,492,1996-08
235,486,492,1996-08
236,498,492,1996-08
237,584,492,1996-08
238,592,492,1996-08
239,486,1124,1996-08
240,498,1124,1996-08
241,584,1124,1996-08
242,592,1124,1996-08
243,142,201,1996-08
244,235,201,1996-08
245,411,201,1996-08
246,485,201,1996-08
247,592,201,1996-08
248,235,514,1996-08
249,411,514,1996-08
250,485,514,1996-08
251,592,514,1996-08
252,229,493,1996-08
253,486,493,1996-08
254,498,493,1996-08
255,592,493,1996-08
256,229,491,1996-08
257,486,491,1996-08
258,498,491,1996-08
259,486,1125,1996-08
260,498,1125,1996-08
261,592,1125,1996-08
262,102,37,1996-08
263,109,37,1996-08
264,411,37,1996-08
265,486,37,1996-08
266,512,37,1996-08
267,109,86,1996-08
268,229,86,1996-08
269,447,86,1996-08
270,486,86,1996-08
271,512,86,1996-08
272,588,86,1996-08
273,602,86,1996-08
274,109,91,1996-08
275,486,91,1996-08
276,512,91,1996-08
277,142,202,1996-08
278,242,202,1996-08
279,411,202,1996-08
280,512,202,1996-08
281,588,202,1996-08
282,602,202,1996-08
283,229,484,1996-08
284,242,484,1996-08
285,486,484,1996-08
286,512,484,1996-08
287,588,484,1996-08
288,602,484,1996-08
289,229,494,1996-08
290,486,494,1996-08
291,512,494,1996-08
292,588,494,1996-08
293,602,494,1996-08
294,242,550,1996-08
295,512,550,1996-08
296,588,550,1996-08
297,602,550,1996-08
298,142,198,1996-08
299,229,198,1996-08
300,411,198,1996-08
301,486,198,1996-08
302,8,1410,1996-08
303,38,1410,1996-08
304,162,1410,1996-08
305,314,1410,1996-08
306,455,1410,1996-08
307,512,1410,1996-08
308,602,1410,1996-08
309,162,249,1996-08
310,235,249,1996-08
311,411,249,1996-08
312,444,249,1996-08
313,455,249,1996-08
314,512,249,1996-08
315,162,253,1996-08
316,455,253,1996-08
317,512,253,1996-08
318,142,200,1996-08
319,235,200,1996-08
320,411,200,1996-08
321,455,200,1996-08
322,512,200,1996-08
323,602,200,1996-08
324,455,1033,1996-08
325,512,1033,1996-08
326,602,1033,1996-08
327,235,513,1996-08
328,411,513,1996-08
329,455,513,1996-08
330,512,513,1996-08
331,455,1032,1996-08
332,512,1032,1996-08
333,142,199,1996-08
334,235,199,1996-08
335,411,199,1996-08
336,142,204,1996-08
337,411,204,1996-08
338,512,204,1996-08
339,602,204,1996-08
340,411,942,1996-08
341,512,942,1996-08
342,142,203,1996-08
343,411,203,1996-08
344,176,279,1996-08
345,179,279,1996-08
346,229,279,1996-08
347,314,279,1996-08
348,385,279,1996-08
349,476,279,1996-08
350,486,279,1996-08
351,602,279,1996-08
352,179,320,1996-08
353,476,320,1996-08
354,486,320,1996-08
355,584,320,1996-08
356,592,320,1996-08
357,179,319,1996-08
358,476,319,1996-08
359,486,319,1996-08
360,176,280,1996-08
361,179,280,1996-08
362,229,280,1996-08
363,486,280,1996-08
364,584,280,1996-08
365,592,280,1996-08
366,602,280,1996-08
367,176,281,1996-08
368,179,281,1996-08
369,229,281,1996-08
370,486,281,1996-08
371,602,281,1996-08
372,179,326,1996-08
373,486,326,1996-08
374,584,326,1996-08
375,592,326,1996-08
376,176,290,1996-08
377,273,290,1996-08
378,592,290,1996-08
379,602,290,1996-08
380,176,283,1996-08
381,229,283,1996-08
382,476,283,1996-08
383,486,283,1996-08
384,592,283,1996-08
385,602,283,1996-08
386,176,284,1996-08
387,229,284,1996-08
388,476,284,1996-08
389,486,284,1996-08
390,602,284,1996-08
391,476,1099,1996-08
392,486,1099,1996-08
393,592,1099,1996-08
394,476,1096,1996-08
395,486,1096,1996-08
396,176,285,1996-08
397,229,285,1996-08
398,486,285,1996-08
399,592,285,1996-08
400,602,285,1996-08
401,176,286,1996-08
402,229,286,1996-08
403,486,286,1996-08
404,602,286,1996-08
405,176,301,1996-08
406,592,301,1996-08
407,602,301,1996-08
408,229,488,1996-08
409,385,488,1996-08
410,486,488,1996-08
411,584,488,1996-08
412,592,488,1996-08
413,229,486,1996-08
414,385,486,1996-08
415,486,486,1996-08
416,229,495,1996-08
417,486,495,1996-08
418,584,495,1996-08
419,592,495,1996-08
420,229,496,1996-08
421,486,496,1996-08
422,592,496,1996-08
423,229,497,1996-08
424,486,497,1996-08
425,602,497,1996-08
426,314,709,1996-08
427,602,709,1996-08
428,56,1188,1996-08
429,102,1188,1996-08
430,512,1188,1996-08
431,584,1188,1996-08
432,14,190,1996-08
433,176,190,1996-08
434,512,190,1996-08
435,574,190,1996-08
436,584,190,1996-08
437,602,190,1996-08
438,56,1189,1996-08
439,176,1189,1996-08
440,242,1189,1996-08
441,512,1189,1996-08
442,574,1189,1996-08
443,602,1189,1996-08
444,56,1196,1996-08
445,512,1196,1996-08
446,176,295,1996-08
447,512,295,1996-08
448,574,295,1996-08
449,602,295,1996-08
450,176,287,1996-08
451,242,287,1996-08
452,512,287,1996-08
453,602,287,1996-08
454,176,297,1996-08
455,512,297,1996-08
456,602,297,1996-08
457,102,38,1996-08
458,242,38,1996-08
459,512,38,1996-08
460,602,38,1996-08
461,102,39,1996-08
462,512,39,1996-08
463,242,551,1996-08
464,512,551,1996-08
465,602,551,1996-08
466,176,300,1996-08
467,584,300,1996-08
468,602,300,1996-08
469,8,1411,1996-08
470,38,1411,1996-08
471,512,1411,1996-08
472,588,1411,1996-08
473,602,1411,1996-08
474,38,842,1996-08
475,46,842,1996-08
476,394,842,1996-08
477,512,842,1996-08
478,541,842,1996-08
479,588,842,1996-08
480,602,842,1996-08
481,46,1042,1996-08
482,142,1042,1996-08
483,512,1042,1996-08
484,588,1042,1996-08
485,602,1042,1996-08
486,38,843,1996-08
487,46,843,1996-08
488,512,843,1996-08
489,541,843,1996-08
490,588,843,1996-08
491,602,843,1996-08
492,38,844,1996-08
493,512,844,1996-08
494,588,844,1996-08
495,602,844,1996-08
496,512,1162,1996-08
497,541,1162,1996-08
498,46,1077,1996-08
499,512,1077,1996-08
500,588,1077,1996-08
501,602,1077,1996-08
502,142,211,1996-08
503,512,211,1996-08
504,588,211,1996-08
505,602,211,1996-08
506,8,1409,1996-08
507,38,1409,1996-08
508,142,1409,1996-08
509,512,1409,1996-08
510,602,1409,1996-08
511,8,1412,1996-08
512,38,1412,1996-08
513,512,1412,1996-08
514,602,1412,1996-08
515,38,845,1996-08
516,512,845,1996-08
517,602,845,1996-08
518,142,212,1996-08
519,512,212,1996-08
520,602,212,1996-08
521,447,1000,1996-08
522,476,1000,1996-08
523,498,1000,1996-08
524,574,1000,1996-08
525,588,1000,1996-08
526,46,1064,1996-08
527,447,1064,1996-08
528,498,1064,1996-08
529,574,1064,1996-08
530,588,1064,1996-08
531,592,1064,1996-08
532,447,1003,1996-08
533,498,1003,1996-08
534,574,1003,1996-08
535,588,1003,1996-08
536,46,1041,1996-08
537,142,1041,1996-08
538,273,1041,1996-08
539,574,1041,1996-08
540,588,1041,1996-08
541,592,1041,1996-08
542,46,1081,1996-08
543,574,1081,1996-08
544,588,1081,1996-08
545,592,1081,1996-08
546,574,1223,1996-08
547,588,1223,1996-08
548,46,1066,1996-08
549,476,1066,1996-08
550,498,1066,1996-08
551,588,1066,1996-08
552,592,1066,1996-08
553,476,1101,1996-08
554,498,1101,1996-08
555,588,1101,1996-08
556,476,1102,1996-08
557,498,1102,1996-08
558,592,1102,1996-08
559,476,1100,1996-08
560,498,1100,1996-08
561,46,1075,1996-08
562,498,1075,1996-08
563,588,1075,1996-08
564,592,1075,1996-08
565,498,1150,1996-08
566,588,1150,1996-08
567,46,1084,1996-08
568,588,1084,1996-08
569,592,1084,1996-08
570,142,210,1996-08
571,498,210,1996-08
572,592,210,1996-08
573,142,215,1996-08
574,592,215,1996-08
575,142,205,1996-08
576,447,205,1996-08
577,588,205,1996-08
578,447,1006,1996-08
579,588,1006,1996-08
580,46,1043,1996-08
581,142,1043,1996-08
582,588,1043,1996-08
583,46,1083,1996-08
584,588,1083,1996-08
585,142,214,1996-08
586,588,214,1996-08
587,179,321,1996-08
588,485,321,1996-08
589,486,321,1996-08
590,498,321,1996-08
591,541,321,1996-08
592,584,321,1996-08
593,179,324,1996-08
594,486,324,1996-08
595,498,324,1996-08
596,541,324,1996-08
597,584,324,1996-08
598,179,323,1996-08
599,486,323,1996-08
600,498,323,1996-08
601,142,207,1996-08
602,485,207,1996-08
603,486,207,1996-08
604,498,207,1996-08
605,584,207,1996-08
606,485,1112,1996-08
607,486,1112,1996-08
608,498,1112,1996-08
609,584,1112,1996-08
610,486,1123,1996-08
611,498,1123,1996-08
612,584,1123,1996-08
613,142,206,1996-08
614,485,206,1996-08
615,142,208,1996-08
616,486,208,1996-08
617,179,325,1996-08
618,486,325,1996-08
619,584,325,1996-08
620,179,322,1996-08
621,486,322,1996-08
622,142,213,1996-08
623,541,213,1996-08
624,142,209,1996-08
625,498,209,1996-08
626,8,1421,1996-08
627,498,1421,1996-08
628,56,1192,1996-08
629,235,1192,1996-08
630,498,1192,1996-08
631,584,1192,1996-08
632,592,1192,1996-08
633,46,1074,1996-08
634,498,1074,1996-08
635,584,1074,1996-08
636,592,1074,1996-08
637,46,1080,1996-08
638,56,1080,1996-08
639,235,1080,1996-08
640,273,1080,1996-08
641,592,1080,1996-08
642,56,1193,1996-08
643,235,1193,1996-08
644,592,1193,1996-08
645,235,519,1996-08
646,498,519,1996-08
647,584,519,1996-08
648,592,519,1996-08
649,498,1149,1996-08
650,584,1149,1996-08
651,592,1149,1996-08
652,8,1406,1996-08
653,235,1406,1996-08
654,46,1057,1996-08
655,273,1057,1996-08
656,498,1057,1996-08
657,592,1057,1996-08
658,192,373,1996-08
659,349,373,1996-08
660,485,373,1996-08
661,498,373,1996-08
662,541,373,1996-08
663,584,373,1996-08
664,349,787,1996-08
665,485,787,1996-08
666,192,375,1996-08
667,485,375,1996-08
668,498,375,1996-08
669,584,375,1996-08
670,485,1113,1996-08
671,498,1113,1996-08
672,541,1113,1996-08
673,584,1113,1996-08
674,498,1147,1996-08
675,541,1147,1996-08
676,584,1147,1996-08
677,485,1114,1996-08
678,498,1114,1996-08
679,584,1114,1996-08
680,8,1404,1996-08
681,176,1404,1996-08
682,46,1048,1996-08
683,176,1048,1996-08
684,584,1048,1996-08
685,592,1048,1996-08
686,46,1045,1996-08
687,176,1045,1996-08
688,485,1045,1996-08
689,592,1045,1996-08
690,46,1049,1996-08
691,176,1049,1996-08
692,592,1049,1996-08
693,192,377,1996-08
694,485,377,1996-08
695,584,377,1996-08
696,592,377,1996-08
697,485,1119,1996-08
698,592,1119,1996-08
699,176,299,1996-08
700,584,299,1996-08
701,592,299,1996-08
702,8,1418,1996-08
703,46,1418,1996-08
704,584,1418,1996-08
705,592,1418,1996-08
706,56,1190,1996-08
707,192,1190,1996-08
708,411,1190,1996-08
709,486,1190,1996-08
710,541,1190,1996-08
711,584,1190,1996-08
712,592,1190,1996-08
713,486,1127,1996-08
714,541,1127,1996-08
715,584,1127,1996-08
716,592,1127,1996-08
717,56,1194,1996-08
718,411,1194,1996-08
719,592,1194,1996-08
720,486,1128,1996-08
721,541,1128,1996-08
722,592,1128,1996-08
723,192,374,1996-08
724,411,374,1996-08
725,486,374,1996-08
726,584,374,1996-08
727,592,374,1996-08
728,486,1129,1996-08
729,584,1129,1996-08
730,592,1129,1996-08
731,486,1126,1996-08
732,541,1126,1996-08
733,584,1126,1996-08
734,56,1199,1996-08
735,584,1199,1996-08
736,592,1199,1996-08
737,56,1200,1996-08
738,592,1200,1996-08
739,56,1198,1996-08
740,584,1198,1996-08
741,192,378,1996-08
742,541,378,1996-08
743,584,378,1996-08
744,192,379,1996-08
745,584,379,1996-08
746,592,379,1996-08
747,8,1419,1996-08
748,476,1419,1996-08
749,411,934,1996-08
750,476,934,1996-08
751,485,934,1996-08
752,541,934,1996-08
753,584,934,1996-08
754,46,1079,1996-08
755,541,1079,1996-08
756,584,1079,1996-08
757,46,1061,1996-08
758,411,1061,1996-08
759,485,1061,1996-08
760,46,1067,1996-08
761,476,1067,1996-08
762,541,1067,1996-08
763,411,936,1996-08
764,485,936,1996-08
765,584,936,1996-08
766,411,935,1996-08
767,485,935,1996-08
768,8,1413,1996-08
769,411,1413,1996-08
770,8,1416,1996-08
771,46,1416,1996-08
772,541,1416,1996-08
773,46,1078,1996-08
774,541,1078,1996-08
775,485,1118,1996-08
776,541,1118,1996-08
777,584,1118,1996-08
778,8,1415,1996-08
779,46,1415,1996-08
780,485,1415,1996-08
781,584,1415,1996-08
782,8,1417,1996-08
783,46,1417,1996-08
784,584,1417,1996-08
785,8,1414,1996-08
786,46,1414,1996-08
787,8,1403,1996-08
788,170,1403,1996-08
789,179,1403,1996-08
790,229,1403,1996-08
791,179,314,1996-08
792,229,314,1996-08
793,109,80,1996-08
794,162,80,1996-08
795,235,80,1996-08
796,411,80,1996-08
797,498,80,1996-08
798,109,81,1996-08
799,162,81,1996-08
800,498,81,1996-08
801,109,92,1996-08
802,498,92,1996-08
803,235,515,1996-08
804,411,515,1996-08
805,498,515,1996-08
806,162,248,1996-08
807,235,248,1996-08
808,411,248,1996-08
809,235,512,1996-08
810,411,512,1996-08
811,235,518,1996-08
812,498,518,1996-08
813,179,315,1996-08
814,235,315,1996-08
815,349,315,1996-08
816,584,315,1996-08
817,235,511,1996-08
818,349,511,1996-08
819,179,316,1996-08
820,243,316,1996-08
821,584,316,1996-08
822,349,788,1996-08
823,584,788,1996-08
824,179,318,1996-08
825,349,318,1996-08
826,507,318,1996-08
827,179,317,1996-08
828,349,317,1996-08
829,235,509,1996-08
830,243,509,1996-08
831,235,516,1996-08
832,476,516,1996-08
833,584,516,1996-08
834,592,516,1996-08
835,273,628,1996-08
836,476,628,1996-08
837,584,628,1996-08
838,592,628,1996-08
839,476,1105,1996-08
840,584,1105,1996-08
841,592,1105,1996-08
842,46,1056,1996-08
843,273,1056,1996-08
844,476,1056,1996-08
845,592,1056,1996-08
846,46,1069,1996-08
847,476,1069,1996-08
848,592,1069,1996-08
849,273,629,1996-08
850,476,629,1996-08
851,592,629,1996-08
852,476,1106,1996-08
853,592,1106,1996-08
854,46,1052,1996-08
855,235,1052,1996-08
856,273,1052,1996-08
857,584,1052,1996-08
858,592,1052,1996-08
859,46,1053,1996-08
860,235,1053,1996-08
861,273,1053,1996-08
862,592,1053,1996-08
863,235,521,1996-08
864,584,521,1996-08
865,592,521,1996-08
866,273,632,1996-08
867,584,632,1996-08
868,592,632,1996-08
869,46,1059,1996-08
870,273,1059,1996-08
871,592,1059,1996-08
872,273,634,1996-08
873,592,634,1996-08
874,46,1082,1996-08
875,584,1082,1996-08
876,592,1082,1996-08
877,46,1068,1996-08
878,476,1068,1996-08
879,584,1068,1996-08
880,46,1065,1996-08
881,476,1065,1996-08
882,235,520,1996-08
883,584,520,1996-08
884,411,939,1996-08
885,486,939,1996-08
886,498,939,1996-08
887,541,939,1996-08
888,411,938,1996-08
889,486,938,1996-08
890,498,938,1996-08
891,243,556,1996-08
892,486,556,1996-08
893,498,556,1996-08
894,541,556,1996-08
895,486,1122,1996-08
896,498,1122,1996-08
897,541,1122,1996-08
898,411,940,1996-08
899,486,940,1996-08
900,541,940,1996-08
901,411,937,1996-08
902,486,937,1996-08
903,243,553,1996-08
904,411,553,1996-08
905,498,553,1996-08
906,411,941,1996-08
907,498,941,1996-08
908,243,558,1996-08
909,498,558,1996-08
910,46,1051,1996-08
911,229,1051,1996-08
912,584,1051,1996-08
913,46,1055,1996-08
914,273,1055,1996-08
915,411,1055,1996-08
916,46,1050,1996-08
917,229,1050,1996-08
918,229,490,1996-08
919,411,490,1996-08
920,584,490,1996-08
921,229,489,1996-08
922,411,489,1996-08
923,229,485,1996-08
924,273,485,1996-08
925,584,485,1996-08
926,229,498,1996-08
927,584,498,1996-08
928,46,1062,1996-08
929,411,1062,1996-08
930,584,1062,1996-08
931,46,1060,1996-08
932,411,1060,1996-08
933,46,1058,1996-08
934,273,1058,1996-08
935,584,1058,1996-08
936,273,631,1996-08
937,584,631,1996-08
938,46,1054,1996-08
939,273,1054,1996-08
940,485,1116,1996-08
941,512,1116,1996-08
942,584,1116,1996-08
943,485,1117,1996-08
944,512,1117,1996-08
945,602,1117,1996-08
946,485,1115,1996-08
947,512,1115,1996-08
948,512,1164,1996-08
949,584,1164,1996-08
950,602,1164,1996-08
951,512,1163,1996-08
952,584,1163,1996-08
953,243,554,1996-08
954,485,554,1996-08
955,584,554,1996-08
956,176,282,1996-08
957,192,282,1996-08
958,584,282,1996-08
959,176,298,1996-08
960,584,298,1996-08
961,242,548,1996-08
962,273,548,1996-08
963,512,548,1996-08
964,242,549,1996-08
965,486,549,1996-08
966,512,549,1996-08
967,8,1405,1996-08
968,192,1405,1996-08
969,485,1405,1996-08
970,584,1405,1996-08
971,192,376,1996-08
972,485,376,1996-08
973,584,376,1996-08
974,8,1420,1996-08
975,485,1420,1996-08
976,584,1420,1996-08
977,8,1423,1996-08
978,584,1423,1996-08
979,102,40,1996-08
980,588,40,1996-08
981,38,846,1996-08
982,588,846,1996-08
983,273,633,1996-08
984,588,633,1996-08
985,14,191,1996-08
986,46,191,1996-08
987,447,191,1996-08
988,486,191,1996-08
989,46,1072,1996-08
990,486,1072,1996-08
991,46,1063,1996-08
992,447,1063,1996-08
993,447,1001,1996-08
994,486,1001,1996-08
995,584,1001,1996-08
996,602,1001,1996-08
997,447,1002,1996-08
998,486,1002,1996-08
999,602,1002,1996-08
1000,486,1130,1996-08
1001,584,1130,1996-08
1002,602,1130,1996-08
1003,584,1245,1996-08
1004,602,1245,1996-08
1005,162,252,1996-08
1006,411,252,1996-08
1007,541,252,1996-08
1008,584,252,1996-08
1009,411,944,1996-08
1010,541,944,1996-08
1011,584,944,1996-08
1012,162,251,1996-08
1013,411,251,1996-08
1014,411,943,1996-08
1015,541,943,1996-08
1016,109,89,1996-08
1017,411,89,1996-08
1018,592,89,1996-08
1019,109,83,1996-08
1020,176,83,1996-08
1021,592,83,1996-08
1022,109,82,1996-08
1023,176,82,1996-08
1024,109,94,1996-08
1025,592,94,1996-08
1026,176,291,1996-08
1027,411,291,1996-08
1028,592,291,1996-08
1029,411,945,1996-08
1030,592,945,1996-08
1031,109,88,1996-08
1032,411,88,1996-08
1033,109,78,1996-08
1034,162,78,1996-08
1035,498,1148,1996-08
1036,574,1148,1996-08
1037,56,1195,1996-08
1038,498,1195,1996-08
1039,38,839,1996-08
1040,385,839,1996-08
1041,385,858,1996-08
1042,411,858,1996-08
1043,38,840,1996-08
1044,411,840,1996-08
1045,8,1422,1996-08
1046,512,1422,1996-08
1047,162,255,1996-08
1048,476,255,1996-08
1049,584,255,1996-08
1050,162,254,1996-08
1051,476,254,1996-08
1052,476,1104,1996-08
1053,584,1104,1996-08
1054,162,256,1996-08
1055,584,256,1996-08
1056,109,90,1996-08
1057,447,90,1996-08
1058,512,90,1996-08
1059,109,93,1996-08
1060,512,93,1996-08
1061,46,1071,1996-08
1062,485,1071,1996-08
1063,584,1071,1996-08
1064,46,1070,1996-08
1065,485,1070,1996-08
1066,235,508,1996-08
1067,242,508,1996-08
1068,602,508,1996-08
1069,235,522,1996-08
1070,602,522,1996-08
1071,242,552,1996-08
1072,602,552,1996-08
1073,176,289,1996-08
1074,273,289,1996-08
1075,486,289,1996-08
1076,273,630,1996-08
1077,486,630,1996-08
1078,385,860,1996-08
1079,602,860,1996-08
1080,46,1076,1996-08
1081,498,1076,1996-08
1082,592,1076,1996-08
1083,8,1408,1996-08
1084,38,1408,1996-08
1085,8,1407,1996-08
1086,273,1407,1996-08
1087,447,1004,1996-08
1088,541,1004,1996-08
1089,447,999,1996-08
1090,476,999,1996-08
1091,476,1103,1996-08
1092,541,1103,1996-08
1093,46,1073,1996-08
1094,498,1073,1996-08
1095,584,1073,1996-08
1096,273,626,1996-08
1097,314,626,1996-08
1098,38,837,1996-08
1099,273,837,1996-08
1100,541,1180,1996-08
1101,584,1180,1996-08
1102,592,1180,1996-08
1103,541,1181,1996-08
1104,592,1181,1996-08
1105,447,998,1996-08
1106,455,998,1996-08
1107,455,1034,1996-08
1108,584,1034,1996-08
1109,447,1005,1996-08
1110,584,1005,1996-08
1111,162,257,1996-08
1112,602,257,1996-08
1113,176,293,1996-08
1114,486,293,1996-08
1115,592,293,1996-08
1116,243,557,1996-08
1117,486,557,1996-08
1118,584,557,1996-08
1119,235,517,1996-08
1120,486,517,1996-08
1121,592,517,1996-08
1122,486,1131,1996-08
1123,588,1131,1996-08
1124,38,838,1996-08
1125,314,838,1996-08
1126,14,193,1996-08
1127,602,193,1996-08
1128,273,627,1996-08
1129,385,627,1996-08
1130,109,87,1996-08
1131,235,87,1996-08
1132,243,555,1996-08
1133,486,555,1996-08
1134,235,510,1996-08
1135,273,510,1996-08
1136,14,192,1996-08
1137,584,192,1996-08
1138,56,1197,1996-08
1139,574,1197,1996-08
1140,176,288,1996-08
1141,273,288,1996-08
1142,162,250,1996-08
1143,262,250,1996-08
1144,6,1261,1996-11
1145,240,1261,1996-11
1146,379,1261,1996-11
1147,458,1261,1996-11
1148,470,1261,1996-11
1149,566,1261,1996-11
1150,6,1296,1996-11
1151,58,1296,1996-11
1152,94,1296,1996-11
1153,117,1296,1996-11
1154,340,1296,1996-11
1155,566,1296,1996-11
1156,6,1285,1996-11
1157,566,1285,1996-11
1158,6,1293,1996-11
1159,58,1293,1996-11
1160,340,1293,1996-11
1161,379,1293,1996-11
1162,458,1293,1996-11
1163,6,1277,1996-11
1164,43,1277,1996-11
1165,379,1277,1996-11
1166,458,1277,1996-11
1167,530,1277,1996-11
1168,6,1271,1996-11
1169,379,1271,1996-11
1170,458,1271,1996-11
1171,6,1287,1996-11
1172,58,1287,1996-11
1173,126,1287,1996-11
1174,340,1287,1996-11
1175,58,1226,1996-11
1176,117,1226,1996-11
1177,470,1226,1996-11
1178,566,1226,1996-11
1179,173,269,1996-11
1180,470,269,1996-11
1181,566,269,1996-11
1182,470,1091,1996-11
1183,566,1091,1996-11
1184,58,1225,1996-11
1185,117,1225,1996-11
1186,373,1225,1996-11
1187,566,1225,1996-11
1188,58,1227,1996-11
1189,117,1227,1996-11
1190,566,1227,1996-11
1191,58,1237,1996-11
1192,374,1237,1996-11
1193,5,1157,1996-11
1194,58,1157,1996-11
1195,373,1157,1996-11
1196,565,1157,1996-11
1197,6,1267,1996-11
1198,340,1267,1996-11
1199,458,1267,1996-11
1200,470,1267,1996-11
1201,6,1268,1996-11
1202,340,1268,1996-11
1203,559,1268,1996-11
1204,6,1258,1996-11
1205,174,1258,1996-11
1206,340,1258,1996-11
1207,458,1258,1996-11
1208,6,1266,1996-11
1209,340,1266,1996-11
1210,458,1266,1996-11
1211,6,1275,1996-11
1212,43,1275,1996-11
1213,181,1275,1996-11
1214,458,1275,1996-11
1215,470,1275,1996-11
1216,530,1275,1996-11
1217,6,1274,1996-11
1218,43,1274,1996-11
1219,174,1274,1996-11
1220,458,1274,1996-11
1221,530,1274,1996-11
1222,6,1279,1996-11
1223,43,1279,1996-11
1224,458,1279,1996-11
1225,530,1279,1996-11
1226,6,1256,1996-11
1227,174,1256,1996-11
1228,181,1256,1996-11
1229,458,1256,1996-11
1230,470,1256,1996-11
1231,6,1260,1996-11
1232,181,1260,1996-11
1233,458,1260,1996-11
1234,470,1260,1996-11
1235,6,1282,1996-11
1236,458,1282,1996-11
1237,470,1282,1996-11
1238,6,1259,1996-11
1239,174,1259,1996-11
1240,458,1259,1996-11
1241,43,971,1996-11
1242,181,971,1996-11
1243,240,971,1996-11
1244,379,971,1996-11
1245,240,540,1996-11
1246,379,540,1996-11
1247,181,347,1996-11
1248,559,347,1996-11
1249,43,970,1996-11
1250,181,970,1996-11
1251,43,968,1996-11
1252,174,968,1996-11
1253,340,968,1996-11
1254,379,968,1996-11
1255,458,968,1996-11
1256,340,777,1996-11
1257,379,777,1996-11
1258,458,777,1996-11
1259,43,978,1996-11
1260,379,978,1996-11
1261,458,978,1996-11
1262,379,833,1996-11
1263,458,833,1996-11
1264,174,276,1996-11
1265,340,276,1996-11
1266,458,276,1996-11
1267,340,778,1996-11
1268,458,778,1996-11
1269,43,969,1996-11
1270,174,969,1996-11
1271,458,969,1996-11
1272,43,977,1996-11
1273,379,977,1996-11
1274,6,1291,1996-11
1275,58,1291,1996-11
1276,240,1291,1996-11
1277,458,1291,1996-11
1278,6,1262,1996-11
1279,240,1262,1996-11
1280,458,1262,1996-11
1281,6,1288,1996-11
1282,58,1288,1996-11
1283,126,1288,1996-11
1284,458,1288,1996-11
1285,6,1286,1996-11
1286,58,1286,1996-11
1287,126,1286,1996-11
1288,58,1241,1996-11
1289,569,1241,1996-11
1290,181,346,1996-11
1291,458,346,1996-11
1292,530,346,1996-11
1293,566,346,1996-11
1294,458,1038,1996-11
1295,566,1038,1996-11
1296,126,176,1996-11
1297,566,176,1996-11
1298,126,173,1996-11
1299,174,173,1996-11
1300,458,173,1996-11
1301,530,173,1996-11
1302,174,272,1996-11
1303,181,272,1996-11
1304,458,272,1996-11
1305,530,272,1996-11
1306,181,345,1996-11
1307,458,345,1996-11
1308,530,345,1996-11
1309,174,277,1996-11
1310,458,277,1996-11
1311,530,277,1996-11
1312,458,1037,1996-11
1313,530,1037,1996-11
1314,174,271,1996-11
1315,181,271,1996-11
1316,458,271,1996-11
1317,181,344,1996-11
1318,458,344,1996-11
1319,6,1265,1996-11
1320,340,1265,1996-11
1321,379,1265,1996-11
1322,530,1265,1996-11
1323,6,1264,1996-11
1324,340,1264,1996-11
1325,379,1264,1996-11
1326,6,1272,1996-11
1327,379,1272,1996-11
1328,530,1272,1996-11
1329,6,1270,1996-11
1330,379,1270,1996-11
1331,5,1155,1996-11
1332,565,1155,1996-11
1333,6,1284,1996-11
1334,530,1284,1996-11
1335,340,776,1996-11
1336,379,776,1996-11
1337,6,1290,1996-11
1338,58,1290,1996-11
1339,240,1290,1996-11
1340,340,1290,1996-11
1341,6,1292,1996-11
1342,58,1292,1996-11
1343,340,1292,1996-11
1344,6,1254,1996-11
1345,126,1254,1996-11
1346,373,1254,1996-11
1347,6,1273,1996-11
1348,43,1273,1996-11
1349,126,1273,1996-11
1350,458,1273,1996-11
1351,6,1255,1996-11
1352,126,1255,1996-11
1353,458,1255,1996-11
1354,6,1253,1996-11
1355,126,1253,1996-11
1356,126,175,1996-11
1357,458,175,1996-11
1358,6,1281,1996-11
1359,43,1281,1996-11
1360,58,1281,1996-11
1361,458,1281,1996-11
1362,6,1295,1996-11
1363,58,1295,1996-11
1364,458,1295,1996-11
1365,6,1278,1996-11
1366,43,1278,1996-11
1367,458,1278,1996-11
1368,58,1242,1996-11
1369,94,1242,1996-11
1370,58,1235,1996-11
1371,373,1235,1996-11
1372,565,1235,1996-11
1373,566,1235,1996-11
1374,58,1236,1996-11
1375,373,1236,1996-11
1376,566,1236,1996-11
1377,58,1240,1996-11
1378,566,1240,1996-11
1379,58,1234,1996-11
1380,373,1234,1996-11
1381,565,1234,1996-11
1382,58,1239,1996-11
1383,565,1239,1996-11
1384,43,973,1996-11
1385,321,973,1996-11
1386,458,973,1996-11
1387,458,1039,1996-11
1388,569,1039,1996-11
1389,37,821,1996-11
1390,569,821,1996-11
1391,37,820,1996-11
1392,43,820,1996-11
1393,240,544,1996-11
1394,569,544,1996-11
1395,240,543,1996-11
1396,566,543,1996-11
1397,43,972,1996-11
1398,240,972,1996-11
1399,458,972,1996-11
1400,470,972,1996-11
1401,240,542,1996-11
1402,458,542,1996-11
1403,470,542,1996-11
1404,43,980,1996-11
1405,458,980,1996-11
1406,470,980,1996-11
1407,458,1036,1996-11
1408,470,1036,1996-11
1409,6,1294,1996-11
1410,58,1294,1996-11
1411,373,1294,1996-11
1412,374,827,1996-11
1413,470,827,1996-11
1414,321,727,1996-11
1415,470,727,1996-11
1416,58,1233,1996-11
1417,373,1233,1996-11
1418,559,1233,1996-11
1419,446,996,1996-11
1420,470,996,1996-11
1421,43,979,1996-11
1422,446,979,1996-11
1423,43,981,1996-11
1424,470,981,1996-11
1425,117,131,1996-11
1426,373,131,1996-11
1427,446,131,1996-11
1428,117,130,1996-11
1429,373,130,1996-11
1430,37,819,1996-11
1431,373,819,1996-11
1432,5,1154,1996-11
1433,43,1154,1996-11
1434,58,1154,1996-11
1435,5,1156,1996-11
1436,58,1156,1996-11
1437,373,1156,1996-11
1438,6,1263,1996-11
1439,240,1263,1996-11
1440,501,1263,1996-11
1441,240,538,1996-11
1442,340,538,1996-11
1443,374,538,1996-11
1444,240,537,1996-11
1445,340,537,1996-11
1446,240,539,1996-11
1447,347,539,1996-11
1448,6,1283,1996-11
1449,501,1283,1996-11
1450,5,1159,1996-11
1451,6,1159,1996-11
1452,43,1159,1996-11
1453,5,1158,1996-11
1454,6,1158,1996-11
1455,6,1252,1996-11
1456,121,1252,1996-11
1457,373,1252,1996-11
1458,6,1269,1996-11
1459,373,1269,1996-11
1460,174,273,1996-11
1461,181,273,1996-11
1462,566,273,1996-11
1463,181,348,1996-11
1464,566,348,1996-11
1465,174,270,1996-11
1466,181,270,1996-11
1467,174,278,1996-11
1468,566,278,1996-11
1469,58,1229,1996-11
1470,126,1229,1996-11
1471,373,1229,1996-11
1472,58,1228,1996-11
1473,126,1228,1996-11
1474,126,174,1996-11
1475,373,174,1996-11
1476,373,825,1996-11
1477,559,825,1996-11
1478,566,825,1996-11
1479,373,826,1996-11
1480,566,826,1996-11
1481,373,824,1996-11
1482,559,824,1996-11
1483,43,984,1996-11
1484,569,984,1996-11
1485,6,1289,1996-11
1486,58,1289,1996-11
1487,240,1289,1996-11
1488,37,818,1996-11
1489,240,818,1996-11
1490,37,817,1996-11
1491,174,817,1996-11
1492,6,1276,1996-11
1493,43,1276,1996-11
1494,240,1276,1996-11
1495,58,1232,1996-11
1496,373,1232,1996-11
1497,446,1232,1996-11
1498,373,823,1996-11
1499,446,823,1996-11
1500,58,1231,1996-11
1501,174,1231,1996-11
1502,458,1231,1996-11
1503,6,1257,1996-11
1504,174,1257,1996-11
1505,240,1257,1996-11
1506,174,274,1996-11
1507,240,274,1996-11
1508,6,1280,1996-11
1509,43,1280,1996-11
1510,58,1280,1996-11
1511,43,967,1996-11
1512,174,967,1996-11
1513,340,967,1996-11
1514,174,275,1996-11
1515,340,275,1996-11
1516,43,974,1996-11
1517,340,974,1996-11
1518,5,1153,1996-11
1519,43,1153,1996-11
1520,373,1153,1996-11
1521,43,975,1996-11
1522,373,975,1996-11
1523,5,1151,1996-11
1524,373,1151,1996-11
1525,5,1152,1996-11
1526,43,1152,1996-11
1527,43,985,1996-11
1528,58,985,1996-11
1529,174,985,1996-11
1530,58,1230,1996-11
1531,174,1230,1996-11
1532,43,986,1996-11
1533,58,986,1996-11
1534,240,986,1996-11
1535,446,997,1996-11
1536,566,997,1996-11
1537,240,541,1996-11
1538,458,541,1996-11
1539,37,822,1996-11
1540,58,822,1996-11
1541,43,983,1996-11
1542,566,983,1996-11
1543,240,536,1996-11
1544,321,536,1996-11
1545,43,966,1996-11
1546,126,966,1996-11
1547,43,976,1996-11
1548,374,976,1996-11
1549,58,1238,1996-11
1550,559,1238,1996-11
1551,43,982,1996-11
1552,559,982,1996-11
1553,206,425,1997-02
1554,269,425,1997-02
1555,451,425,1997-02
1556,90,1438,1997-02
1557,206,1438,1997-02
1558,302,1438,1997-02
1559,451,1438,1997-02
1560,521,1438,1997-02
1561,90,1437,1997-02
1562,206,1437,1997-02
1563,302,1437,1997-02
1564,451,1437,1997-02
1565,206,427,1997-02
1566,451,427,1997-02
1567,32,723,1997-02
1568,529,723,1997-02
1569,32,725,1997-02
1570,90,725,1997-02
1571,206,725,1997-02
1572,302,725,1997-02
1573,32,726,1997-02
1574,90,726,1997-02
1575,302,726,1997-02
1576,90,1436,1997-02
1577,206,1436,1997-02
1578,302,1436,1997-02
1579,90,1439,1997-02
1580,302,1439,1997-02
1581,302,689,1997-02
1582,589,689,1997-02
1583,451,1028,1997-02
1584,589,1028,1997-02
1585,32,721,1997-02
1586,451,721,1997-02
1587,32,720,1997-02
1588,402,720,1997-02
1589,589,720,1997-02
1590,206,428,1997-02
1591,589,428,1997-02
1592,402,912,1997-02
1593,524,912,1997-02
1594,31,705,1997-02
1595,456,705,1997-02
1596,456,1035,1997-02
1597,529,1035,1997-02
1598,179,327,1997-02
1599,544,327,1997-02
1600,589,327,1997-02
1601,32,719,1997-02
1602,402,719,1997-02
1603,31,704,1997-02
1604,402,704,1997-02
1605,32,718,1997-02
1606,302,718,1997-02
1607,524,718,1997-02
1608,32,717,1997-02
1609,302,717,1997-02
1610,32,722,1997-02
1611,524,722,1997-02
1612,302,688,1997-02
1613,524,688,1997-02
1614,32,724,1997-02
1615,589,724,1997-02
1616,402,913,1997-02
1617,589,913,1997-02
1618,206,426,1997-02
1619,270,426,1997-02
1620,31,706,1997-02
1621,524,706,1997-02
1622,31,703,1997-02
1623,32,703,1997-02
1624,276,643,1997-05
1625,337,643,1997-05
1626,389,643,1997-05
1627,559,643,1997-05
1628,337,762,1997-05
1629,389,762,1997-05
1630,437,762,1997-05
1631,559,762,1997-05
1632,337,764,1997-05
1633,389,764,1997-05
1634,559,764,1997-05
1635,71,1365,1997-05
1636,337,1365,1997-05
1637,389,1365,1997-05
1638,337,761,1997-05
1639,389,761,1997-05
1640,437,761,1997-05
1641,120,138,1997-05
1642,276,138,1997-05
1643,337,138,1997-05
1644,437,138,1997-05
1645,71,1367,1997-05
1646,389,1367,1997-05
1647,559,1367,1997-05
1648,389,862,1997-05
1649,559,862,1997-05
1650,71,1366,1997-05
1651,389,1366,1997-05
1652,337,765,1997-05
1653,437,765,1997-05
1654,120,139,1997-05
1655,437,139,1997-05
1656,337,763,1997-05
1657,389,763,1997-05
1658,492,763,1997-05
1659,276,644,1997-05
1660,389,644,1997-05
1661,84,1428,1997-05
1662,276,1428,1997-05
1663,276,642,1997-05
1664,337,642,1997-05
1665,71,1364,1997-05
1666,337,1364,1997-05
1667,389,861,1997-05
1668,492,861,1997-05
1669,276,645,1997-05
1670,492,645,1997-05
1671,385,859,1997-05
1672,437,859,1997-05
1673,171,268,1997-08
1674,364,268,1997-08
1675,85,1429,1998-05
1676,304,1429,1998-05
1677,11,96,1998-08
1678,283,96,1998-08
1679,11,95,1998-08
1680,128,95,1998-08
1681,199,401,1999-11
1682,412,401,1999-11
1683,597,401,1999-11
1684,33,744,1999-11
1685,199,744,1999-11
1686,263,744,1999-11
1687,33,754,1999-11
1688,93,754,1999-11
1689,140,754,1999-11
1690,199,397,1999-11
1691,201,397,1999-11
1692,597,397,1999-11
1693,33,755,1999-11
1694,93,755,1999-11
1695,199,755,1999-11
1696,33,757,1999-11
1697,93,757,1999-11
1698,201,757,1999-11
1699,597,757,1999-11
1700,33,756,1999-11
1701,93,756,1999-11
1702,201,756,1999-11
1703,201,410,1999-11
1704,268,410,1999-11
1705,412,410,1999-11
1706,597,410,1999-11
1707,236,524,1999-11
1708,412,524,1999-11
1709,597,524,1999-11
1710,412,946,1999-11
1711,595,946,1999-11
1712,597,946,1999-11
1713,33,749,1999-11
1714,263,749,1999-11
1715,597,749,1999-11
1716,33,758,1999-11
1717,93,758,1999-11
1718,263,758,1999-11
1719,33,748,1999-11
1720,263,748,1999-11
1721,201,416,1999-11
1722,535,416,1999-11
1723,597,416,1999-11
1724,201,413,1999-11
1725,383,413,1999-11
1726,597,413,1999-11
1727,33,759,1999-11
1728,93,759,1999-11
1729,597,759,1999-11
1730,33,742,1999-11
1731,156,742,1999-11
1732,156,230,1999-11
1733,412,230,1999-11
1734,597,230,1999-11
1735,33,745,1999-11
1736,199,745,1999-11
1737,597,745,1999-11
1738,33,743,1999-11
1739,199,743,1999-11
1740,156,227,1999-11
1741,199,227,1999-11
1742,412,227,1999-11
1743,199,400,1999-11
1744,412,400,1999-11
1745,201,411,1999-11
1746,268,411,1999-11
1747,597,411,1999-11
1748,199,399,1999-11
1749,268,399,1999-11
1750,597,399,1999-11
1751,33,746,1999-11
1752,201,746,1999-11
1753,597,746,1999-11
1754,268,614,1999-11
1755,412,614,1999-11
1756,597,614,1999-11
1757,268,613,1999-11
1758,412,613,1999-11
1759,140,195,1999-11
1760,412,195,1999-11
1761,597,195,1999-11
1762,201,415,1999-11
1763,412,415,1999-11
1764,597,415,1999-11
1765,201,414,1999-11
1766,412,414,1999-11
1767,199,398,1999-11
1768,236,398,1999-11
1769,597,398,1999-11
1770,268,616,1999-11
1771,547,616,1999-11
1772,597,616,1999-11
1773,33,751,1999-11
1774,268,751,1999-11
1775,597,751,1999-11
1776,268,617,1999-11
1777,595,617,1999-11
1778,597,617,1999-11
1779,595,1251,1999-11
1780,597,1251,1999-11
1781,156,228,1999-11
1782,199,228,1999-11
1783,597,228,1999-11
1784,156,234,1999-11
1785,597,234,1999-11
1786,33,747,1999-11
1787,208,747,1999-11
1788,33,750,1999-11
1789,268,750,1999-11
1790,201,409,1999-11
1791,236,409,1999-11
1792,597,409,1999-11
1793,263,605,1999-11
1794,412,605,1999-11
1795,199,396,1999-11
1796,201,396,1999-11
1797,33,753,1999-11
1798,595,753,1999-11
1799,199,402,1999-11
1800,547,402,1999-11
1801,93,1447,1999-11
1802,140,1447,1999-11
1803,156,226,1999-11
1804,199,226,1999-11
1805,263,606,1999-11
1806,597,606,1999-11
1807,383,857,1999-11
1808,597,857,1999-11
1809,315,710,1999-11
1810,597,710,1999-11
1811,140,194,1999-11
1812,199,194,1999-11
1813,268,615,1999-11
1814,547,615,1999-11
1815,33,752,1999-11
1816,412,752,1999-11
1817,156,229,1999-11
1818,268,229,1999-11
1819,156,232,1999-11
1820,547,232,1999-11
1821,201,412,1999-11
1822,383,412,1999-11
1823,535,1179,1999-11
1824,597,1179,1999-11
1825,236,523,1999-11
1826,412,523,1999-11
1827,156,233,2000-02
1828,554,233,2000-02
1829,572,233,2000-02
1830,577,233,2000-02
1831,45,1022,2000-02
1832,554,1022,2000-02
1833,572,1022,2000-02
1834,577,1022,2000-02
1835,45,1009,2000-02
1836,115,1009,2000-02
1837,554,1009,2000-02
1838,572,1009,2000-02
1839,45,1023,2000-02
1840,572,1023,2000-02
1841,577,1023,2000-02
1842,4,896,2000-02
1843,554,896,2000-02
1844,572,896,2000-02
1845,577,896,2000-02
1846,45,1010,2000-02
1847,118,1010,2000-02
1848,554,1010,2000-02
1849,45,1017,2000-02
1850,266,1017,2000-02
1851,554,1017,2000-02
1852,554,1186,2000-02
1853,572,1186,2000-02
1854,577,1186,2000-02
1855,45,1021,2000-02
1856,554,1021,2000-02
1857,572,1021,2000-02
1858,4,898,2000-02
1859,572,898,2000-02
1860,577,898,2000-02
1861,45,1008,2000-02
1862,115,1008,2000-02
1863,45,1024,2000-02
1864,577,1024,2000-02
1865,115,129,2000-02
1866,577,129,2000-02
1867,45,1015,2000-02
1868,197,1015,2000-02
1869,4,899,2000-02
1870,577,899,2000-02
1871,197,392,2000-02
1872,266,392,2000-02
1873,115,125,2000-02
1874,266,125,2000-02
1875,4,895,2000-02
1876,554,895,2000-02
1877,118,132,2000-02
1878,572,132,2000-02
1879,4,892,2000-02
1880,45,892,2000-02
1881,4,890,2000-02
1882,156,890,2000-02
1883,267,612,2000-05
1884,587,612,2000-05
1885,587,1246,2000-05
1886,603,1246,2000-05
1887,579,1224,2000-05
1888,587,1224,2000-05
1889,59,1248,2000-05
1890,267,1248,2000-05
1891,59,1247,2000-05
1892,217,1247,2000-05
1893,217,451,2000-05
1894,267,451,2000-05
1895,115,126,2000-05
1896,267,126,2000-05
1897,59,1249,2000-05
1898,579,1249,2000-05
1899,115,124,2000-05
1900,217,124,2000-05
1901,59,1250,2000-05
1902,587,1250,2000-05
1903,267,611,2000-05
1904,579,611,2000-05
1905,45,1025,2000-05
1906,603,1025,2000-05
1907,156,235,2000-05
1908,603,235,2000-05
1909,1,2,2000-08
1910,19,2,2000-08
1911,27,2,2000-08
1912,57,2,2000-08
1913,414,2,2000-08
1914,1,11,2000-08
1915,4,11,2000-08
1916,57,11,2000-08
1917,414,11,2000-08
1918,469,11,2000-08
1919,1,22,2000-08
1920,57,22,2000-08
1921,96,22,2000-08
1922,265,22,2000-08
1923,414,22,2000-08
1924,4,894,2000-08
1925,465,894,2000-08
1926,603,894,2000-08
1927,1,23,2000-08
1928,57,23,2000-08
1929,96,23,2000-08
1930,414,23,2000-08
1931,469,23,2000-08
1932,57,1206,2000-08
1933,265,1206,2000-08
1934,603,1206,2000-08
1935,607,1206,2000-08
1936,1,16,2000-08
1937,57,16,2000-08
1938,265,16,2000-08
1939,414,16,2000-08
1940,1,13,2000-08
1941,414,13,2000-08
1942,603,13,2000-08
1943,1,24,2000-08
1944,57,24,2000-08
1945,96,24,2000-08
1946,465,24,2000-08
1947,19,367,2000-08
1948,57,367,2000-08
1949,469,367,2000-08
1950,1,18,2000-08
1951,57,18,2000-08
1952,414,18,2000-08
1953,430,18,2000-08
1954,469,18,2000-08
1955,1,26,2000-08
1956,96,26,2000-08
1957,414,26,2000-08
1958,465,26,2000-08
1959,469,26,2000-08
1960,1,27,2000-08
1961,96,27,2000-08
1962,414,27,2000-08
1963,469,27,2000-08
1964,1,12,2000-08
1965,414,12,2000-08
1966,465,12,2000-08
1967,469,12,2000-08
1968,1,28,2000-08
1969,96,28,2000-08
1970,465,28,2000-08
1971,1,10,2000-08
1972,4,10,2000-08
1973,414,10,2000-08
1974,469,10,2000-08
1975,57,1216,2000-08
1976,465,1216,2000-08
1977,603,1216,2000-08
1978,607,1216,2000-08
1979,414,949,2000-08
1980,465,949,2000-08
1981,603,949,2000-08
1982,465,1086,2000-08
1983,603,1086,2000-08
1984,57,1212,2000-08
1985,414,1212,2000-08
1986,603,1212,2000-08
1987,607,1212,2000-08
1988,57,1219,2000-08
1989,603,1219,2000-08
1990,607,1219,2000-08
1991,57,1215,2000-08
1992,430,1215,2000-08
1993,469,1215,2000-08
1994,57,1217,2000-08
1995,465,1217,2000-08
1996,607,1217,2000-08
1997,414,948,2000-08
1998,430,948,2000-08
1999,469,948,2000-08
2000,430,988,2000-08
2001,469,988,2000-08
2002,607,988,2000-08
2003,1,20,2000-08
2004,57,20,2000-08
2005,414,20,2000-08
2006,607,20,2000-08
2007,1,21,2000-08
2008,57,21,2000-08
2009,607,21,2000-08
2010,57,1213,2000-08
2011,414,1213,2000-08
2012,607,1213,2000-08
2013,1,25,2000-08
2014,603,25,2000-08
2015,607,25,2000-08
2016,1,1,2000-08
2017,19,1,2000-08
2018,27,1,2000-08
2019,1,19,2000-08
2020,57,19,2000-08
2021,414,19,2000-08
2022,469,19,2000-08
2023,414,950,2000-08
2024,469,950,2000-08
2025,603,950,2000-08
2026,57,1211,2000-08
2027,414,1211,2000-08
2028,603,1211,2000-08
2029,57,1218,2000-08
2030,603,1218,2000-08
2031,115,128,2000-08
2032,465,128,2000-08
2033,96,1456,2000-08
2034,414,1456,2000-08
2035,465,1456,2000-08
2036,469,1456,2000-08
2037,1,4,2000-08
2038,265,4,2000-08
2039,414,4,2000-08
2040,607,4,2000-08
2041,265,609,2000-08
2042,607,609,2000-08
2043,1,14,2000-08
2044,414,14,2000-08
2045,607,14,2000-08
2046,1,6,2000-08
2047,27,6,2000-08
2048,265,6,2000-08
2049,414,6,2000-08
2050,1,7,2000-08
2051,27,7,2000-08
2052,414,7,2000-08
2053,1,5,2000-08
2054,27,5,2000-08
2055,1,17,2000-08
2056,57,17,2000-08
2057,294,17,2000-08
2058,1,15,2000-08
2059,469,15,2000-08
2060,603,15,2000-08
2061,1,9,2000-08
2062,294,9,2000-08
2063,469,9,2000-08
2064,19,366,2000-08
2065,57,366,2000-08
2066,414,366,2000-08
2067,27,625,2000-08
2068,96,625,2000-08
2069,414,625,2000-08
2070,603,1297,2000-08
2071,607,1297,2000-08
2072,96,1459,2000-08
2073,607,1459,2000-08
2074,294,668,2000-08
2075,469,668,2000-08
2076,603,668,2000-08
2077,469,1088,2000-08
2078,603,1088,2000-08
2079,19,368,2000-08
2080,96,368,2000-08
2081,414,368,2000-08
2082,57,1203,2000-08
2083,188,1203,2000-08
2084,414,1203,2000-08
2085,19,364,2000-08
2086,57,364,2000-08
2087,188,364,2000-08
2088,27,619,2000-08
2089,188,619,2000-08
2090,414,619,2000-08
2091,27,623,2000-08
2092,57,623,2000-08
2093,414,623,2000-08
2094,96,1455,2000-08
2095,414,1455,2000-08
2096,465,1455,2000-08
2097,96,1457,2000-08
2098,465,1457,2000-08
2099,57,1208,2000-08
2100,294,1208,2000-08
2101,414,1208,2000-08
2102,57,1204,2000-08
2103,188,1204,2000-08
2104,469,1204,2000-08
2105,57,1202,2000-08
2106,188,1202,2000-08
2107,27,620,2000-08
2108,414,620,2000-08
2109,469,620,2000-08
2110,27,624,2000-08
2111,57,624,2000-08
2112,469,624,2000-08
2113,27,622,2000-08
2114,57,622,2000-08
2115,27,621,2000-08
2116,469,621,2000-08
2117,19,365,2000-08
2118,57,365,2000-08
2119,265,365,2000-08
2120,57,1205,2000-08
2121,265,1205,2000-08
2122,19,363,2000-08
2123,414,363,2000-08
2124,469,363,2000-08
2125,414,951,2000-08
2126,469,951,2000-08
2127,607,951,2000-08
2128,57,1210,2000-08
2129,414,1210,2000-08
2130,430,1210,2000-08
2131,57,1214,2000-08
2132,430,1214,2000-08
2133,414,947,2000-08
2134,430,947,2000-08
2135,1,3,2000-08
2136,19,3,2000-08
2137,414,3,2000-08
2138,57,1209,2000-08
2139,294,1209,2000-08
2140,469,1209,2000-08
2141,57,1207,2000-08
2142,294,1207,2000-08
2143,188,361,2000-08
2144,465,361,2000-08
2145,188,362,2000-08
2146,607,362,2000-08
2147,4,900,2000-08
2148,603,900,2000-08
2149,4,891,2000-08
2150,265,891,2000-08
2151,430,987,2000-08
2152,469,987,2000-08
2153,4,893,2000-08
2154,465,893,2000-08
2155,265,608,2000-08
2156,465,608,2000-08
2157,4,901,2000-08
2158,96,901,2000-08
2159,414,953,2000-08
2160,603,953,2000-08
2161,1,0,2000-08
2162,188,0,2000-08
2163,265,607,2000-08
2164,294,607,2000-08
2165,469,1087,2000-08
2166,571,1087,2000-08
2167,571,1221,2000-08
2168,607,1221,2000-08
2169,96,1458,2000-08
2170,603,1458,2000-08
2171,188,360,2000-08
2172,414,360,2000-08
2173,27,618,2000-08
2174,188,618,2000-08
2175,4,897,2000-08
2176,57,897,2000-08
2177,1,8,2000-08
2178,294,8,2000-08
2179,39,865,2000-11
2180,160,865,2000-11
2181,195,865,2000-11
2182,290,865,2000-11
2183,409,865,2000-11
2184,39,867,2000-11
2185,160,867,2000-11
2186,290,867,2000-11
2187,79,1395,2000-11
2188,160,1395,2000-11
2189,450,1395,2000-11
2190,39,869,2000-11
2191,160,869,2000-11
2192,409,869,2000-11
2193,453,869,2000-11
2194,39,868,2000-11
2195,160,868,2000-11
2196,409,868,2000-11
2197,160,243,2000-11
2198,244,243,2000-11
2199,368,243,2000-11
2200,224,471,2000-11
2201,244,471,2000-11
2202,368,471,2000-11
2203,39,882,2000-11
2204,79,882,2000-11
2205,290,882,2000-11
2206,450,882,2000-11
2207,79,1401,2000-11
2208,368,1401,2000-11
2209,450,1401,2000-11
2210,39,870,2000-11
2211,160,870,2000-11
2212,453,870,2000-11
2213,160,242,2000-11
2214,224,242,2000-11
2215,368,242,2000-11
2216,160,245,2000-11
2217,368,245,2000-11
2218,224,472,2000-11
2219,368,472,2000-11
2220,79,1402,2000-11
2221,450,1402,2000-11
2222,39,873,2000-11
2223,202,873,2000-11
2224,453,873,2000-11
2225,368,815,2000-11
2226,409,815,2000-11
2227,290,665,2000-11
2228,368,665,2000-11
2229,450,665,2000-11
2230,290,666,2000-11
2231,450,666,2000-11
2232,368,816,2000-11
2233,450,816,2000-11
2234,202,419,2000-11
2235,244,419,2000-11
2236,368,419,2000-11
2237,39,876,2000-11
2238,244,876,2000-11
2239,368,876,2000-11
2240,39,878,2000-11
2241,368,878,2000-11
2242,39,880,2000-11
2243,79,880,2000-11
2244,160,880,2000-11
2245,591,880,2000-11
2246,79,1394,2000-11
2247,160,1394,2000-11
2248,39,877,2000-11
2249,290,877,2000-11
2250,409,877,2000-11
2251,39,881,2000-11
2252,79,881,2000-11
2253,290,881,2000-11
2254,39,864,2000-11
2255,160,864,2000-11
2256,195,864,2000-11
2257,160,239,2000-11
2258,195,239,2000-11
2259,202,239,2000-11
2260,160,238,2000-11
2261,195,238,2000-11
2262,39,866,2000-11
2263,160,866,2000-11
2264,202,866,2000-11
2265,39,871,2000-11
2266,195,871,2000-11
2267,202,871,2000-11
2268,244,561,2000-11
2269,450,561,2000-11
2270,160,244,2000-11
2271,290,244,2000-11
2272,409,244,2000-11
2273,160,246,2000-11
2274,409,246,2000-11
2275,79,1396,2000-11
2276,202,1396,2000-11
2277,290,1396,2000-11
2278,195,385,2000-11
2279,290,385,2000-11
2280,453,385,2000-11
2281,244,564,2000-11
2282,591,564,2000-11
2283,244,562,2000-11
2284,453,562,2000-11
2285,79,1399,2000-11
2286,290,1399,2000-11
2287,409,1399,2000-11
2288,195,384,2000-11
2289,290,384,2000-11
2290,409,384,2000-11
2291,244,560,2000-11
2292,409,560,2000-11
2293,244,559,2000-11
2294,290,559,2000-11
2295,195,382,2000-11
2296,244,382,2000-11
2297,79,1398,2000-11
2298,244,1398,2000-11
2299,368,1398,2000-11
2300,79,1400,2000-11
2301,368,1400,2000-11
2302,79,1397,2000-11
2303,244,1397,2000-11
2304,39,879,2000-11
2305,591,879,2000-11
2306,453,1031,2000-11
2307,591,1031,2000-11
2308,39,872,2000-11
2309,195,872,2000-11
2310,453,872,2000-11
2311,39,863,2000-11
2312,101,863,2000-11
2313,224,470,2000-11
2314,244,470,2000-11
2315,101,35,2000-11
2316,202,35,2000-11
2317,453,35,2000-11
2318,202,421,2000-11
2319,453,421,2000-11
2320,39,874,2000-11
2321,216,874,2000-11
2322,202,418,2000-11
2323,244,418,2000-11
2324,160,241,2000-11
2325,216,241,2000-11
2326,39,875,2000-11
2327,224,875,2000-11
2328,195,386,2000-11
2329,409,386,2000-11
2330,160,240,2000-11
2331,202,240,2000-11
2332,195,383,2000-11
2333,290,383,2000-11
2334,216,449,2000-11
2335,355,449,2000-11
2336,453,1030,2000-11
2337,546,1030,2000-11
2338,290,664,2000-11
2339,368,664,2000-11
2340,202,417,2000-11
2341,216,417,2000-11
2342,216,448,2000-11
2343,244,448,2000-11
2344,195,380,2000-11
2345,202,380,2000-11
2346,244,563,2000-11
2347,474,563,2000-11
2348,450,1027,2000-11
2349,546,1027,2000-11
2350,101,36,2000-11
2351,409,36,2000-11
2352,224,473,2000-11
2353,409,473,2000-11
2354,216,447,2000-11
2355,224,447,2000-11
2356,216,450,2000-11
2357,450,450,2000-11
2358,115,127,2000-11
2359,409,127,2000-11
2360,202,420,2000-11
2361,409,420,2000-11
2362,195,381,2000-11
2363,216,381,2000-11
2364,288,660,2001-02
2365,474,660,2001-02
2366,113,122,2001-02
2367,474,122,2001-02
2368,474,1094,2001-02
2369,555,1094,2001-02
2370,113,123,2001-02
2371,555,123,2001-02
2372,410,933,2001-05
2373,422,933,2001-05
2374,183,351,2001-08
2375,457,351,2001-08
2376,367,813,2001-08
2377,457,813,2001-08
2378,42,958,2001-08
2379,457,958,2001-08
2380,267,610,2001-08
2381,384,610,2001-08
2382,367,814,2001-08
2383,516,814,2001-08
2384,234,505,2001-11
2385,493,505,2001-11
2386,494,505,2001-11
2387,234,504,2001-11
2388,453,504,2001-11
2389,500,504,2001-11
2390,234,503,2001-11
2391,453,503,2001-11
2392,164,258,2001-11
2393,234,258,2001-11
2394,234,506,2001-11
2395,494,506,2001-11
2396,234,507,2001-11
2397,500,507,2001-11
2398,453,1029,2001-11
2399,493,1029,2001-11
2400,45,1018,2002-02
2401,452,1018,2002-02
2402,45,1011,2002-02
2403,135,1011,2002-02
2404,69,1357,2002-05
2405,452,1357,2002-05
2406,448,1007,2002-05
2407,452,1007,2002-05
2408,45,1018,2002-05
2409,452,1018,2002-05
2410,391,885,2002-08
2411,532,885,2002-08
2412,391,883,2002-08
2413,392,883,2002-08
2414,313,708,2002-08
2415,414,708,2002-08
2416,198,394,2002-11
2417,391,394,2002-11
2418,527,394,2002-11
2419,45,1014,2002-11
2420,186,1014,2002-11
2421,186,355,2002-11
2422,527,355,2002-11
2423,531,355,2002-11
2424,186,356,2002-11
2425,531,356,2002-11
2426,186,353,2002-11
2427,198,353,2002-11
2428,527,353,2002-11
2429,198,395,2002-11
2430,527,395,2002-11
2431,531,395,2002-11
2432,527,1177,2002-11
2433,531,1177,2002-11
2434,186,354,2002-11
2435,391,354,2002-11
2436,391,884,2002-11
2437,527,884,2002-11
2438,527,1178,2002-11
2439,558,1178,2002-11
2440,198,393,2002-11
2441,391,393,2002-11
2442,186,357,2002-11
2443,558,357,2002-11
2444,95,1451,2003-02
2445,312,1451,2003-02
2446,325,1451,2003-02
2447,9,1435,2003-02
2448,95,1435,2003-02
2449,9,1434,2003-02
2450,414,1434,2003-02
2451,97,1460,2003-02
2452,325,1460,2003-02
2453,108,76,2003-02
2454,312,76,2003-02
2455,95,1452,2003-02
2456,325,1452,2003-02
2457,312,707,2003-02
2458,325,707,2003-02
2459,108,77,2003-02
2460,479,77,2003-02
2461,95,1448,2003-02
2462,108,1448,2003-02
2463,104,47,2003-05
2464,474,47,2003-05
2465,275,640,2003-05
2466,427,640,2003-05
2467,104,46,2003-05
2468,275,46,2003-05
2469,275,639,2003-05
2470,303,639,2003-05
2471,95,1450,2003-05
2472,275,1450,2003-05
2473,20,404,2003-05
2474,275,404,2003-05
2475,20,405,2003-05
2476,474,405,2003-05
2477,165,259,2003-05
2478,275,259,2003-05
2479,275,641,2003-05
2480,449,641,2003-05
2481,160,237,2003-08
2482,182,237,2003-08
2483,182,349,2003-08
2484,288,349,2003-08
2485,182,350,2003-08
2486,430,350,2003-08
2487,45,1013,2003-08
2488,169,1013,2003-08
2489,169,264,2003-08
2490,182,264,2003-08
2491,45,1020,2003-08
2492,518,1020,2003-08
2493,169,265,2003-08
2494,414,265,2003-08
2495,66,1341,2004-08
2496,474,1341,2004-08
2497,45,1019,2004-08
2498,474,1019,2004-08
2499,66,1340,2004-08
2500,448,1340,2004-08
2501,45,1026,2004-08
2502,66,1026,2004-08
2503,66,1339,2004-08
2504,263,1339,2004-08
2505,226,474,2004-11
2506,387,474,2004-11
2507,346,786,2004-11
2508,387,786,2004-11
2509,100,33,2004-11
2510,226,33,2004-11
2511,100,34,2004-11
2512,474,34,2004-11
2513,425,962,2005-02
2514,438,962,2005-02
2515,7,1362,2005-02
2516,95,1362,2005-02
2517,7,1359,2005-02
2518,260,1359,2005-02
2519,156,231,2005-02
2520,438,231,2005-02
2521,482,1109,2005-02
2522,594,1109,2005-02
2523,95,1453,2005-02
2524,438,1453,2005-02
2525,23,499,2005-02
2526,156,499,2005-02
2527,7,1361,2005-02
2528,594,1361,2005-02
2529,7,1360,2005-02
2530,482,1360,2005-02
2531,95,1454,2005-02
2532,482,1454,2005-02
2533,7,1358,2005-02
2534,156,1358,2005-02
2535,95,1449,2005-02
2536,260,1449,2005-02
2537,66,1338,2005-02
2538,156,1338,2005-02
2539,260,604,2005-02
2540,438,604,2005-02
2541,438,990,2005-02
2542,482,990,2005-02
2543,428,964,2005-05
2544,608,964,2005-05
2545,91,1441,2005-05
2546,221,1441,2005-05
2547,608,1441,2005-05
2548,91,1446,2005-05
2549,552,1446,2005-05
2550,608,1446,2005-05
2551,552,1185,2005-05
2552,608,1185,2005-05
2553,91,1444,2005-05
2554,488,1444,2005-05
2555,608,1444,2005-05
2556,91,1443,2005-05
2557,488,1443,2005-05
2558,552,1443,2005-05
2559,396,886,2005-05
2560,488,886,2005-05
2561,488,1132,2005-05
2562,502,1132,2005-05
2563,221,464,2005-05
2564,488,464,2005-05
2565,91,1440,2005-05
2566,221,1440,2005-05
2567,91,1442,2005-05
2568,428,1442,2005-05
2569,221,463,2005-05
2570,396,463,2005-05
2571,66,1343,2005-05
2572,91,1343,2005-05
2573,91,1445,2005-05
2574,502,1445,2005-05
2575,488,1133,2005-05
2576,552,1133,2005-05
2577,287,659,2005-05
2578,608,659,2005-05
2579,221,465,2005-05
2580,502,465,2005-05
2581,287,658,2005-05
2582,488,658,2005-05
2583,66,1342,2005-05
2584,608,1342,2005-05
2585,488,1134,2005-05
2586,608,1134,2005-05
2587,221,460,2005-08
2588,286,460,2005-08
2589,336,460,2005-08
2590,221,462,2005-08
2591,387,462,2005-08
2592,221,459,2005-08
2593,286,459,2005-08
2594,221,461,2005-08
2595,336,461,2005-08
2596,286,657,2005-08
2597,462,657,2005-08
2598,144,217,2006-02
2599,264,217,2006-02
2600,61,1299,2006-05
2601,608,1299,2006-05
2602,61,1298,2006-05
2603,463,1298,2006-05
2604,68,1350,2006-11
2605,132,1350,2006-11
2606,178,1350,2006-11
2607,542,1350,2006-11
2608,178,311,2006-11
2609,381,311,2006-11
2610,542,311,2006-11
2611,64,1323,2006-11
2612,178,1323,2006-11
2613,187,1323,2006-11
2614,370,1323,2006-11
2615,64,1333,2006-11
2616,68,1333,2006-11
2617,187,1333,2006-11
2618,370,1333,2006-11
2619,64,1326,2006-11
2620,178,1326,2006-11
2621,513,1326,2006-11
2622,64,1327,2006-11
2623,178,1327,2006-11
2624,542,1327,2006-11
2625,64,1324,2006-11
2626,178,1324,2006-11
2627,226,1324,2006-11
2628,178,307,2006-11
2629,187,307,2006-11
2630,370,307,2006-11
2631,68,1351,2006-11
2632,132,1351,2006-11
2633,542,1351,2006-11
2634,68,1349,2006-11
2635,132,1349,2006-11
2636,178,313,2006-11
2637,513,313,2006-11
2638,64,1334,2006-11
2639,68,1334,2006-11
2640,226,1334,2006-11
2641,64,1325,2006-11
2642,178,1325,2006-11
2643,370,1325,2006-11
2644,178,309,2006-11
2645,370,309,2006-11
2646,64,1328,2006-11
2647,187,1328,2006-11
2648,370,1328,2006-11
2649,64,1331,2006-11
2650,68,1331,2006-11
2651,178,1331,2006-11
2652,64,1332,2006-11
2653,68,1332,2006-11
2654,187,1332,2006-11
2655,64,1329,2006-11
2656,187,1329,2006-11
2657,542,1329,2006-11
2658,381,849,2006-11
2659,414,849,2006-11
2660,187,359,2006-11
2661,513,359,2006-11
2662,68,1354,2006-11
2663,513,1354,2006-11
2664,68,1356,2006-11
2665,75,1356,2006-11
2666,64,1330,2006-11
2667,381,1330,2006-11
2668,75,1387,2006-11
2669,187,1387,2006-11
2670,187,358,2006-11
2671,381,358,2006-11
2672,34,775,2006-11
2673,64,775,2006-11
2674,68,1355,2006-11
2675,542,1355,2006-11
2676,132,184,2006-11
2677,187,184,2006-11
2678,68,1353,2006-11
2679,381,1353,2006-11
2680,226,475,2006-11
2681,542,475,2006-11
2682,178,310,2006-11
2683,381,310,2006-11
2684,178,312,2006-11
2685,425,312,2006-11
2686,34,773,2006-11
2687,132,773,2006-11
2688,34,774,2006-11
2689,542,774,2006-11
2690,178,308,2006-11
2691,226,308,2006-11
2692,129,182,2007-02
2693,399,182,2007-02
2694,580,182,2007-02
2695,606,182,2007-02
2696,129,179,2007-02
2697,274,179,2007-02
2698,580,179,2007-02
2699,606,179,2007-02
2700,129,183,2007-02
2701,580,183,2007-02
2702,606,183,2007-02
2703,399,889,2007-02
2704,580,889,2007-02
2705,606,889,2007-02
2706,274,637,2007-02
2707,399,637,2007-02
2708,606,637,2007-02
2709,381,852,2007-02
2710,580,852,2007-02
2711,606,852,2007-02
2712,129,181,2007-02
2713,399,181,2007-02
2714,580,181,2007-02
2715,129,178,2007-02
2716,274,178,2007-02
2717,580,178,2007-02
2718,274,636,2007-02
2719,399,636,2007-02
2720,129,177,2007-02
2721,274,177,2007-02
2722,274,635,2007-02
2723,381,635,2007-02
2724,381,853,2007-02
2725,606,853,2007-02
2726,381,851,2007-02
2727,580,851,2007-02
2728,129,180,2007-02
2729,381,180,2007-02
2730,274,638,2007-02
2731,473,638,2007-02
2732,110,99,2007-05
2733,254,99,2007-05
2734,480,99,2007-05
2735,540,99,2007-05
2736,110,101,2007-05
2737,254,101,2007-05
2738,540,101,2007-05
2739,110,100,2007-05
2740,254,100,2007-05
2741,483,100,2007-05
2742,110,98,2007-05
2743,254,98,2007-05
2744,480,98,2007-05
2745,254,592,2007-05
2746,480,592,2007-05
2747,483,592,2007-05
2748,254,593,2007-05
2749,480,593,2007-05
2750,540,593,2007-05
2751,110,102,2007-05
2752,480,102,2007-05
2753,110,97,2007-05
2754,254,97,2007-05
2755,483,1111,2007-05
2756,606,1111,2007-05
2757,307,700,2007-08
2758,570,700,2007-08
2759,307,702,2007-08
2760,593,702,2007-08
2761,570,1220,2007-08
2762,573,1220,2007-08
2763,161,247,2007-08
2764,573,247,2007-08
2765,307,701,2007-08
2766,573,701,2007-08
2767,573,1222,2007-08
2768,593,1222,2007-08
2769,232,502,2007-08
2770,573,502,2007-08
2771,480,1108,2007-08
2772,573,1108,2007-08
2773,166,260,2007-11
2774,219,260,2007-11
2775,278,260,2007-11
2776,45,1016,2007-11
2777,230,1016,2007-11
2778,166,262,2007-11
2779,278,262,2007-11
2780,166,263,2007-11
2781,608,263,2007-11
2782,166,261,2007-11
2783,230,261,2007-11
2784,219,452,2007-11
2785,230,452,2007-11
2786,219,453,2007-11
2787,307,453,2007-11
2788,45,1012,2007-11
2789,166,1012,2007-11
2790,219,455,2007-11
2791,608,455,2007-11
2792,343,780,2008-02
2793,354,780,2008-02
2794,477,780,2008-02
2795,354,803,2008-02
2796,381,803,2008-02
2797,477,803,2008-02
2798,343,782,2008-02
2799,381,782,2008-02
2800,343,781,2008-02
2801,359,781,2008-02
2802,354,802,2008-02
2803,359,802,2008-02
2804,359,806,2008-02
2805,477,806,2008-02
2806,343,779,2008-02
2807,354,779,2008-02
2808,477,1107,2008-02
2809,483,1107,2008-02
2810,381,850,2008-02
2811,477,850,2008-02
2812,74,1386,2008-05
2813,307,1386,2008-05
2814,74,1385,2008-05
2815,301,1385,2008-05
2816,72,1370,2008-08
2817,322,1370,2008-08
2818,553,1370,2008-08
2819,292,667,2008-08
2820,420,667,2008-08
2821,72,1371,2008-08
2822,420,1371,2008-08
2823,72,1372,2008-08
2824,553,1372,2008-08
2825,72,1368,2008-08
2826,232,1368,2008-08
2827,232,501,2008-08
2828,477,501,2008-08
2829,72,1369,2008-08
2830,322,1369,2008-08
2831,483,1110,2008-08
2832,553,1110,2008-08
2833,322,728,2008-08
2834,420,728,2008-08
2835,420,959,2008-08
2836,483,959,2008-08
2837,219,454,2008-08
2838,477,454,2008-08
2839,239,525,2008-11
2840,288,525,2008-11
2841,239,526,2008-11
2842,356,526,2008-11
2843,223,469,2008-11
2844,375,469,2008-11
2845,239,527,2008-11
2846,375,527,2008-11
2847,356,804,2008-11
2848,375,804,2008-11
2849,223,468,2008-11
2850,239,468,2008-11
2851,220,458,2009-02
2852,318,458,2009-02
2853,327,458,2009-02
2854,356,458,2009-02
2855,220,456,2009-02
2856,288,456,2009-02
2857,28,652,2009-02
2858,51,652,2009-02
2859,220,652,2009-02
2860,51,1160,2009-02
2861,200,1160,2009-02
2862,220,1160,2009-02
2863,200,406,2009-02
2864,220,406,2009-02
2865,356,406,2009-02
2866,28,650,2009-02
2867,220,650,2009-02
2868,356,650,2009-02
2869,28,649,2009-02
2870,200,649,2009-02
2871,220,649,2009-02
2872,200,407,2009-02
2873,327,407,2009-02
2874,220,457,2009-02
2875,318,457,2009-02
2876,356,805,2009-02
2877,553,805,2009-02
2878,51,1161,2009-02
2879,327,1161,2009-02
2880,200,408,2009-02
2881,553,408,2009-02
2882,28,648,2009-02
2883,200,648,2009-02
2884,28,651,2009-02
2885,356,651,2009-02
2886,440,992,2009-05
2887,600,992,2009-05
2888,307,701,2009-08
2889,573,701,2009-08
2890,568,1201,2009-11
2891,590,1201,2009-11
2892,78,1393,2009-11
2893,590,1393,2009-11
2894,215,446,2010-02
2895,335,446,2010-02
2896,180,343,2010-05
2897,434,343,2010-05
2898,318,713,2010-05
2899,434,713,2010-05
2900,464,1085,2010-08
2901,605,1085,2010-08
2902,414,952,2010-08
2903,477,952,2010-08
2904,253,590,2010-11
2905,330,590,2010-11
2906,330,760,2010-11
2907,464,760,2010-11
2908,253,591,2010-11
2909,499,591,2010-11
2910,17,267,2011-05
2911,573,267,2011-05
2912,29,663,2011-08
2913,585,663,2011-08
2914,29,661,2011-08
2915,421,661,2011-08
2916,398,887,2011-08
2917,421,887,2011-08
2918,55,1183,2011-08
2919,585,1183,2011-08
2920,398,888,2011-08
2921,538,888,2011-08
2922,295,670,2011-11
2923,326,670,2011-11
2924,419,670,2011-11
2925,326,731,2011-11
2926,419,731,2011-11
2927,432,731,2011-11
2928,326,730,2011-11
2929,419,730,2011-11
2930,295,671,2011-11
2931,326,671,2011-11
2932,432,671,2011-11
2933,326,732,2011-11
2934,432,732,2011-11
2935,17,266,2011-11
2936,419,266,2011-11
2937,295,669,2011-11
2938,326,669,2011-11
2939,419,957,2011-11
2940,432,957,2011-11
2941,204,424,2012-02
2942,520,424,2012-02
2943,204,423,2012-02
2944,432,423,2012-02
2945,83,1425,2012-05
2946,124,1425,2012-05
2947,489,1135,2012-05
2948,539,1135,2012-05
2949,88,1431,2012-05
2950,124,1431,2012-05
2951,124,170,2012-05
2952,503,170,2012-05
2953,83,1424,2012-05
2954,116,1424,2012-05
2955,83,1426,2012-05
2956,489,1426,2012-05
2957,124,169,2012-05
2958,489,169,2012-05
2959,88,1432,2012-05
2960,489,1432,2012-05
2961,124,171,2012-05
2962,539,171,2012-05
2963,83,1427,2012-05
2964,88,1427,2012-05
2965,345,785,2012-08
2966,377,785,2012-08
2967,377,830,2012-08
2968,573,830,2012-08
2969,472,1093,2012-08
2970,484,1093,2012-08
2971,86,1430,2012-08
2972,472,1430,2012-08
2973,211,436,2012-11
2974,246,436,2012-11
2975,249,436,2012-11
2976,332,436,2012-11
2977,211,439,2012-11
2978,249,439,2012-11
2979,332,439,2012-11
2980,357,439,2012-11
2981,211,438,2012-11
2982,249,438,2012-11
2983,332,438,2012-11
2984,211,440,2012-11
2985,249,440,2012-11
2986,357,440,2012-11
2987,211,437,2012-11
2988,246,437,2012-11
2989,332,437,2012-11
2990,246,565,2012-11
2991,280,565,2012-11
2992,357,565,2012-11
2993,211,441,2012-11
2994,280,441,2012-11
2995,211,435,2012-11
2996,246,435,2012-11
2997,249,435,2012-11
2998,280,653,2012-11
2999,332,653,2012-11
3000,249,569,2012-11
3001,280,569,2012-11
3002,29,662,2013-02
3003,460,662,2013-02
3004,70,1363,2013-02
3005,460,1363,2013-02
3006,228,483,2013-05
3007,562,483,2013-05
3008,376,829,2013-05
3009,562,829,2013-05
3010,376,828,2013-05
3011,435,828,2013-05
3012,435,989,2013-05
3013,562,989,2013-05
3014,16,236,2013-08
3015,80,236,2013-08
3016,203,422,2014-02
3017,528,422,2014-02
3018,222,466,2014-02
3019,462,466,2014-02
3020,222,467,2014-02
3021,528,467,2014-02
3022,21,431,2014-08
3023,261,431,2014-08
3024,249,572,2014-11
3025,573,572,2014-11
3026,323,729,2015-02
3027,344,729,2015-02
3028,407,914,2015-02
3029,533,914,2015-02
3030,318,712,2015-02
3031,344,712,2015-02
3032,407,915,2015-02
3033,537,915,2015-02
3034,344,783,2015-02
3035,407,783,2015-02
3036,344,784,2015-02
3037,533,784,2015-02
3038,326,735,2015-02
3039,537,735,2015-02
3040,103,41,2015-05
3041,300,41,2015-05
3042,497,41,2015-05
3043,103,43,2015-05
3044,317,43,2015-05
3045,497,43,2015-05
3046,103,42,2015-05
3047,317,42,2015-05
3048,393,42,2015-05
3049,103,45,2015-05
3050,598,45,2015-05
3051,317,711,2015-05
3052,497,711,2015-05
3053,103,44,2015-05
3054,497,44,2015-05
3055,231,500,2015-05
3056,393,500,2015-05
3057,300,685,2015-05
3058,317,685,2015-05
3059,300,686,2015-05
3060,393,686,2015-05
3061,300,687,2015-05
3062,497,687,2015-05
3063,177,305,2015-08
3064,439,305,2015-08
3065,119,136,2015-08
3066,439,136,2015-08
3067,509,136,2015-08
3068,119,133,2015-08
3069,189,133,2015-08
3070,326,733,2015-08
3071,466,733,2015-08
3072,177,304,2015-08
3073,341,304,2015-08
3074,76,1388,2015-08
3075,177,1388,2015-08
3076,76,1389,2015-08
3077,193,1389,2015-08
3078,177,303,2015-08
3079,193,303,2015-08
3080,119,135,2015-08
3081,326,135,2015-08
3082,439,991,2015-08
3083,466,991,2015-08
3084,177,302,2015-08
3085,189,302,2015-08
3086,177,306,2015-08
3087,509,306,2015-08
3088,119,137,2015-08
3089,509,137,2015-08
3090,123,165,2015-11
3091,366,165,2015-11
3092,581,165,2015-11
3093,601,165,2015-11
3094,105,58,2015-11
3095,233,58,2015-11
3096,256,58,2015-11
3097,378,58,2015-11
3098,105,65,2015-11
3099,366,65,2015-11
3100,581,65,2015-11
3101,601,65,2015-11
3102,63,1309,2015-11
3103,105,1309,2015-11
3104,233,1309,2015-11
3105,256,1309,2015-11
3106,581,1309,2015-11
3107,601,1309,2015-11
3108,63,1313,2015-11
3109,105,1313,2015-11
3110,581,1313,2015-11
3111,601,1313,2015-11
3112,105,57,2015-11
3113,233,57,2015-11
3114,256,57,2015-11
3115,112,117,2015-11
3116,378,117,2015-11
3117,582,117,2015-11
3118,227,479,2015-11
3119,378,479,2015-11
3120,63,1308,2015-11
3121,105,1308,2015-11
3122,227,1308,2015-11
3123,298,1308,2015-11
3124,105,56,2015-11
3125,227,56,2015-11
3126,298,56,2015-11
3127,601,56,2015-11
3128,105,54,2015-11
3129,227,54,2015-11
3130,241,54,2015-11
3131,298,54,2015-11
3132,105,55,2015-11
3133,227,55,2015-11
3134,298,55,2015-11
3135,112,121,2015-11
3136,582,121,2015-11
3137,601,121,2015-11
3138,112,112,2015-11
3139,227,112,2015-11
3140,582,112,2015-11
3141,112,120,2015-11
3142,582,120,2015-11
3143,112,114,2015-11
3144,366,114,2015-11
3145,378,114,2015-11
3146,581,114,2015-11
3147,601,114,2015-11
3148,366,812,2015-11
3149,581,812,2015-11
3150,601,812,2015-11
3151,378,831,2015-11
3152,581,831,2015-11
3153,582,831,2015-11
3154,601,831,2015-11
3155,105,66,2015-11
3156,378,66,2015-11
3157,581,66,2015-11
3158,601,66,2015-11
3159,105,68,2015-11
3160,581,68,2015-11
3161,601,68,2015-11
3162,582,1244,2015-11
3163,601,1244,2015-11
3164,105,59,2015-11
3165,241,59,2015-11
3166,256,59,2015-11
3167,105,61,2015-11
3168,256,61,2015-11
3169,581,61,2015-11
3170,105,67,2015-11
3171,581,67,2015-11
3172,582,67,2015-11
3173,581,1243,2015-11
3174,582,1243,2015-11
3175,105,51,2015-11
3176,123,51,2015-11
3177,227,51,2015-11
3178,63,1314,2015-11
3179,105,1314,2015-11
3180,601,1314,2015-11
3181,112,116,2015-11
3182,378,116,2015-11
3183,581,116,2015-11
3184,601,116,2015-11
3185,112,115,2015-11
3186,378,115,2015-11
3187,63,1311,2015-11
3188,105,1311,2015-11
3189,378,1311,2015-11
3190,63,1310,2015-11
3191,105,1310,2015-11
3192,366,1310,2015-11
3193,105,64,2015-11
3194,366,64,2015-11
3195,378,64,2015-11
3196,366,810,2015-11
3197,378,810,2015-11
3198,227,476,2015-11
3199,233,476,2015-11
3200,63,1317,2015-11
3201,233,1317,2015-11
3202,63,1315,2015-11
3203,123,1315,2015-11
3204,112,110,2015-11
3205,123,110,2015-11
3206,105,60,2015-11
3207,241,60,2015-11
3208,378,60,2015-11
3209,63,1319,2015-11
3210,298,1319,2015-11
3211,105,50,2015-11
3212,112,50,2015-11
3213,601,50,2015-11
3214,105,49,2015-11
3215,112,49,2015-11
3216,581,49,2015-11
3217,112,119,2015-11
3218,581,119,2015-11
3219,105,48,2015-11
3220,112,48,2015-11
3221,63,1312,2015-11
3222,105,1312,2015-11
3223,581,1312,2015-11
3224,123,167,2015-11
3225,581,167,2015-11
3226,601,167,2015-11
3227,143,216,2015-11
3228,581,216,2015-11
3229,105,62,2015-11
3230,256,62,2015-11
3231,601,62,2015-11
3232,227,481,2015-11
3233,581,481,2015-11
3234,601,481,2015-11
3235,227,482,2015-11
3236,601,482,2015-11
3237,227,480,2015-11
3238,581,480,2015-11
3239,105,53,2015-11
3240,227,53,2015-11
3241,241,53,2015-11
3242,105,69,2015-11
3243,582,69,2015-11
3244,63,1321,2015-11
3245,378,1321,2015-11
3246,582,1321,2015-11
3247,378,832,2015-11
3248,582,832,2015-11
3249,256,595,2015-11
3250,582,595,2015-11
3251,123,168,2015-11
3252,582,168,2015-11
3253,123,163,2015-11
3254,227,163,2015-11
3255,366,163,2015-11
3256,123,164,2015-11
3257,366,164,2015-11
3258,123,162,2015-11
3259,227,162,2015-11
3260,63,1320,2015-11
3261,378,1320,2015-11
3262,112,111,2015-11
3263,227,111,2015-11
3264,112,113,2015-11
3265,256,113,2015-11
3266,105,63,2015-11
3267,366,63,2015-11
3268,63,1318,2015-11
3269,256,1318,2015-11
3270,241,546,2015-11
3271,581,546,2015-11
3272,123,166,2015-11
3273,378,166,2015-11
3274,256,596,2015-11
3275,601,596,2015-11
3276,256,594,2015-11
3277,581,594,2015-11
3278,366,811,2015-11
3279,581,811,2015-11
3280,227,477,2015-11
3281,241,477,2015-11
3282,63,1316,2015-11
3283,227,1316,2015-11
3284,105,52,2015-11
3285,143,52,2015-11
3286,63,1322,2015-11
3287,581,1322,2015-11
3288,241,545,2015-11
3289,256,545,2015-11
3290,241,547,2015-11
3291,582,547,2015-11
3292,2,403,2015-11
3293,227,403,2015-11
3294,227,478,2015-11
3295,256,478,2015-11
3296,18,333,2016-02
3297,152,333,2016-02
3298,441,333,2016-02
3299,445,333,2016-02
3300,18,342,2016-02
3301,511,342,2016-02
3302,557,342,2016-02
3303,18,340,2016-02
3304,441,340,2016-02
3305,445,340,2016-02
3306,511,340,2016-02
3307,18,339,2016-02
3308,441,339,2016-02
3309,445,339,2016-02
3310,10,31,2016-02
3311,441,31,2016-02
3312,557,31,2016-02
3313,441,993,2016-02
3314,557,993,2016-02
3315,18,332,2016-02
3316,152,332,2016-02
3317,441,332,2016-02
3318,426,963,2016-02
3319,557,963,2016-02
3320,18,341,2016-02
3321,445,341,2016-02
3322,511,341,2016-02
3323,10,30,2016-02
3324,441,30,2016-02
3325,10,32,2016-02
3326,511,32,2016-02
3327,18,334,2016-02
3328,152,334,2016-02
3329,511,334,2016-02
3330,152,222,2016-02
3331,441,222,2016-02
3332,152,221,2016-02
3333,285,221,2016-02
3334,18,335,2016-02
3335,285,335,2016-02
3336,18,338,2016-02
3337,426,338,2016-02
3338,445,995,2016-02
3339,557,995,2016-02
3340,152,223,2016-02
3341,445,223,2016-02
3342,10,29,2016-02
3343,426,29,2016-02
3344,122,145,2016-05
3345,305,145,2016-05
3346,319,145,2016-05
3347,495,145,2016-05
3348,549,145,2016-05
3349,122,146,2016-05
3350,305,146,2016-05
3351,339,146,2016-05
3352,495,146,2016-05
3353,549,146,2016-05
3354,122,151,2016-05
3355,305,151,2016-05
3356,424,151,2016-05
3357,495,151,2016-05
3358,549,151,2016-05
3359,122,153,2016-05
3360,305,153,2016-05
3361,495,153,2016-05
3362,549,153,2016-05
3363,122,143,2016-05
3364,305,143,2016-05
3365,319,143,2016-05
3366,339,143,2016-05
3367,495,143,2016-05
3368,122,144,2016-05
3369,305,144,2016-05
3370,319,144,2016-05
3371,495,144,2016-05
3372,339,770,2016-05
3373,495,770,2016-05
3374,534,770,2016-05
3375,549,770,2016-05
3376,339,771,2016-05
3377,495,771,2016-05
3378,549,771,2016-05
3379,495,1146,2016-05
3380,549,1146,2016-05
3381,305,694,2016-05
3382,339,694,2016-05
3383,495,694,2016-05
3384,534,694,2016-05
3385,339,769,2016-05
3386,495,769,2016-05
3387,534,769,2016-05
3388,41,932,2016-05
3389,73,932,2016-05
3390,305,932,2016-05
3391,339,932,2016-05
3392,418,932,2016-05
3393,41,923,2016-05
3394,305,923,2016-05
3395,418,923,2016-05
3396,41,931,2016-05
3397,73,931,2016-05
3398,305,931,2016-05
3399,122,152,2016-05
3400,305,152,2016-05
3401,495,152,2016-05
3402,534,152,2016-05
3403,41,917,2016-05
3404,122,917,2016-05
3405,305,917,2016-05
3406,41,926,2016-05
3407,305,926,2016-05
3408,495,926,2016-05
3409,534,926,2016-05
3410,18,330,2016-05
3411,122,330,2016-05
3412,305,330,2016-05
3413,339,330,2016-05
3414,495,330,2016-05
3415,196,387,2016-05
3416,305,387,2016-05
3417,319,387,2016-05
3418,495,387,2016-05
3419,305,691,2016-05
3420,319,691,2016-05
3421,495,691,2016-05
3422,196,388,2016-05
3423,305,388,2016-05
3424,495,388,2016-05
3425,73,1374,2016-05
3426,122,1374,2016-05
3427,305,1374,2016-05
3428,339,1374,2016-05
3429,495,1374,2016-05
3430,122,157,2016-05
3431,339,157,2016-05
3432,424,157,2016-05
3433,495,157,2016-05
3434,122,150,2016-05
3435,305,150,2016-05
3436,424,150,2016-05
3437,495,150,2016-05
3438,73,1375,2016-05
3439,122,1375,2016-05
3440,305,1375,2016-05
3441,495,1375,2016-05
3442,73,1377,2016-05
3443,122,1377,2016-05
3444,424,1377,2016-05
3445,495,1377,2016-05
3446,122,147,2016-05
3447,305,147,2016-05
3448,418,147,2016-05
3449,424,147,2016-05
3450,122,149,2016-05
3451,305,149,2016-05
3452,424,149,2016-05
3453,24,529,2016-05
3454,122,529,2016-05
3455,305,529,2016-05
3456,73,1379,2016-05
3457,305,1379,2016-05
3458,339,1379,2016-05
3459,495,1379,2016-05
3460,305,693,2016-05
3461,339,693,2016-05
3462,424,693,2016-05
3463,41,924,2016-05
3464,305,924,2016-05
3465,424,924,2016-05
3466,122,161,2016-05
3467,495,161,2016-05
3468,534,161,2016-05
3469,41,919,2016-05
3470,122,919,2016-05
3471,424,919,2016-05
3472,24,533,2016-05
3473,305,533,2016-05
3474,418,533,2016-05
3475,305,692,2016-05
3476,339,692,2016-05
3477,418,692,2016-05
3478,24,532,2016-05
3479,305,532,2016-05
3480,339,532,2016-05
3481,24,531,2016-05
3482,305,531,2016-05
3483,41,922,2016-05
3484,305,922,2016-05
3485,339,922,2016-05
3486,495,922,2016-05
3487,41,925,2016-05
3488,305,925,2016-05
3489,495,925,2016-05
3490,41,921,2016-05
3491,305,921,2016-05
3492,339,921,2016-05
3493,122,142,2016-05
3494,305,142,2016-05
3495,319,142,2016-05
3496,339,142,2016-05
3497,122,141,2016-05
3498,305,141,2016-05
3499,319,141,2016-05
3500,73,1380,2016-05
3501,305,1380,2016-05
3502,424,1380,2016-05
3503,495,1380,2016-05
3504,73,1383,2016-05
3505,424,1383,2016-05
3506,495,1383,2016-05
3507,122,148,2016-05
3508,305,148,2016-05
3509,418,148,2016-05
3510,495,148,2016-05
3511,73,1376,2016-05
3512,122,1376,2016-05
3513,339,1376,2016-05
3514,495,1376,2016-05
3515,122,154,2016-05
3516,319,154,2016-05
3517,339,154,2016-05
3518,73,1381,2016-05
3519,305,1381,2016-05
3520,495,1381,2016-05
3521,534,1381,2016-05
3522,73,1384,2016-05
3523,495,1384,2016-05
3524,534,1384,2016-05
3525,122,155,2016-05
3526,319,155,2016-05
3527,495,155,2016-05
3528,18,337,2016-05
3529,305,337,2016-05
3530,339,337,2016-05
3531,196,389,2016-05
3532,319,389,2016-05
3533,305,690,2016-05
3534,319,690,2016-05
3535,339,690,2016-05
3536,24,530,2016-05
3537,122,530,2016-05
3538,339,530,2016-05
3539,24,528,2016-05
3540,122,528,2016-05
3541,24,534,2016-05
3542,339,534,2016-05
3543,41,929,2016-05
3544,495,929,2016-05
3545,534,929,2016-05
3546,305,695,2016-05
3547,339,695,2016-05
3548,534,695,2016-05
3549,122,156,2016-05
3550,339,156,2016-05
3551,424,156,2016-05
3552,305,699,2016-05
3553,424,699,2016-05
3554,495,699,2016-05
3555,122,159,2016-05
3556,418,159,2016-05
3557,495,159,2016-05
3558,41,930,2016-05
3559,534,930,2016-05
3560,18,329,2016-05
3561,122,329,2016-05
3562,305,329,2016-05
3563,18,336,2016-05
3564,305,336,2016-05
3565,339,768,2016-05
3566,424,768,2016-05
3567,549,768,2016-05
3568,424,961,2016-05
3569,549,961,2016-05
3570,339,772,2016-05
3571,549,772,2016-05
3572,41,920,2016-05
3573,122,920,2016-05
3574,495,920,2016-05
3575,305,698,2016-05
3576,418,698,2016-05
3577,534,698,2016-05
3578,418,956,2016-05
3579,534,956,2016-05
3580,122,160,2016-05
3581,424,160,2016-05
3582,495,160,2016-05
3583,18,331,2016-05
3584,122,331,2016-05
3585,339,331,2016-05
3586,18,328,2016-05
3587,122,328,2016-05
3588,41,918,2016-05
3589,122,918,2016-05
3590,339,918,2016-05
3591,41,916,2016-05
3592,122,916,2016-05
3593,122,158,2016-05
3594,339,158,2016-05
3595,534,158,2016-05
3596,73,1373,2016-05
3597,122,1373,2016-05
3598,305,1373,2016-05
3599,41,927,2016-05
3600,339,927,2016-05
3601,424,927,2016-05
3602,41,928,2016-05
3603,424,928,2016-05
3604,73,1378,2016-05
3605,122,1378,2016-05
3606,534,1378,2016-05
3607,196,390,2016-05
3608,339,390,2016-05
3609,495,390,2016-05
3610,326,734,2016-05
3611,495,734,2016-05
3612,319,716,2016-05
3613,549,716,2016-05
3614,319,715,2016-05
3615,534,715,2016-05
3616,196,391,2016-05
3617,534,391,2016-05
3618,122,140,2016-05
3619,196,140,2016-05
3620,424,960,2016-05
3621,534,960,2016-05
3622,24,535,2016-05
3623,495,535,2016-05
3624,339,767,2016-05
3625,418,767,2016-05
3626,73,1382,2016-05
3627,319,1382,2016-05
3628,52,1171,2016-08
3629,251,1171,2016-08
3630,408,1171,2016-08
3631,52,1172,2016-08
3632,251,1172,2016-08
3633,560,1172,2016-08
3634,52,1169,2016-08
3635,247,1169,2016-08
3636,251,1169,2016-08
3637,52,1170,2016-08
3638,251,1170,2016-08
3639,52,1173,2016-08
3640,408,1173,2016-08
3641,560,1173,2016-08
3642,52,1167,2016-08
3643,106,1167,2016-08
3644,408,1167,2016-08
3645,251,586,2016-08
3646,560,586,2016-08
3647,247,566,2016-08
3648,251,566,2016-08
3649,106,71,2016-08
3650,408,71,2016-08
3651,247,567,2016-08
3652,408,567,2016-08
3653,52,1166,2016-08
3654,106,1166,2016-08
3655,106,70,2016-08
3656,247,70,2016-08
3657,52,1168,2016-08
3658,119,1168,2016-08
3659,119,134,2016-08
3660,247,134,2016-08
3661,125,172,2016-11
3662,564,172,2016-11
3663,210,433,2016-11
3664,525,433,2016-11
3665,210,434,2016-11
3666,610,434,2016-11
3667,154,225,2017-02
3668,517,225,2017-02
3669,154,224,2017-02
3670,414,224,2017-02
3671,352,795,2017-05
3672,365,795,2017-05
3673,47,1090,2017-05
3674,352,1090,2017-05
3675,380,1090,2017-05
3676,328,737,2017-05
3677,352,737,2017-05
3678,380,737,2017-05
3679,561,737,2017-05
3680,328,738,2017-05
3681,352,738,2017-05
3682,561,738,2017-05
3683,49,1138,2017-05
3684,352,1138,2017-05
3685,380,1138,2017-05
3686,550,1138,2017-05
3687,49,1137,2017-05
3688,352,1137,2017-05
3689,380,1137,2017-05
3690,212,443,2017-05
3691,328,443,2017-05
3692,352,443,2017-05
3693,352,796,2017-05
3694,380,796,2017-05
3695,561,796,2017-05
3696,610,796,2017-05
3697,328,740,2017-05
3698,550,740,2017-05
3699,561,740,2017-05
3700,49,1144,2017-05
3701,65,1144,2017-05
3702,352,1144,2017-05
3703,550,1144,2017-05
3704,49,1139,2017-05
3705,352,1139,2017-05
3706,550,1139,2017-05
3707,328,736,2017-05
3708,352,736,2017-05
3709,380,736,2017-05
3710,49,1136,2017-05
3711,328,1136,2017-05
3712,49,1141,2017-05
3713,380,1141,2017-05
3714,561,1141,2017-05
3715,49,1140,2017-05
3716,380,1140,2017-05
3717,49,1142,2017-05
3718,561,1142,2017-05
3719,47,1089,2017-05
3720,352,1089,2017-05
3721,328,739,2017-05
3722,380,739,2017-05
3723,610,739,2017-05
3724,352,797,2017-05
3725,380,797,2017-05
3726,610,797,2017-05
3727,212,442,2017-05
3728,328,442,2017-05
3729,380,848,2017-05
3730,550,848,2017-05
3731,561,848,2017-05
3732,550,1184,2017-05
3733,561,1184,2017-05
3734,49,1143,2017-05
3735,610,1143,2017-05
3736,380,847,2017-05
3737,548,847,2017-05
3738,548,1182,2017-05
3739,610,1182,2017-05
3740,328,741,2017-05
3741,610,741,2017-05
3742,212,445,2017-05
3743,380,445,2017-05
3744,65,1335,2017-05
3745,380,1335,2017-05
3746,305,696,2017-05
3747,380,696,2017-05
3748,65,1337,2017-05
3749,561,1337,2017-05
3750,212,444,2017-05
3751,352,444,2017-05
3752,352,798,2017-05
3753,550,798,2017-05
3754,65,1336,2017-05
3755,550,1336,2017-05
3756,67,1344,2017-08
3757,400,1344,2017-08
3758,443,1344,2017-08
3759,523,1344,2017-08
3760,30,678,2017-08
3761,400,678,2017-08
3762,475,678,2017-08
3763,599,678,2017-08
3764,30,684,2017-08
3765,67,684,2017-08
3766,400,684,2017-08
3767,67,1346,2017-08
3768,400,1346,2017-08
3769,523,1346,2017-08
3770,599,1346,2017-08
3771,67,1347,2017-08
3772,400,1347,2017-08
3773,599,1347,2017-08
3774,67,1345,2017-08
3775,400,1345,2017-08
3776,523,1345,2017-08
3777,30,680,2017-08
3778,443,680,2017-08
3779,475,680,2017-08
3780,523,680,2017-08
3781,30,681,2017-08
3782,443,681,2017-08
3783,523,681,2017-08
3784,443,994,2017-08
3785,523,994,2017-08
3786,400,910,2017-08
3787,443,910,2017-08
3788,30,677,2017-08
3789,400,677,2017-08
3790,475,677,2017-08
3791,363,809,2017-08
3792,599,809,2017-08
3793,400,911,2017-08
3794,523,911,2017-08
3795,599,911,2017-08
3796,523,1175,2017-08
3797,599,1175,2017-08
3798,30,682,2017-08
3799,475,682,2017-08
3800,523,682,2017-08
3801,30,683,2017-08
3802,523,683,2017-08
3803,30,679,2017-08
3804,443,679,2017-08
3805,471,1092,2017-08
3806,526,1092,2017-08
3807,526,1176,2017-08
3808,599,1176,2017-08
3809,475,1095,2017-08
3810,599,1095,2017-08
3811,67,1348,2017-08
3812,475,1348,2017-08
3813,523,1174,2017-08
3814,526,1174,2017-08
3815,252,588,2017-08
3816,475,588,2017-08
3817,252,587,2017-08
3818,471,587,2017-08
3819,252,589,2017-08
3820,523,589,2017-08
3821,249,570,2017-08
3822,380,570,2017-08
3823,15,218,2017-11
3824,461,218,2017-11
3825,279,646,2017-11
3826,433,646,2017-11
3827,15,219,2017-11
3828,523,219,2017-11
3829,279,647,2017-11
3830,551,647,2017-11
3831,15,220,2017-11
3832,551,220,2017-11
3833,249,571,2017-11
3834,414,571,2017-11
3835,339,766,2017-11
3836,414,766,2017-11
3837,382,854,2018-02
3838,515,854,2018-02
3839,601,854,2018-02
3840,111,107,2018-02
3841,382,107,2018-02
3842,515,107,2018-02
3843,519,107,2018-02
3844,111,106,2018-02
3845,382,106,2018-02
3846,515,106,2018-02
3847,141,196,2018-02
3848,382,196,2018-02
3849,515,196,2018-02
3850,111,104,2018-02
3851,112,104,2018-02
3852,382,104,2018-02
3853,141,197,2018-02
3854,382,197,2018-02
3855,601,197,2018-02
3856,382,856,2018-02
3857,601,856,2018-02
3858,111,103,2018-02
3859,112,103,2018-02
3860,305,697,2018-02
3861,382,697,2018-02
3862,382,855,2018-02
3863,599,855,2018-02
3864,111,108,2018-02
3865,515,108,2018-02
3866,112,118,2018-02
3867,515,118,2018-02
3868,111,109,2018-02
3869,519,109,2018-02
3870,111,105,2018-02
3871,141,105,2018-02
3872,210,432,2018-02
3873,515,432,2018-02
3874,318,714,2018-02
3875,515,714,2018-02
3876,62,1303,2018-05
3877,209,1303,2018-05
3878,491,1303,2018-05
3879,62,1302,2018-05
3880,209,1302,2018-05
3881,233,1302,2018-05
3882,209,429,2018-05
3883,233,429,2018-05
3884,62,1306,2018-05
3885,459,1306,2018-05
3886,601,1306,2018-05
3887,62,1304,2018-05
3888,210,1304,2018-05
3889,491,1304,2018-05
3890,62,1301,2018-05
3891,205,1301,2018-05
3892,491,1301,2018-05
3893,89,1433,2018-05
3894,601,1433,2018-05
3895,62,1305,2018-05
3896,233,1305,2018-05
3897,209,430,2018-05
3898,459,430,2018-05
3899,491,1145,2018-05
3900,601,1145,2018-05
3901,62,1307,2018-05
3902,567,1307,2018-05
3903,68,1352,2018-05
3904,210,1352,2018-05
3905,62,1300,2018-05
3906,153,1300,2018-05
3907,459,1040,2018-05
3908,601,1040,2018-05
3909,258,600,2018-08
3910,296,600,2018-08
3911,362,600,2018-08
3912,417,600,2018-08
3913,586,600,2018-08
3914,258,598,2018-08
3915,296,598,2018-08
3916,338,598,2018-08
3917,362,598,2018-08
3918,417,598,2018-08
3919,258,599,2018-08
3920,296,599,2018-08
3921,362,599,2018-08
3922,417,599,2018-08
3923,296,673,2018-08
3924,338,673,2018-08
3925,362,673,2018-08
3926,417,673,2018-08
3927,296,674,2018-08
3928,362,674,2018-08
3929,417,674,2018-08
3930,25,579,2018-08
3931,77,579,2018-08
3932,362,579,2018-08
3933,417,579,2018-08
3934,586,579,2018-08
3935,362,807,2018-08
3936,417,807,2018-08
3937,586,807,2018-08
3938,25,580,2018-08
3939,77,580,2018-08
3940,362,580,2018-08
3941,586,580,2018-08
3942,25,573,2018-08
3943,248,573,2018-08
3944,77,1390,2018-08
3945,362,1390,2018-08
3946,514,1390,2018-08
3947,586,1390,2018-08
3948,25,582,2018-08
3949,77,582,2018-08
3950,514,582,2018-08
3951,586,582,2018-08
3952,77,1391,2018-08
3953,514,1391,2018-08
3954,586,1391,2018-08
3955,25,581,2018-08
3956,77,581,2018-08
3957,417,581,2018-08
3958,586,581,2018-08
3959,25,584,2018-08
3960,98,584,2018-08
3961,305,584,2018-08
3962,25,578,2018-08
3963,586,578,2018-08
3964,596,578,2018-08
3965,25,585,2018-08
3966,98,585,2018-08
3967,586,585,2018-08
3968,296,672,2018-08
3969,338,672,2018-08
3970,362,808,2018-08
3971,514,808,2018-08
3972,98,1465,2018-08
3973,514,1465,2018-08
3974,98,1463,2018-08
3975,362,1463,2018-08
3976,417,1463,2018-08
3977,98,1462,2018-08
3978,362,1462,2018-08
3979,296,675,2018-08
3980,417,675,2018-08
3981,586,675,2018-08
3982,98,1461,2018-08
3983,248,1461,2018-08
3984,25,574,2018-08
3985,258,574,2018-08
3986,586,574,2018-08
3987,258,602,2018-08
3988,586,602,2018-08
3989,25,576,2018-08
3990,296,576,2018-08
3991,417,576,2018-08
3992,25,583,2018-08
3993,98,583,2018-08
3994,25,577,2018-08
3995,338,577,2018-08
3996,296,676,2018-08
3997,586,676,2018-08
3998,25,575,2018-08
3999,296,575,2018-08
4000,258,601,2018-08
4001,417,601,2018-08
4002,98,1466,2018-08
4003,596,1466,2018-08
4004,417,955,2018-08
4005,596,955,2018-08
4006,417,954,2018-08
4007,556,954,2018-08
4008,77,1392,2018-08
4009,556,1392,2018-08
4010,98,1464,2018-08
4011,417,1464,2018-08
4012,258,597,2018-08
4013,296,597,2018-08
4014,258,603,2018-08
4015,596,603,2018-08
4016,556,1187,2018-08
4017,586,1187,2018-08
4018,248,568,2018-08
4019,258,568,2018-08
4020,184,352,2018-11
4021,331,352,2018-11
