,user_id,group_id,period
0,40,305,1996-05
1,107,305,1996-05
2,136,305,1996-05
3,145,305,1996-05
4,353,305,1996-05
5,468,305,1996-05
6,40,308,1996-05
7,107,308,1996-05
8,145,308,1996-05
9,284,308,1996-05
10,604,308,1996-05
11,107,35,1996-05
12,130,35,1996-05
13,136,35,1996-05
14,145,35,1996-05
15,468,35,1996-05
16,107,36,1996-05
17,130,36,1996-05
18,145,36,1996-05
19,429,36,1996-05
20,604,36,1996-05
21,107,37,1996-05
22,136,37,1996-05
23,145,37,1996-05
24,468,37,1996-05
25,604,37,1996-05
26,40,309,1996-05
27,130,309,1996-05
28,136,309,1996-05
29,145,309,1996-05
30,353,309,1996-05
31,436,309,1996-05
32,40,310,1996-05
33,136,310,1996-05
34,145,310,1996-05
35,353,310,1996-05
36,604,310,1996-05
37,40,312,1996-05
38,136,312,1996-05
39,284,312,1996-05
40,353,312,1996-05
41,604,312,1996-05
42,40,313,1996-05
43,136,313,1996-05
44,353,313,1996-05
45,436,313,1996-05
46,604,313,1996-05
47,134,145,1996-05
48,136,145,1996-05
49,353,145,1996-05
50,436,145,1996-05
51,468,145,1996-05
52,99,573,1996-05
53,134,573,1996-05
54,136,573,1996-05
55,353,573,1996-05
56,436,573,1996-05
57,40,307,1996-05
58,107,307,1996-05
59,136,307,1996-05
60,436,307,1996-05
61,468,307,1996-05
62,40,306,1996-05
63,107,306,1996-05
64,136,306,1996-05
65,284,306,1996-05
66,468,306,1996-05
67,130,140,1996-05
68,134,140,1996-05
69,145,140,1996-05
70,436,140,1996-05
71,468,140,1996-05
72,40,311,1996-05
73,136,311,1996-05
74,145,311,1996-05
75,436,311,1996-05
76,604,311,1996-05
77,130,141,1996-05
78,136,141,1996-05
79,145,141,1996-05
80,444,141,1996-05
81,604,141,1996-05
82,102,19,1996-08
83,170,19,1996-08
84,176,19,1996-08
85,179,19,1996-08
86,229,19,1996-08
87,235,19,1996-08
88,385,19,1996-08
89,394,19,1996-08
90,498,19,1996-08
91,541,19,1996-08
92,574,19,1996-08
93,584,19,1996-08
94,592,19,1996-08
95,102,25,1996-08
96,243,25,1996-08
97,385,25,1996-08
98,394,25,1996-08
99,395,25,1996-08
100,455,25,1996-08
101,498,25,1996-08
102,26,218,1996-08
103,38,218,1996-08
104,102,218,1996-08
105,109,218,1996-08
106,385,218,1996-08
107,394,218,1996-08
108,476,218,1996-08
109,498,218,1996-08
110,56,383,1996-08
111,102,383,1996-08
112,142,383,1996-08
113,229,383,1996-08
114,235,383,1996-08
115,411,383,1996-08
116,455,383,1996-08
117,498,383,1996-08
118,541,383,1996-08
119,592,383,1996-08
120,102,21,1996-08
121,229,21,1996-08
122,235,21,1996-08
123,476,21,1996-08
124,498,21,1996-08
125,541,21,1996-08
126,592,21,1996-08
127,102,22,1996-08
128,229,22,1996-08
129,235,22,1996-08
130,498,22,1996-08
131,541,22,1996-08
132,592,22,1996-08
133,102,32,1996-08
134,404,32,1996-08
135,455,32,1996-08
136,476,32,1996-08
137,486,32,1996-08
138,498,32,1996-08
139,512,32,1996-08
140,588,32,1996-08
141,602,32,1996-08
142,56,384,1996-08
143,102,384,1996-08
144,142,384,1996-08
145,229,384,1996-08
146,395,384,1996-08
147,411,384,1996-08
148,455,384,1996-08
149,541,384,1996-08
150,592,384,1996-08
151,102,4,1996-08
152,109,4,1996-08
153,229,4,1996-08
154,476,4,1996-08
155,507,4,1996-08
156,541,4,1996-08
157,592,4,1996-08
158,102,9,1996-08
159,109,9,1996-08
160,395,9,1996-08
161,404,9,1996-08
162,455,9,1996-08
163,476,9,1996-08
164,486,9,1996-08
165,56,385,1996-08
166,102,385,1996-08
167,142,385,1996-08
168,229,385,1996-08
169,404,385,1996-08
170,411,385,1996-08
171,455,385,1996-08
172,476,385,1996-08
173,486,385,1996-08
174,541,385,1996-08
175,592,385,1996-08
176,56,386,1996-08
177,102,386,1996-08
178,142,386,1996-08
179,229,386,1996-08
180,411,386,1996-08
181,455,386,1996-08
182,541,386,1996-08
183,592,386,1996-08
184,102,23,1996-08
185,229,23,1996-08
186,476,23,1996-08
187,541,23,1996-08
188,592,23,1996-08
189,102,31,1996-08
190,404,31,1996-08
191,455,31,1996-08
192,476,31,1996-08
193,486,31,1996-08
194,8,516,1996-08
195,142,516,1996-08
196,170,516,1996-08
197,176,516,1996-08
198,242,516,1996-08
199,411,516,1996-08
200,447,516,1996-08
201,455,516,1996-08
202,498,516,1996-08
203,38,291,1996-08
204,404,291,1996-08
205,455,291,1996-08
206,498,291,1996-08
207,512,291,1996-08
208,588,291,1996-08
209,602,291,1996-08
210,142,158,1996-08
211,404,158,1996-08
212,411,158,1996-08
213,455,158,1996-08
214,498,158,1996-08
215,512,158,1996-08
216,588,158,1996-08
217,602,158,1996-08
218,404,315,1996-08
219,455,315,1996-08
220,498,315,1996-08
221,512,315,1996-08
222,588,315,1996-08
223,602,315,1996-08
224,102,17,1996-08
225,142,17,1996-08
226,170,17,1996-08
227,229,17,1996-08
228,314,17,1996-08
229,394,17,1996-08
230,444,17,1996-08
231,455,17,1996-08
232,38,243,1996-08
233,102,243,1996-08
234,109,243,1996-08
235,170,243,1996-08
236,229,243,1996-08
237,394,243,1996-08
238,38,249,1996-08
239,102,249,1996-08
240,109,249,1996-08
241,394,249,1996-08
242,455,249,1996-08
243,588,249,1996-08
244,102,18,1996-08
245,142,18,1996-08
246,229,18,1996-08
247,349,18,1996-08
248,455,18,1996-08
249,588,18,1996-08
250,102,0,1996-08
251,109,0,1996-08
252,142,0,1996-08
253,229,0,1996-08
254,455,0,1996-08
255,38,273,1996-08
256,142,273,1996-08
257,170,273,1996-08
258,455,273,1996-08
259,588,273,1996-08
260,46,331,1996-08
261,170,331,1996-08
262,314,331,1996-08
263,385,331,1996-08
264,395,331,1996-08
265,411,331,1996-08
266,447,331,1996-08
267,498,331,1996-08
268,592,331,1996-08
269,26,213,1996-08
270,170,213,1996-08
271,385,213,1996-08
272,476,213,1996-08
273,498,213,1996-08
274,592,213,1996-08
275,26,220,1996-08
276,385,220,1996-08
277,395,220,1996-08
278,476,220,1996-08
279,498,220,1996-08
280,588,220,1996-08
281,602,220,1996-08
282,411,316,1996-08
283,476,316,1996-08
284,498,316,1996-08
285,588,316,1996-08
286,592,316,1996-08
287,602,316,1996-08
288,170,175,1996-08
289,411,175,1996-08
290,447,175,1996-08
291,498,175,1996-08
292,588,175,1996-08
293,602,175,1996-08
294,56,406,1996-08
295,179,406,1996-08
296,242,406,1996-08
297,395,406,1996-08
298,447,406,1996-08
299,455,406,1996-08
300,485,406,1996-08
301,584,406,1996-08
302,395,304,1996-08
303,404,304,1996-08
304,455,304,1996-08
305,486,304,1996-08
306,512,304,1996-08
307,602,304,1996-08
308,56,426,1996-08
309,404,426,1996-08
310,455,426,1996-08
311,486,426,1996-08
312,512,426,1996-08
313,602,426,1996-08
314,404,314,1996-08
315,455,314,1996-08
316,486,314,1996-08
317,512,314,1996-08
318,602,314,1996-08
319,56,423,1996-08
320,395,423,1996-08
321,404,423,1996-08
322,455,423,1996-08
323,486,423,1996-08
324,507,423,1996-08
325,242,202,1996-08
326,404,202,1996-08
327,447,202,1996-08
328,455,202,1996-08
329,512,202,1996-08
330,602,202,1996-08
331,46,329,1996-08
332,142,329,1996-08
333,235,329,1996-08
334,242,329,1996-08
335,314,329,1996-08
336,385,329,1996-08
337,411,329,1996-08
338,26,207,1996-08
339,109,207,1996-08
340,235,207,1996-08
341,385,207,1996-08
342,476,207,1996-08
343,507,207,1996-08
344,26,208,1996-08
345,109,208,1996-08
346,385,208,1996-08
347,476,208,1996-08
348,512,208,1996-08
349,142,155,1996-08
350,235,155,1996-08
351,349,155,1996-08
352,411,155,1996-08
353,476,155,1996-08
354,512,155,1996-08
355,109,39,1996-08
356,142,39,1996-08
357,411,39,1996-08
358,476,39,1996-08
359,507,39,1996-08
360,26,224,1996-08
361,46,224,1996-08
362,314,224,1996-08
363,385,224,1996-08
364,411,224,1996-08
365,476,224,1996-08
366,8,532,1996-08
367,56,532,1996-08
368,179,532,1996-08
369,229,532,1996-08
370,314,532,1996-08
371,385,532,1996-08
372,394,532,1996-08
373,455,532,1996-08
374,584,532,1996-08
375,109,47,1996-08
376,179,47,1996-08
377,229,47,1996-08
378,385,47,1996-08
379,394,47,1996-08
380,584,47,1996-08
381,179,186,1996-08
382,229,186,1996-08
383,385,186,1996-08
384,394,186,1996-08
385,584,186,1996-08
386,109,63,1996-08
387,262,63,1996-08
388,385,63,1996-08
389,394,63,1996-08
390,404,63,1996-08
391,455,63,1996-08
392,512,63,1996-08
393,56,413,1996-08
394,229,413,1996-08
395,404,413,1996-08
396,455,413,1996-08
397,512,413,1996-08
398,56,395,1996-08
399,109,395,1996-08
400,229,395,1996-08
401,404,395,1996-08
402,455,395,1996-08
403,109,50,1996-08
404,229,50,1996-08
405,314,50,1996-08
406,394,50,1996-08
407,455,50,1996-08
408,56,412,1996-08
409,179,412,1996-08
410,404,412,1996-08
411,455,412,1996-08
412,512,412,1996-08
413,584,412,1996-08
414,56,399,1996-08
415,170,399,1996-08
416,235,399,1996-08
417,242,399,1996-08
418,444,399,1996-08
419,455,399,1996-08
420,592,399,1996-08
421,109,41,1996-08
422,170,41,1996-08
423,235,41,1996-08
424,507,41,1996-08
425,592,41,1996-08
426,109,74,1996-08
427,404,74,1996-08
428,455,74,1996-08
429,588,74,1996-08
430,602,74,1996-08
431,56,416,1996-08
432,235,416,1996-08
433,404,416,1996-08
434,455,416,1996-08
435,588,416,1996-08
436,592,416,1996-08
437,602,416,1996-08
438,56,397,1996-08
439,109,397,1996-08
440,404,397,1996-08
441,455,397,1996-08
442,507,397,1996-08
443,592,397,1996-08
444,170,166,1996-08
445,242,166,1996-08
446,404,166,1996-08
447,455,166,1996-08
448,588,166,1996-08
449,602,166,1996-08
450,54,376,1996-08
451,109,376,1996-08
452,170,376,1996-08
453,444,376,1996-08
454,455,376,1996-08
455,588,376,1996-08
456,56,420,1996-08
457,242,420,1996-08
458,404,420,1996-08
459,455,420,1996-08
460,507,420,1996-08
461,602,420,1996-08
462,8,517,1996-08
463,170,517,1996-08
464,229,517,1996-08
465,235,517,1996-08
466,243,517,1996-08
467,395,517,1996-08
468,444,517,1996-08
469,38,256,1996-08
470,109,256,1996-08
471,170,256,1996-08
472,229,256,1996-08
473,235,256,1996-08
474,476,256,1996-08
475,38,263,1996-08
476,109,263,1996-08
477,243,263,1996-08
478,395,263,1996-08
479,476,263,1996-08
480,512,263,1996-08
481,229,190,1996-08
482,235,190,1996-08
483,349,190,1996-08
484,476,190,1996-08
485,512,190,1996-08
486,14,150,1996-08
487,38,150,1996-08
488,109,150,1996-08
489,170,150,1996-08
490,229,150,1996-08
491,349,150,1996-08
492,444,150,1996-08
493,109,58,1996-08
494,235,58,1996-08
495,349,58,1996-08
496,476,58,1996-08
497,512,58,1996-08
498,8,531,1996-08
499,46,531,1996-08
500,102,531,1996-08
501,176,531,1996-08
502,235,531,1996-08
503,242,531,1996-08
504,314,531,1996-08
505,38,244,1996-08
506,102,244,1996-08
507,109,244,1996-08
508,176,244,1996-08
509,235,244,1996-08
510,507,244,1996-08
511,46,328,1996-08
512,109,328,1996-08
513,235,328,1996-08
514,242,328,1996-08
515,314,328,1996-08
516,507,328,1996-08
517,8,515,1996-08
518,14,515,1996-08
519,38,515,1996-08
520,109,515,1996-08
521,235,515,1996-08
522,56,404,1996-08
523,179,404,1996-08
524,235,404,1996-08
525,242,404,1996-08
526,314,404,1996-08
527,395,404,1996-08
528,411,404,1996-08
529,455,404,1996-08
530,592,404,1996-08
531,38,276,1996-08
532,179,276,1996-08
533,235,276,1996-08
534,476,276,1996-08
535,592,276,1996-08
536,38,290,1996-08
537,395,290,1996-08
538,455,290,1996-08
539,476,290,1996-08
540,602,290,1996-08
541,56,417,1996-08
542,235,417,1996-08
543,411,417,1996-08
544,455,417,1996-08
545,476,417,1996-08
546,592,417,1996-08
547,602,417,1996-08
548,56,418,1996-08
549,235,418,1996-08
550,411,418,1996-08
551,455,418,1996-08
552,592,418,1996-08
553,56,424,1996-08
554,395,424,1996-08
555,411,424,1996-08
556,455,424,1996-08
557,476,424,1996-08
558,592,424,1996-08
559,56,425,1996-08
560,395,425,1996-08
561,411,425,1996-08
562,455,425,1996-08
563,592,425,1996-08
564,56,427,1996-08
565,411,427,1996-08
566,455,427,1996-08
567,476,427,1996-08
568,592,427,1996-08
569,38,281,1996-08
570,242,281,1996-08
571,411,281,1996-08
572,455,281,1996-08
573,602,281,1996-08
574,314,233,1996-08
575,395,233,1996-08
576,411,233,1996-08
577,476,233,1996-08
578,592,233,1996-08
579,602,233,1996-08
580,56,409,1996-08
581,179,409,1996-08
582,242,409,1996-08
583,395,409,1996-08
584,455,409,1996-08
585,602,409,1996-08
586,56,408,1996-08
587,179,408,1996-08
588,242,408,1996-08
589,395,408,1996-08
590,455,408,1996-08
591,235,197,1996-08
592,242,197,1996-08
593,314,197,1996-08
594,411,197,1996-08
595,476,197,1996-08
596,56,415,1996-08
597,235,415,1996-08
598,242,415,1996-08
599,455,415,1996-08
600,592,415,1996-08
601,602,415,1996-08
602,56,414,1996-08
603,235,414,1996-08
604,242,414,1996-08
605,455,414,1996-08
606,592,414,1996-08
607,56,419,1996-08
608,235,419,1996-08
609,455,419,1996-08
610,592,419,1996-08
611,602,419,1996-08
612,46,330,1996-08
613,170,330,1996-08
614,179,330,1996-08
615,229,330,1996-08
616,242,330,1996-08
617,385,330,1996-08
618,447,330,1996-08
619,455,330,1996-08
620,541,330,1996-08
621,26,211,1996-08
622,170,211,1996-08
623,179,211,1996-08
624,229,211,1996-08
625,385,211,1996-08
626,541,211,1996-08
627,170,164,1996-08
628,179,164,1996-08
629,229,164,1996-08
630,385,164,1996-08
631,541,164,1996-08
632,26,221,1996-08
633,385,221,1996-08
634,455,221,1996-08
635,486,221,1996-08
636,588,221,1996-08
637,229,195,1996-08
638,455,195,1996-08
639,486,195,1996-08
640,541,195,1996-08
641,588,195,1996-08
642,170,167,1996-08
643,242,167,1996-08
644,447,167,1996-08
645,455,167,1996-08
646,588,167,1996-08
647,26,223,1996-08
648,46,223,1996-08
649,170,223,1996-08
650,385,223,1996-08
651,447,223,1996-08
652,588,223,1996-08
653,179,187,1996-08
654,242,187,1996-08
655,447,187,1996-08
656,455,187,1996-08
657,486,187,1996-08
658,102,27,1996-08
659,314,27,1996-08
660,395,27,1996-08
661,411,27,1996-08
662,447,27,1996-08
663,541,27,1996-08
664,592,27,1996-08
665,38,254,1996-08
666,102,254,1996-08
667,109,254,1996-08
668,476,254,1996-08
669,541,254,1996-08
670,592,254,1996-08
671,102,12,1996-08
672,109,12,1996-08
673,395,12,1996-08
674,411,12,1996-08
675,476,12,1996-08
676,541,12,1996-08
677,592,12,1996-08
678,102,30,1996-08
679,395,30,1996-08
680,411,30,1996-08
681,541,30,1996-08
682,592,30,1996-08
683,102,16,1996-08
684,109,16,1996-08
685,476,16,1996-08
686,541,16,1996-08
687,592,16,1996-08
688,102,34,1996-08
689,411,34,1996-08
690,476,34,1996-08
691,541,34,1996-08
692,592,34,1996-08
693,14,152,1996-08
694,38,152,1996-08
695,54,152,1996-08
696,102,152,1996-08
697,109,152,1996-08
698,314,152,1996-08
699,314,230,1996-08
700,395,230,1996-08
701,411,230,1996-08
702,447,230,1996-08
703,476,230,1996-08
704,592,230,1996-08
705,314,231,1996-08
706,395,231,1996-08
707,411,231,1996-08
708,447,231,1996-08
709,592,231,1996-08
710,14,151,1996-08
711,38,151,1996-08
712,109,151,1996-08
713,395,151,1996-08
714,476,151,1996-08
715,14,149,1996-08
716,38,149,1996-08
717,102,149,1996-08
718,109,149,1996-08
719,314,149,1996-08
720,38,286,1996-08
721,314,286,1996-08
722,395,286,1996-08
723,411,286,1996-08
724,476,286,1996-08
725,592,286,1996-08
726,314,232,1996-08
727,395,232,1996-08
728,411,232,1996-08
729,476,232,1996-08
730,592,232,1996-08
731,56,402,1996-08
732,179,402,1996-08
733,229,402,1996-08
734,242,402,1996-08
735,314,402,1996-08
736,395,402,1996-08
737,447,402,1996-08
738,541,402,1996-08
739,584,402,1996-08
740,38,260,1996-08
741,109,260,1996-08
742,179,260,1996-08
743,229,260,1996-08
744,541,260,1996-08
745,584,260,1996-08
746,56,394,1996-08
747,109,394,1996-08
748,229,394,1996-08
749,395,394,1996-08
750,541,394,1996-08
751,38,295,1996-08
752,54,295,1996-08
753,109,295,1996-08
754,229,295,1996-08
755,314,295,1996-08
756,56,407,1996-08
757,179,407,1996-08
758,242,407,1996-08
759,395,407,1996-08
760,447,407,1996-08
761,584,407,1996-08
762,56,393,1996-08
763,109,393,1996-08
764,179,393,1996-08
765,229,393,1996-08
766,314,393,1996-08
767,584,393,1996-08
768,56,403,1996-08
769,179,403,1996-08
770,229,403,1996-08
771,314,403,1996-08
772,584,403,1996-08
773,38,301,1996-08
774,56,301,1996-08
775,179,301,1996-08
776,242,301,1996-08
777,314,301,1996-08
778,395,301,1996-08
779,56,405,1996-08
780,179,405,1996-08
781,242,405,1996-08
782,314,405,1996-08
783,395,405,1996-08
784,179,185,1996-08
785,229,185,1996-08
786,242,185,1996-08
787,447,185,1996-08
788,541,185,1996-08
789,38,300,1996-08
790,54,300,1996-08
791,109,300,1996-08
792,314,300,1996-08
793,395,300,1996-08
794,447,300,1996-08
795,541,300,1996-08
796,314,228,1996-08
797,385,228,1996-08
798,395,228,1996-08
799,444,228,1996-08
800,447,228,1996-08
801,455,228,1996-08
802,38,269,1996-08
803,109,269,1996-08
804,385,269,1996-08
805,395,269,1996-08
806,455,269,1996-08
807,476,269,1996-08
808,512,269,1996-08
809,38,297,1996-08
810,54,297,1996-08
811,109,297,1996-08
812,314,297,1996-08
813,349,297,1996-08
814,444,297,1996-08
815,455,297,1996-08
816,314,229,1996-08
817,385,229,1996-08
818,395,229,1996-08
819,447,229,1996-08
820,476,229,1996-08
821,109,65,1996-08
822,314,65,1996-08
823,349,65,1996-08
824,385,65,1996-08
825,476,65,1996-08
826,512,65,1996-08
827,109,66,1996-08
828,314,66,1996-08
829,385,66,1996-08
830,455,66,1996-08
831,512,66,1996-08
832,38,268,1996-08
833,109,268,1996-08
834,349,268,1996-08
835,395,268,1996-08
836,444,268,1996-08
837,476,268,1996-08
838,512,268,1996-08
839,38,272,1996-08
840,109,272,1996-08
841,395,272,1996-08
842,476,272,1996-08
843,512,272,1996-08
844,38,299,1996-08
845,54,299,1996-08
846,109,299,1996-08
847,314,299,1996-08
848,395,299,1996-08
849,447,299,1996-08
850,476,299,1996-08
851,38,298,1996-08
852,54,298,1996-08
853,109,298,1996-08
854,314,298,1996-08
855,395,298,1996-08
856,447,298,1996-08
857,170,163,1996-08
858,176,163,1996-08
859,242,163,1996-08
860,243,163,1996-08
861,314,163,1996-08
862,455,163,1996-08
863,541,163,1996-08
864,38,255,1996-08
865,109,255,1996-08
866,170,255,1996-08
867,176,255,1996-08
868,541,255,1996-08
869,38,264,1996-08
870,109,264,1996-08
871,243,264,1996-08
872,455,264,1996-08
873,486,264,1996-08
874,512,264,1996-08
875,588,264,1996-08
876,455,324,1996-08
877,486,324,1996-08
878,512,324,1996-08
879,541,324,1996-08
880,588,324,1996-08
881,38,274,1996-08
882,170,274,1996-08
883,176,274,1996-08
884,242,274,1996-08
885,455,274,1996-08
886,512,274,1996-08
887,588,274,1996-08
888,38,258,1996-08
889,109,258,1996-08
890,170,258,1996-08
891,314,258,1996-08
892,455,258,1996-08
893,588,258,1996-08
894,38,257,1996-08
895,109,257,1996-08
896,170,257,1996-08
897,243,257,1996-08
898,512,257,1996-08
899,38,259,1996-08
900,109,259,1996-08
901,176,259,1996-08
902,242,259,1996-08
903,314,259,1996-08
904,486,259,1996-08
905,170,168,1996-08
906,242,168,1996-08
907,455,168,1996-08
908,486,168,1996-08
909,541,168,1996-08
910,588,168,1996-08
911,38,261,1996-08
912,109,261,1996-08
913,242,261,1996-08
914,314,261,1996-08
915,541,261,1996-08
916,38,267,1996-08
917,109,267,1996-08
918,314,267,1996-08
919,455,267,1996-08
920,512,267,1996-08
921,56,388,1996-08
922,102,388,1996-08
923,229,388,1996-08
924,273,388,1996-08
925,411,388,1996-08
926,455,388,1996-08
927,584,388,1996-08
928,102,5,1996-08
929,109,5,1996-08
930,229,5,1996-08
931,507,5,1996-08
932,584,5,1996-08
933,56,389,1996-08
934,102,389,1996-08
935,229,389,1996-08
936,349,389,1996-08
937,411,389,1996-08
938,455,389,1996-08
939,602,389,1996-08
940,56,382,1996-08
941,102,382,1996-08
942,109,382,1996-08
943,229,382,1996-08
944,411,382,1996-08
945,455,382,1996-08
946,507,382,1996-08
947,56,390,1996-08
948,102,390,1996-08
949,229,390,1996-08
950,411,390,1996-08
951,455,390,1996-08
952,102,3,1996-08
953,109,3,1996-08
954,229,3,1996-08
955,349,3,1996-08
956,455,3,1996-08
957,56,428,1996-08
958,455,428,1996-08
959,507,428,1996-08
960,584,428,1996-08
961,602,428,1996-08
962,56,396,1996-08
963,109,396,1996-08
964,229,396,1996-08
965,455,396,1996-08
966,584,396,1996-08
967,56,398,1996-08
968,109,398,1996-08
969,455,398,1996-08
970,507,398,1996-08
971,602,398,1996-08
972,38,275,1996-08
973,176,275,1996-08
974,476,275,1996-08
975,574,275,1996-08
976,584,275,1996-08
977,38,282,1996-08
978,262,282,1996-08
979,395,282,1996-08
980,404,282,1996-08
981,476,282,1996-08
982,46,332,1996-08
983,179,332,1996-08
984,229,332,1996-08
985,411,332,1996-08
986,485,332,1996-08
987,574,332,1996-08
988,584,332,1996-08
989,26,206,1996-08
990,109,206,1996-08
991,179,206,1996-08
992,229,206,1996-08
993,574,206,1996-08
994,584,206,1996-08
995,109,46,1996-08
996,179,46,1996-08
997,229,46,1996-08
998,262,46,1996-08
999,584,46,1996-08
1000,229,191,1996-08
1001,242,191,1996-08
1002,385,191,1996-08
1003,395,191,1996-08
1004,447,191,1996-08
1005,498,191,1996-08
1006,109,53,1996-08
1007,229,53,1996-08
1008,385,53,1996-08
1009,498,53,1996-08
1010,507,53,1996-08
1011,109,68,1996-08
1012,385,68,1996-08
1013,395,68,1996-08
1014,498,68,1996-08
1015,512,68,1996-08
1016,588,68,1996-08
1017,602,68,1996-08
1018,229,196,1996-08
1019,498,196,1996-08
1020,512,196,1996-08
1021,588,196,1996-08
1022,602,196,1996-08
1023,242,203,1996-08
1024,447,203,1996-08
1025,498,203,1996-08
1026,512,203,1996-08
1027,588,203,1996-08
1028,602,203,1996-08
1029,385,302,1996-08
1030,395,302,1996-08
1031,447,302,1996-08
1032,498,302,1996-08
1033,588,302,1996-08
1034,602,302,1996-08
1035,385,303,1996-08
1036,395,303,1996-08
1037,498,303,1996-08
1038,588,303,1996-08
1039,602,303,1996-08
1040,242,201,1996-08
1041,395,201,1996-08
1042,447,201,1996-08
1043,507,201,1996-08
1044,512,201,1996-08
1045,602,201,1996-08
1046,109,60,1996-08
1047,242,60,1996-08
1048,385,60,1996-08
1049,507,60,1996-08
1050,512,60,1996-08
1051,109,62,1996-08
1052,242,62,1996-08
1053,507,62,1996-08
1054,588,62,1996-08
1055,602,62,1996-08
1056,229,192,1996-08
1057,242,192,1996-08
1058,385,192,1996-08
1059,447,192,1996-08
1060,588,192,1996-08
1061,109,48,1996-08
1062,229,48,1996-08
1063,242,48,1996-08
1064,395,48,1996-08
1065,447,48,1996-08
1066,109,67,1996-08
1067,385,67,1996-08
1068,395,67,1996-08
1069,447,67,1996-08
1070,512,67,1996-08
1071,8,521,1996-08
1072,229,521,1996-08
1073,314,521,1996-08
1074,411,521,1996-08
1075,541,521,1996-08
1076,584,521,1996-08
1077,592,521,1996-08
1078,109,56,1996-08
1079,229,56,1996-08
1080,476,56,1996-08
1081,541,56,1996-08
1082,584,56,1996-08
1083,592,56,1996-08
1084,109,54,1996-08
1085,229,54,1996-08
1086,404,54,1996-08
1087,411,54,1996-08
1088,476,54,1996-08
1089,541,54,1996-08
1090,592,54,1996-08
1091,109,57,1996-08
1092,229,57,1996-08
1093,476,57,1996-08
1094,541,57,1996-08
1095,592,57,1996-08
1096,229,193,1996-08
1097,404,193,1996-08
1098,411,193,1996-08
1099,476,193,1996-08
1100,541,193,1996-08
1101,592,193,1996-08
1102,8,512,1996-08
1103,109,512,1996-08
1104,229,512,1996-08
1105,314,512,1996-08
1106,404,512,1996-08
1107,584,512,1996-08
1108,8,514,1996-08
1109,14,514,1996-08
1110,109,514,1996-08
1111,229,514,1996-08
1112,476,514,1996-08
1113,14,147,1996-08
1114,109,147,1996-08
1115,314,147,1996-08
1116,411,147,1996-08
1117,476,147,1996-08
1118,541,147,1996-08
1119,592,147,1996-08
1120,109,76,1996-08
1121,411,76,1996-08
1122,476,76,1996-08
1123,541,76,1996-08
1124,592,76,1996-08
1125,109,52,1996-08
1126,229,52,1996-08
1127,314,52,1996-08
1128,541,52,1996-08
1129,584,52,1996-08
1130,38,246,1996-08
1131,102,246,1996-08
1132,109,246,1996-08
1133,262,246,1996-08
1134,404,246,1996-08
1135,588,246,1996-08
1136,38,293,1996-08
1137,54,293,1996-08
1138,102,293,1996-08
1139,109,293,1996-08
1140,314,293,1996-08
1141,588,293,1996-08
1142,54,377,1996-08
1143,109,377,1996-08
1144,242,377,1996-08
1145,404,377,1996-08
1146,588,377,1996-08
1147,592,377,1996-08
1148,38,245,1996-08
1149,102,245,1996-08
1150,109,245,1996-08
1151,242,245,1996-08
1152,314,245,1996-08
1153,38,294,1996-08
1154,54,294,1996-08
1155,102,294,1996-08
1156,109,294,1996-08
1157,314,294,1996-08
1158,592,294,1996-08
1159,38,292,1996-08
1160,54,292,1996-08
1161,102,292,1996-08
1162,109,292,1996-08
1163,314,292,1996-08
1164,38,296,1996-08
1165,54,296,1996-08
1166,109,296,1996-08
1167,242,296,1996-08
1168,314,296,1996-08
1169,38,262,1996-08
1170,109,262,1996-08
1171,242,262,1996-08
1172,314,262,1996-08
1173,588,262,1996-08
1174,102,20,1996-08
1175,170,20,1996-08
1176,242,20,1996-08
1177,273,20,1996-08
1178,394,20,1996-08
1179,455,20,1996-08
1180,26,204,1996-08
1181,102,204,1996-08
1182,109,204,1996-08
1183,170,204,1996-08
1184,394,204,1996-08
1185,507,204,1996-08
1186,26,205,1996-08
1187,102,205,1996-08
1188,109,205,1996-08
1189,394,205,1996-08
1190,455,205,1996-08
1191,588,205,1996-08
1192,102,2,1996-08
1193,109,2,1996-08
1194,170,2,1996-08
1195,394,2,1996-08
1196,455,2,1996-08
1197,588,2,1996-08
1198,102,8,1996-08
1199,109,8,1996-08
1200,394,8,1996-08
1201,455,8,1996-08
1202,588,8,1996-08
1203,109,42,1996-08
1204,170,42,1996-08
1205,242,42,1996-08
1206,455,42,1996-08
1207,507,42,1996-08
1208,588,42,1996-08
1209,26,212,1996-08
1210,170,212,1996-08
1211,242,212,1996-08
1212,455,212,1996-08
1213,588,212,1996-08
1214,109,43,1996-08
1215,170,43,1996-08
1216,242,43,1996-08
1217,455,43,1996-08
1218,588,43,1996-08
1219,102,6,1996-08
1220,109,6,1996-08
1221,273,6,1996-08
1222,455,6,1996-08
1223,507,6,1996-08
1224,56,400,1996-08
1225,170,400,1996-08
1226,242,400,1996-08
1227,394,400,1996-08
1228,498,400,1996-08
1229,592,400,1996-08
1230,26,214,1996-08
1231,170,214,1996-08
1232,394,214,1996-08
1233,476,214,1996-08
1234,498,214,1996-08
1235,592,214,1996-08
1236,26,222,1996-08
1237,394,222,1996-08
1238,476,222,1996-08
1239,498,222,1996-08
1240,512,222,1996-08
1241,602,222,1996-08
1242,56,429,1996-08
1243,476,429,1996-08
1244,498,429,1996-08
1245,512,429,1996-08
1246,592,429,1996-08
1247,602,429,1996-08
1248,170,169,1996-08
1249,242,169,1996-08
1250,498,169,1996-08
1251,512,169,1996-08
1252,602,169,1996-08
1253,26,216,1996-08
1254,170,216,1996-08
1255,476,216,1996-08
1256,498,216,1996-08
1257,592,216,1996-08
1258,602,216,1996-08
1259,26,215,1996-08
1260,170,215,1996-08
1261,476,215,1996-08
1262,498,215,1996-08
1263,592,215,1996-08
1264,56,401,1996-08
1265,170,401,1996-08
1266,242,401,1996-08
1267,592,401,1996-08
1268,602,401,1996-08
1269,56,421,1996-08
1270,242,421,1996-08
1271,476,421,1996-08
1272,592,421,1996-08
1273,602,421,1996-08
1274,46,326,1996-08
1275,102,326,1996-08
1276,142,326,1996-08
1277,179,326,1996-08
1278,242,326,1996-08
1279,395,326,1996-08
1280,592,326,1996-08
1281,102,1,1996-08
1282,109,1,1996-08
1283,142,1,1996-08
1284,395,1,1996-08
1285,486,1,1996-08
1286,592,1,1996-08
1287,14,153,1996-08
1288,46,153,1996-08
1289,102,153,1996-08
1290,109,153,1996-08
1291,242,153,1996-08
1292,486,153,1996-08
1293,14,146,1996-08
1294,102,146,1996-08
1295,109,146,1996-08
1296,395,146,1996-08
1297,592,146,1996-08
1298,8,519,1996-08
1299,179,519,1996-08
1300,385,519,1996-08
1301,394,519,1996-08
1302,411,519,1996-08
1303,447,519,1996-08
1304,455,519,1996-08
1305,38,288,1996-08
1306,385,288,1996-08
1307,394,288,1996-08
1308,404,288,1996-08
1309,455,288,1996-08
1310,602,288,1996-08
1311,8,529,1996-08
1312,38,529,1996-08
1313,404,529,1996-08
1314,411,529,1996-08
1315,447,529,1996-08
1316,455,529,1996-08
1317,602,529,1996-08
1318,179,188,1996-08
1319,404,188,1996-08
1320,447,188,1996-08
1321,455,188,1996-08
1322,602,188,1996-08
1323,8,518,1996-08
1324,179,518,1996-08
1325,385,518,1996-08
1326,394,518,1996-08
1327,404,518,1996-08
1328,455,518,1996-08
1329,8,520,1996-08
1330,179,520,1996-08
1331,385,520,1996-08
1332,394,520,1996-08
1333,455,520,1996-08
1334,38,277,1996-08
1335,179,277,1996-08
1336,411,277,1996-08
1337,455,277,1996-08
1338,602,277,1996-08
1339,109,71,1996-08
1340,395,71,1996-08
1341,455,71,1996-08
1342,512,71,1996-08
1343,588,71,1996-08
1344,142,159,1996-08
1345,411,159,1996-08
1346,455,159,1996-08
1347,512,159,1996-08
1348,541,159,1996-08
1349,588,159,1996-08
1350,109,38,1996-08
1351,142,38,1996-08
1352,395,38,1996-08
1353,411,38,1996-08
1354,455,38,1996-08
1355,507,38,1996-08
1356,541,38,1996-08
1357,142,156,1996-08
1358,395,156,1996-08
1359,411,156,1996-08
1360,455,156,1996-08
1361,541,156,1996-08
1362,142,160,1996-08
1363,411,160,1996-08
1364,455,160,1996-08
1365,512,160,1996-08
1366,588,160,1996-08
1367,54,375,1996-08
1368,109,375,1996-08
1369,142,375,1996-08
1370,455,375,1996-08
1371,588,375,1996-08
1372,109,40,1996-08
1373,142,40,1996-08
1374,411,40,1996-08
1375,507,40,1996-08
1376,512,40,1996-08
1377,54,381,1996-08
1378,109,381,1996-08
1379,455,381,1996-08
1380,507,381,1996-08
1381,588,381,1996-08
1382,54,378,1996-08
1383,109,378,1996-08
1384,395,378,1996-08
1385,411,378,1996-08
1386,541,378,1996-08
1387,54,379,1996-08
1388,109,379,1996-08
1389,395,379,1996-08
1390,455,379,1996-08
1391,512,379,1996-08
1392,109,77,1996-08
1393,455,77,1996-08
1394,512,77,1996-08
1395,541,77,1996-08
1396,588,77,1996-08
1397,109,73,1996-08
1398,395,73,1996-08
1399,507,73,1996-08
1400,512,73,1996-08
1401,588,73,1996-08
1402,26,217,1996-08
1403,262,217,1996-08
1404,455,217,1996-08
1405,512,217,1996-08
1406,588,217,1996-08
1407,602,217,1996-08
1408,455,325,1996-08
1409,512,325,1996-08
1410,588,325,1996-08
1411,592,325,1996-08
1412,602,325,1996-08
1413,26,226,1996-08
1414,46,226,1996-08
1415,588,226,1996-08
1416,592,226,1996-08
1417,602,226,1996-08
1418,38,283,1996-08
1419,262,283,1996-08
1420,395,283,1996-08
1421,455,283,1996-08
1422,476,283,1996-08
1423,512,283,1996-08
1424,8,526,1996-08
1425,38,526,1996-08
1426,242,526,1996-08
1427,455,526,1996-08
1428,512,526,1996-08
1429,8,528,1996-08
1430,38,528,1996-08
1431,395,528,1996-08
1432,476,528,1996-08
1433,512,528,1996-08
1434,38,280,1996-08
1435,242,280,1996-08
1436,395,280,1996-08
1437,455,280,1996-08
1438,476,280,1996-08
1439,38,289,1996-08
1440,395,289,1996-08
1441,455,289,1996-08
1442,476,289,1996-08
1443,512,289,1996-08
1444,38,278,1996-08
1445,192,278,1996-08
1446,262,278,1996-08
1447,395,278,1996-08
1448,476,278,1996-08
1449,102,24,1996-08
1450,235,24,1996-08
1451,404,24,1996-08
1452,476,24,1996-08
1453,512,24,1996-08
1454,588,24,1996-08
1455,602,24,1996-08
1456,102,33,1996-08
1457,404,33,1996-08
1458,476,33,1996-08
1459,512,33,1996-08
1460,588,33,1996-08
1461,602,33,1996-08
1462,170,174,1996-08
1463,404,174,1996-08
1464,512,174,1996-08
1465,588,174,1996-08
1466,602,174,1996-08
1467,170,172,1996-08
1468,314,172,1996-08
1469,476,172,1996-08
1470,588,172,1996-08
1471,602,172,1996-08
1472,170,165,1996-08
1473,235,165,1996-08
1474,404,165,1996-08
1475,588,165,1996-08
1476,602,165,1996-08
1477,8,510,1996-08
1478,102,510,1996-08
1479,314,510,1996-08
1480,395,510,1996-08
1481,411,510,1996-08
1482,455,510,1996-08
1483,38,250,1996-08
1484,102,250,1996-08
1485,109,250,1996-08
1486,395,250,1996-08
1487,455,250,1996-08
1488,476,250,1996-08
1489,102,10,1996-08
1490,109,10,1996-08
1491,395,10,1996-08
1492,411,10,1996-08
1493,455,10,1996-08
1494,476,10,1996-08
1495,102,13,1996-08
1496,109,13,1996-08
1497,395,13,1996-08
1498,455,13,1996-08
1499,476,13,1996-08
1500,38,248,1996-08
1501,102,248,1996-08
1502,109,248,1996-08
1503,314,248,1996-08
1504,455,248,1996-08
1505,8,525,1996-08
1506,38,525,1996-08
1507,109,525,1996-08
1508,395,525,1996-08
1509,476,525,1996-08
1510,8,524,1996-08
1511,38,524,1996-08
1512,102,524,1996-08
1513,109,524,1996-08
1514,314,524,1996-08
1515,38,284,1996-08
1516,314,284,1996-08
1517,395,284,1996-08
1518,411,284,1996-08
1519,455,284,1996-08
1520,476,284,1996-08
1521,38,247,1996-08
1522,102,247,1996-08
1523,109,247,1996-08
1524,314,247,1996-08
1525,395,247,1996-08
1526,411,247,1996-08
1527,476,247,1996-08
1528,38,251,1996-08
1529,102,251,1996-08
1530,109,251,1996-08
1531,395,251,1996-08
1532,476,251,1996-08
1533,102,11,1996-08
1534,109,11,1996-08
1535,395,11,1996-08
1536,411,11,1996-08
1537,476,11,1996-08
1538,38,285,1996-08
1539,314,285,1996-08
1540,395,285,1996-08
1541,411,285,1996-08
1542,476,285,1996-08
1543,38,265,1996-08
1544,109,265,1996-08
1545,314,265,1996-08
1546,395,265,1996-08
1547,455,265,1996-08
1548,476,265,1996-08
1549,38,271,1996-08
1550,109,271,1996-08
1551,395,271,1996-08
1552,455,271,1996-08
1553,476,271,1996-08
1554,38,287,1996-08
1555,314,287,1996-08
1556,395,287,1996-08
1557,455,287,1996-08
1558,476,287,1996-08
1559,38,266,1996-08
1560,109,266,1996-08
1561,314,266,1996-08
1562,395,266,1996-08
1563,476,266,1996-08
1564,8,513,1996-08
1565,109,513,1996-08
1566,314,513,1996-08
1567,411,513,1996-08
1568,476,513,1996-08
1569,8,527,1996-08
1570,38,527,1996-08
1571,395,527,1996-08
1572,455,527,1996-08
1573,476,527,1996-08
1574,170,170,1996-08
1575,243,170,1996-08
1576,314,170,1996-08
1577,385,170,1996-08
1578,395,170,1996-08
1579,455,170,1996-08
1580,541,170,1996-08
1581,314,227,1996-08
1582,349,227,1996-08
1583,385,227,1996-08
1584,395,227,1996-08
1585,455,227,1996-08
1586,170,171,1996-08
1587,243,171,1996-08
1588,314,171,1996-08
1589,455,171,1996-08
1590,541,171,1996-08
1591,109,75,1996-08
1592,404,75,1996-08
1593,486,75,1996-08
1594,498,75,1996-08
1595,588,75,1996-08
1596,54,380,1996-08
1597,109,380,1996-08
1598,404,380,1996-08
1599,507,380,1996-08
1600,588,380,1996-08
1601,142,154,1996-08
1602,170,154,1996-08
1603,385,154,1996-08
1604,395,154,1996-08
1605,541,154,1996-08
1606,592,154,1996-08
1607,142,161,1996-08
1608,486,161,1996-08
1609,541,161,1996-08
1610,592,161,1996-08
1611,602,161,1996-08
1612,142,157,1996-08
1613,395,157,1996-08
1614,486,157,1996-08
1615,541,157,1996-08
1616,592,157,1996-08
1617,170,173,1996-08
1618,385,173,1996-08
1619,395,173,1996-08
1620,592,173,1996-08
1621,602,173,1996-08
1622,8,509,1996-08
1623,102,509,1996-08
1624,242,509,1996-08
1625,314,509,1996-08
1626,411,509,1996-08
1627,447,509,1996-08
1628,8,522,1996-08
1629,242,522,1996-08
1630,404,522,1996-08
1631,411,522,1996-08
1632,447,522,1996-08
1633,102,28,1996-08
1634,314,28,1996-08
1635,411,28,1996-08
1636,447,28,1996-08
1637,476,28,1996-08
1638,8,523,1996-08
1639,314,523,1996-08
1640,404,523,1996-08
1641,411,523,1996-08
1642,476,523,1996-08
1643,8,511,1996-08
1644,102,511,1996-08
1645,314,511,1996-08
1646,411,511,1996-08
1647,476,511,1996-08
1648,102,14,1996-08
1649,109,14,1996-08
1650,404,14,1996-08
1651,411,14,1996-08
1652,507,14,1996-08
1653,109,59,1996-08
1654,242,59,1996-08
1655,349,59,1996-08
1656,411,59,1996-08
1657,507,59,1996-08
1658,109,61,1996-08
1659,242,61,1996-08
1660,404,61,1996-08
1661,444,61,1996-08
1662,507,61,1996-08
1663,102,7,1996-08
1664,109,7,1996-08
1665,349,7,1996-08
1666,411,7,1996-08
1667,507,7,1996-08
1668,26,225,1996-08
1669,46,225,1996-08
1670,411,225,1996-08
1671,588,225,1996-08
1672,602,225,1996-08
1673,56,387,1996-08
1674,102,387,1996-08
1675,170,387,1996-08
1676,179,387,1996-08
1677,395,387,1996-08
1678,447,387,1996-08
1679,455,387,1996-08
1680,592,387,1996-08
1681,56,391,1996-08
1682,102,391,1996-08
1683,395,391,1996-08
1684,455,391,1996-08
1685,592,391,1996-08
1686,56,410,1996-08
1687,179,410,1996-08
1688,395,410,1996-08
1689,447,410,1996-08
1690,455,410,1996-08
1691,56,411,1996-08
1692,179,411,1996-08
1693,395,411,1996-08
1694,455,411,1996-08
1695,592,411,1996-08
1696,229,194,1996-08
1697,411,194,1996-08
1698,486,194,1996-08
1699,512,194,1996-08
1700,541,194,1996-08
1701,602,194,1996-08
1702,109,55,1996-08
1703,229,55,1996-08
1704,411,55,1996-08
1705,486,55,1996-08
1706,541,55,1996-08
1707,109,49,1996-08
1708,229,49,1996-08
1709,273,49,1996-08
1710,411,49,1996-08
1711,602,49,1996-08
1712,102,29,1996-08
1713,349,29,1996-08
1714,411,29,1996-08
1715,512,29,1996-08
1716,602,29,1996-08
1717,8,530,1996-08
1718,38,530,1996-08
1719,411,530,1996-08
1720,512,530,1996-08
1721,602,530,1996-08
1722,102,26,1996-08
1723,273,26,1996-08
1724,349,26,1996-08
1725,411,26,1996-08
1726,602,26,1996-08
1727,109,70,1996-08
1728,395,70,1996-08
1729,404,70,1996-08
1730,455,70,1996-08
1731,588,70,1996-08
1732,109,69,1996-08
1733,395,69,1996-08
1734,404,69,1996-08
1735,455,69,1996-08
1736,541,69,1996-08
1737,109,44,1996-08
1738,170,44,1996-08
1739,404,44,1996-08
1740,455,44,1996-08
1741,588,44,1996-08
1742,109,45,1996-08
1743,170,45,1996-08
1744,455,45,1996-08
1745,541,45,1996-08
1746,588,45,1996-08
1747,109,72,1996-08
1748,395,72,1996-08
1749,455,72,1996-08
1750,541,72,1996-08
1751,588,72,1996-08
1752,46,327,1996-08
1753,102,327,1996-08
1754,411,327,1996-08
1755,455,327,1996-08
1756,592,327,1996-08
1757,102,15,1996-08
1758,109,15,1996-08
1759,411,15,1996-08
1760,455,15,1996-08
1761,592,15,1996-08
1762,38,253,1996-08
1763,102,253,1996-08
1764,109,253,1996-08
1765,411,253,1996-08
1766,592,253,1996-08
1767,38,252,1996-08
1768,102,252,1996-08
1769,109,252,1996-08
1770,411,252,1996-08
1771,455,252,1996-08
1772,176,184,1996-08
1773,243,184,1996-08
1774,314,184,1996-08
1775,385,184,1996-08
1776,485,184,1996-08
1777,592,184,1996-08
1778,14,148,1996-08
1779,109,148,1996-08
1780,411,148,1996-08
1781,541,148,1996-08
1782,592,148,1996-08
1783,26,210,1996-08
1784,109,210,1996-08
1785,394,210,1996-08
1786,498,210,1996-08
1787,584,210,1996-08
1788,26,209,1996-08
1789,109,209,1996-08
1790,394,209,1996-08
1791,395,209,1996-08
1792,498,209,1996-08
1793,56,422,1996-08
1794,314,422,1996-08
1795,385,422,1996-08
1796,541,422,1996-08
1797,592,422,1996-08
1798,109,64,1996-08
1799,273,64,1996-08
1800,411,64,1996-08
1801,455,64,1996-08
1802,602,64,1996-08
1803,38,279,1996-08
1804,235,279,1996-08
1805,395,279,1996-08
1806,411,279,1996-08
1807,592,279,1996-08
1808,38,270,1996-08
1809,109,270,1996-08
1810,395,270,1996-08
1811,411,270,1996-08
1812,592,270,1996-08
1813,26,219,1996-08
1814,38,219,1996-08
1815,395,219,1996-08
1816,588,219,1996-08
1817,602,219,1996-08
1818,109,51,1996-08
1819,229,51,1996-08
1820,314,51,1996-08
1821,404,51,1996-08
1822,411,51,1996-08
1823,235,198,1996-08
1824,314,198,1996-08
1825,385,198,1996-08
1826,455,198,1996-08
1827,541,198,1996-08
1828,56,392,1996-08
1829,102,392,1996-08
1830,411,392,1996-08
1831,592,392,1996-08
1832,602,392,1996-08
1833,5,367,1996-11
1834,6,367,1996-11
1835,37,367,1996-11
1836,58,367,1996-11
1837,81,367,1996-11
1838,94,367,1996-11
1839,117,367,1996-11
1840,173,367,1996-11
1841,240,367,1996-11
1842,347,367,1996-11
1843,373,367,1996-11
1844,379,367,1996-11
1845,559,367,1996-11
1846,6,499,1996-11
1847,81,499,1996-11
1848,117,499,1996-11
1849,347,499,1996-11
1850,374,499,1996-11
1851,446,499,1996-11
1852,470,499,1996-11
1853,559,499,1996-11
1854,566,499,1996-11
1855,6,497,1996-11
1856,81,497,1996-11
1857,117,497,1996-11
1858,174,497,1996-11
1859,347,497,1996-11
1860,559,497,1996-11
1861,6,500,1996-11
1862,81,500,1996-11
1863,117,500,1996-11
1864,347,500,1996-11
1865,559,500,1996-11
1866,58,445,1996-11
1867,94,445,1996-11
1868,121,445,1996-11
1869,133,445,1996-11
1870,240,445,1996-11
1871,347,445,1996-11
1872,458,445,1996-11
1873,559,445,1996-11
1874,566,445,1996-11
1875,569,445,1996-11
1876,58,446,1996-11
1877,94,446,1996-11
1878,174,446,1996-11
1879,240,446,1996-11
1880,347,446,1996-11
1881,559,446,1996-11
1882,58,448,1996-11
1883,94,448,1996-11
1884,240,448,1996-11
1885,347,448,1996-11
1886,559,448,1996-11
1887,6,495,1996-11
1888,81,495,1996-11
1889,117,495,1996-11
1890,121,495,1996-11
1891,126,495,1996-11
1892,470,495,1996-11
1893,559,495,1996-11
1894,609,495,1996-11
1895,6,496,1996-11
1896,81,496,1996-11
1897,117,496,1996-11
1898,174,496,1996-11
1899,321,496,1996-11
1900,470,496,1996-11
1901,559,496,1996-11
1902,6,501,1996-11
1903,81,501,1996-11
1904,117,501,1996-11
1905,470,501,1996-11
1906,559,501,1996-11
1907,6,498,1996-11
1908,81,498,1996-11
1909,117,498,1996-11
1910,174,498,1996-11
1911,559,498,1996-11
1912,5,370,1996-11
1913,6,370,1996-11
1914,94,370,1996-11
1915,121,370,1996-11
1916,347,370,1996-11
1917,373,370,1996-11
1918,458,370,1996-11
1919,470,370,1996-11
1920,559,370,1996-11
1921,5,372,1996-11
1922,6,372,1996-11
1923,94,372,1996-11
1924,347,372,1996-11
1925,373,372,1996-11
1926,559,372,1996-11
1927,6,477,1996-11
1928,181,477,1996-11
1929,321,477,1996-11
1930,347,477,1996-11
1931,470,477,1996-11
1932,559,477,1996-11
1933,565,477,1996-11
1934,94,557,1996-11
1935,121,557,1996-11
1936,347,557,1996-11
1937,458,557,1996-11
1938,559,557,1996-11
1939,81,541,1996-11
1940,94,541,1996-11
1941,117,541,1996-11
1942,121,541,1996-11
1943,133,541,1996-11
1944,173,541,1996-11
1945,446,541,1996-11
1946,81,534,1996-11
1947,117,534,1996-11
1948,181,534,1996-11
1949,321,534,1996-11
1950,446,534,1996-11
1951,43,323,1996-11
1952,94,323,1996-11
1953,121,323,1996-11
1954,133,323,1996-11
1955,386,323,1996-11
1956,81,533,1996-11
1957,117,533,1996-11
1958,121,533,1996-11
1959,321,533,1996-11
1960,386,533,1996-11
1961,530,533,1996-11
1962,6,505,1996-11
1963,94,505,1996-11
1964,117,505,1996-11
1965,173,505,1996-11
1966,240,505,1996-11
1967,446,505,1996-11
1968,470,505,1996-11
1969,559,505,1996-11
1970,566,505,1996-11
1971,6,462,1996-11
1972,117,462,1996-11
1973,174,462,1996-11
1974,446,462,1996-11
1975,470,462,1996-11
1976,559,462,1996-11
1977,566,462,1996-11
1978,6,469,1996-11
1979,117,469,1996-11
1980,446,469,1996-11
1981,470,469,1996-11
1982,559,469,1996-11
1983,566,469,1996-11
1984,94,567,1996-11
1985,174,567,1996-11
1986,240,567,1996-11
1987,386,567,1996-11
1988,559,567,1996-11
1989,566,567,1996-11
1990,6,460,1996-11
1991,117,460,1996-11
1992,174,460,1996-11
1993,386,460,1996-11
1994,470,460,1996-11
1995,559,460,1996-11
1996,6,464,1996-11
1997,117,464,1996-11
1998,174,464,1996-11
1999,470,464,1996-11
2000,559,464,1996-11
2001,94,546,1996-11
2002,117,546,1996-11
2003,173,546,1996-11
2004,386,546,1996-11
2005,446,546,1996-11
2006,5,374,1996-11
2007,81,374,1996-11
2008,121,374,1996-11
2009,133,374,1996-11
2010,374,374,1996-11
2011,446,374,1996-11
2012,470,374,1996-11
2013,559,374,1996-11
2014,566,374,1996-11
2015,609,374,1996-11
2016,81,539,1996-11
2017,374,539,1996-11
2018,446,539,1996-11
2019,470,539,1996-11
2020,559,539,1996-11
2021,565,539,1996-11
2022,566,539,1996-11
2023,81,540,1996-11
2024,374,540,1996-11
2025,446,540,1996-11
2026,470,540,1996-11
2027,559,540,1996-11
2028,566,540,1996-11
2029,81,536,1996-11
2030,121,536,1996-11
2031,470,536,1996-11
2032,559,536,1996-11
2033,609,536,1996-11
2034,5,352,1996-11
2035,121,352,1996-11
2036,470,352,1996-11
2037,559,352,1996-11
2038,565,352,1996-11
2039,6,488,1996-11
2040,58,488,1996-11
2041,117,488,1996-11
2042,126,488,1996-11
2043,347,488,1996-11
2044,373,488,1996-11
2045,374,488,1996-11
2046,470,488,1996-11
2047,559,488,1996-11
2048,609,488,1996-11
2049,6,467,1996-11
2050,117,467,1996-11
2051,347,467,1996-11
2052,374,467,1996-11
2053,470,467,1996-11
2054,559,467,1996-11
2055,6,453,1996-11
2056,117,453,1996-11
2057,126,453,1996-11
2058,470,453,1996-11
2059,559,453,1996-11
2060,609,453,1996-11
2061,6,484,1996-11
2062,347,484,1996-11
2063,373,484,1996-11
2064,470,484,1996-11
2065,559,484,1996-11
2066,37,240,1996-11
2067,117,240,1996-11
2068,240,240,1996-11
2069,374,240,1996-11
2070,446,240,1996-11
2071,559,240,1996-11
2072,566,240,1996-11
2073,609,240,1996-11
2074,37,239,1996-11
2075,117,239,1996-11
2076,174,239,1996-11
2077,240,239,1996-11
2078,559,239,1996-11
2079,117,102,1996-11
2080,174,102,1996-11
2081,374,102,1996-11
2082,446,102,1996-11
2083,559,102,1996-11
2084,566,102,1996-11
2085,117,104,1996-11
2086,174,104,1996-11
2087,386,104,1996-11
2088,530,104,1996-11
2089,559,104,1996-11
2090,609,104,1996-11
2091,117,97,1996-11
2092,174,97,1996-11
2093,240,97,1996-11
2094,386,97,1996-11
2095,446,97,1996-11
2096,559,97,1996-11
2097,566,97,1996-11
2098,117,105,1996-11
2099,174,105,1996-11
2100,446,105,1996-11
2101,559,105,1996-11
2102,566,105,1996-11
2103,174,182,1996-11
2104,240,182,1996-11
2105,386,182,1996-11
2106,559,182,1996-11
2107,566,182,1996-11
2108,374,242,1996-11
2109,446,242,1996-11
2110,559,242,1996-11
2111,566,242,1996-11
2112,609,242,1996-11
2113,5,355,1996-11
2114,58,355,1996-11
2115,117,355,1996-11
2116,121,355,1996-11
2117,240,355,1996-11
2118,374,355,1996-11
2119,446,355,1996-11
2120,559,355,1996-11
2121,566,355,1996-11
2122,5,356,1996-11
2123,58,356,1996-11
2124,117,356,1996-11
2125,240,356,1996-11
2126,559,356,1996-11
2127,117,115,1996-11
2128,321,115,1996-11
2129,374,115,1996-11
2130,446,115,1996-11
2131,559,115,1996-11
2132,566,115,1996-11
2133,43,321,1996-11
2134,58,321,1996-11
2135,121,321,1996-11
2136,240,321,1996-11
2137,559,321,1996-11
2138,566,321,1996-11
2139,58,440,1996-11
2140,121,440,1996-11
2141,240,440,1996-11
2142,559,440,1996-11
2143,566,440,1996-11
2144,43,317,1996-11
2145,117,317,1996-11
2146,121,317,1996-11
2147,321,317,1996-11
2148,446,317,1996-11
2149,5,348,1996-11
2150,121,348,1996-11
2151,374,348,1996-11
2152,446,348,1996-11
2153,559,348,1996-11
2154,566,348,1996-11
2155,117,111,1996-11
2156,240,111,1996-11
2157,374,111,1996-11
2158,446,111,1996-11
2159,559,111,1996-11
2160,566,111,1996-11
2161,117,122,1996-11
2162,374,122,1996-11
2163,446,122,1996-11
2164,559,122,1996-11
2165,566,122,1996-11
2166,117,113,1996-11
2167,240,113,1996-11
2168,446,113,1996-11
2169,559,113,1996-11
2170,566,113,1996-11
2171,5,368,1996-11
2172,6,368,1996-11
2173,94,368,1996-11
2174,117,368,1996-11
2175,173,368,1996-11
2176,174,368,1996-11
2177,240,368,1996-11
2178,373,368,1996-11
2179,559,368,1996-11
2180,5,369,1996-11
2181,6,369,1996-11
2182,94,369,1996-11
2183,117,369,1996-11
2184,173,369,1996-11
2185,240,369,1996-11
2186,373,369,1996-11
2187,559,369,1996-11
2188,6,458,1996-11
2189,117,458,1996-11
2190,174,458,1996-11
2191,321,458,1996-11
2192,386,458,1996-11
2193,559,458,1996-11
2194,6,459,1996-11
2195,117,459,1996-11
2196,174,459,1996-11
2197,321,459,1996-11
2198,559,459,1996-11
2199,5,371,1996-11
2200,6,371,1996-11
2201,94,371,1996-11
2202,321,371,1996-11
2203,373,371,1996-11
2204,559,371,1996-11
2205,5,373,1996-11
2206,6,373,1996-11
2207,94,373,1996-11
2208,373,373,1996-11
2209,559,373,1996-11
2210,94,545,1996-11
2211,117,545,1996-11
2212,173,545,1996-11
2213,321,545,1996-11
2214,386,545,1996-11
2215,6,503,1996-11
2216,94,503,1996-11
2217,117,503,1996-11
2218,173,503,1996-11
2219,174,503,1996-11
2220,240,503,1996-11
2221,386,503,1996-11
2222,559,503,1996-11
2223,6,504,1996-11
2224,94,504,1996-11
2225,117,504,1996-11
2226,173,504,1996-11
2227,174,504,1996-11
2228,240,504,1996-11
2229,559,504,1996-11
2230,6,506,1996-11
2231,94,506,1996-11
2232,117,506,1996-11
2233,173,506,1996-11
2234,240,506,1996-11
2235,559,506,1996-11
2236,94,566,1996-11
2237,174,566,1996-11
2238,240,566,1996-11
2239,386,566,1996-11
2240,559,566,1996-11
2241,6,461,1996-11
2242,117,461,1996-11
2243,174,461,1996-11
2244,386,461,1996-11
2245,559,461,1996-11
2246,5,339,1996-11
2247,117,339,1996-11
2248,240,339,1996-11
2249,321,339,1996-11
2250,559,339,1996-11
2251,94,542,1996-11
2252,117,542,1996-11
2253,121,542,1996-11
2254,126,542,1996-11
2255,240,542,1996-11
2256,347,542,1996-11
2257,373,542,1996-11
2258,374,542,1996-11
2259,379,542,1996-11
2260,470,542,1996-11
2261,609,542,1996-11
2262,94,552,1996-11
2263,117,552,1996-11
2264,240,552,1996-11
2265,347,552,1996-11
2266,373,552,1996-11
2267,379,552,1996-11
2268,117,78,1996-11
2269,121,78,1996-11
2270,126,78,1996-11
2271,470,78,1996-11
2272,609,78,1996-11
2273,94,555,1996-11
2274,121,555,1996-11
2275,347,555,1996-11
2276,373,555,1996-11
2277,470,555,1996-11
2278,117,91,1996-11
2279,126,91,1996-11
2280,347,91,1996-11
2281,373,91,1996-11
2282,374,91,1996-11
2283,470,91,1996-11
2284,609,91,1996-11
2285,58,431,1996-11
2286,117,431,1996-11
2287,121,431,1996-11
2288,133,431,1996-11
2289,240,431,1996-11
2290,347,431,1996-11
2291,446,431,1996-11
2292,470,431,1996-11
2293,559,431,1996-11
2294,609,431,1996-11
2295,58,434,1996-11
2296,117,434,1996-11
2297,240,434,1996-11
2298,347,434,1996-11
2299,559,434,1996-11
2300,117,121,1996-11
2301,347,121,1996-11
2302,446,121,1996-11
2303,470,121,1996-11
2304,559,121,1996-11
2305,58,438,1996-11
2306,121,438,1996-11
2307,133,438,1996-11
2308,240,438,1996-11
2309,347,438,1996-11
2310,559,438,1996-11
2311,117,87,1996-11
2312,121,87,1996-11
2313,470,87,1996-11
2314,559,87,1996-11
2315,609,87,1996-11
2316,117,112,1996-11
2317,240,112,1996-11
2318,446,112,1996-11
2319,470,112,1996-11
2320,559,112,1996-11
2321,121,124,1996-11
2322,133,124,1996-11
2323,446,124,1996-11
2324,470,124,1996-11
2325,559,124,1996-11
2326,609,124,1996-11
2327,58,436,1996-11
2328,117,436,1996-11
2329,340,436,1996-11
2330,347,436,1996-11
2331,470,436,1996-11
2332,559,436,1996-11
2333,609,436,1996-11
2334,58,437,1996-11
2335,117,437,1996-11
2336,347,437,1996-11
2337,470,437,1996-11
2338,559,437,1996-11
2339,609,437,1996-11
2340,117,114,1996-11
2341,240,114,1996-11
2342,446,114,1996-11
2343,559,114,1996-11
2344,609,114,1996-11
2345,117,83,1996-11
2346,121,83,1996-11
2347,240,83,1996-11
2348,347,83,1996-11
2349,470,83,1996-11
2350,609,83,1996-11
2351,5,360,1996-11
2352,6,360,1996-11
2353,126,360,1996-11
2354,133,360,1996-11
2355,173,360,1996-11
2356,347,360,1996-11
2357,373,360,1996-11
2358,458,360,1996-11
2359,609,360,1996-11
2360,5,363,1996-11
2361,6,363,1996-11
2362,173,363,1996-11
2363,347,363,1996-11
2364,373,363,1996-11
2365,6,471,1996-11
2366,126,471,1996-11
2367,321,471,1996-11
2368,386,471,1996-11
2369,609,471,1996-11
2370,5,365,1996-11
2371,6,365,1996-11
2372,321,365,1996-11
2373,347,365,1996-11
2374,373,365,1996-11
2375,458,365,1996-11
2376,5,366,1996-11
2377,6,366,1996-11
2378,347,366,1996-11
2379,373,366,1996-11
2380,458,366,1996-11
2381,6,472,1996-11
2382,126,472,1996-11
2383,347,472,1996-11
2384,373,472,1996-11
2385,609,472,1996-11
2386,5,361,1996-11
2387,6,361,1996-11
2388,173,361,1996-11
2389,321,361,1996-11
2390,373,361,1996-11
2391,386,361,1996-11
2392,6,485,1996-11
2393,347,485,1996-11
2394,374,485,1996-11
2395,379,485,1996-11
2396,458,485,1996-11
2397,470,485,1996-11
2398,609,485,1996-11
2399,6,478,1996-11
2400,321,478,1996-11
2401,347,478,1996-11
2402,374,478,1996-11
2403,470,478,1996-11
2404,6,482,1996-11
2405,321,482,1996-11
2406,470,482,1996-11
2407,530,482,1996-11
2408,609,482,1996-11
2409,6,479,1996-11
2410,321,479,1996-11
2411,347,479,1996-11
2412,458,479,1996-11
2413,470,479,1996-11
2414,6,483,1996-11
2415,340,483,1996-11
2416,347,483,1996-11
2417,374,483,1996-11
2418,470,483,1996-11
2419,609,483,1996-11
2420,6,486,1996-11
2421,347,486,1996-11
2422,374,486,1996-11
2423,470,486,1996-11
2424,609,486,1996-11
2425,347,238,1996-11
2426,374,238,1996-11
2427,379,238,1996-11
2428,470,238,1996-11
2429,609,238,1996-11
2430,6,480,1996-11
2431,321,480,1996-11
2432,347,480,1996-11
2433,458,480,1996-11
2434,609,480,1996-11
2435,5,341,1996-11
2436,121,341,1996-11
2437,133,341,1996-11
2438,373,341,1996-11
2439,446,341,1996-11
2440,458,341,1996-11
2441,566,341,1996-11
2442,43,319,1996-11
2443,121,319,1996-11
2444,133,319,1996-11
2445,386,319,1996-11
2446,458,319,1996-11
2447,566,319,1996-11
2448,43,318,1996-11
2449,121,318,1996-11
2450,133,318,1996-11
2451,386,318,1996-11
2452,446,318,1996-11
2453,530,318,1996-11
2454,5,342,1996-11
2455,121,342,1996-11
2456,133,342,1996-11
2457,446,342,1996-11
2458,566,342,1996-11
2459,5,354,1996-11
2460,43,354,1996-11
2461,121,354,1996-11
2462,446,354,1996-11
2463,566,354,1996-11
2464,5,353,1996-11
2465,133,353,1996-11
2466,373,353,1996-11
2467,386,353,1996-11
2468,458,353,1996-11
2469,117,81,1996-11
2470,121,81,1996-11
2471,173,81,1996-11
2472,347,81,1996-11
2473,374,81,1996-11
2474,379,81,1996-11
2475,470,81,1996-11
2476,559,81,1996-11
2477,117,92,1996-11
2478,173,92,1996-11
2479,347,92,1996-11
2480,379,92,1996-11
2481,559,92,1996-11
2482,117,106,1996-11
2483,181,106,1996-11
2484,347,106,1996-11
2485,374,106,1996-11
2486,470,106,1996-11
2487,559,106,1996-11
2488,117,86,1996-11
2489,121,86,1996-11
2490,386,86,1996-11
2491,470,86,1996-11
2492,559,86,1996-11
2493,121,131,1996-11
2494,181,131,1996-11
2495,347,131,1996-11
2496,470,131,1996-11
2497,559,131,1996-11
2498,117,79,1996-11
2499,121,79,1996-11
2500,173,79,1996-11
2501,181,79,1996-11
2502,386,79,1996-11
2503,117,93,1996-11
2504,173,93,1996-11
2505,386,93,1996-11
2506,470,93,1996-11
2507,559,93,1996-11
2508,117,119,1996-11
2509,347,119,1996-11
2510,374,119,1996-11
2511,470,119,1996-11
2512,559,119,1996-11
2513,117,84,1996-11
2514,121,84,1996-11
2515,347,84,1996-11
2516,374,84,1996-11
2517,379,84,1996-11
2518,470,84,1996-11
2519,117,85,1996-11
2520,121,85,1996-11
2521,347,85,1996-11
2522,470,85,1996-11
2523,559,85,1996-11
2524,5,333,1996-11
2525,117,333,1996-11
2526,121,333,1996-11
2527,173,333,1996-11
2528,379,333,1996-11
2529,446,333,1996-11
2530,559,333,1996-11
2531,566,333,1996-11
2532,5,338,1996-11
2533,117,338,1996-11
2534,173,338,1996-11
2535,379,338,1996-11
2536,559,338,1996-11
2537,117,116,1996-11
2538,321,116,1996-11
2539,446,116,1996-11
2540,559,116,1996-11
2541,565,116,1996-11
2542,566,116,1996-11
2543,5,347,1996-11
2544,121,347,1996-11
2545,321,347,1996-11
2546,559,347,1996-11
2547,565,347,1996-11
2548,117,80,1996-11
2549,121,80,1996-11
2550,173,80,1996-11
2551,321,80,1996-11
2552,446,80,1996-11
2553,117,94,1996-11
2554,173,94,1996-11
2555,446,94,1996-11
2556,559,94,1996-11
2557,566,94,1996-11
2558,5,350,1996-11
2559,121,350,1996-11
2560,446,350,1996-11
2561,559,350,1996-11
2562,565,350,1996-11
2563,566,350,1996-11
2564,5,334,1996-11
2565,117,334,1996-11
2566,121,334,1996-11
2567,321,334,1996-11
2568,446,334,1996-11
2569,559,334,1996-11
2570,566,334,1996-11
2571,5,335,1996-11
2572,117,335,1996-11
2573,121,335,1996-11
2574,446,335,1996-11
2575,559,335,1996-11
2576,566,335,1996-11
2577,117,117,1996-11
2578,321,117,1996-11
2579,446,117,1996-11
2580,559,117,1996-11
2581,566,117,1996-11
2582,5,351,1996-11
2583,121,351,1996-11
2584,446,351,1996-11
2585,559,351,1996-11
2586,566,351,1996-11
2587,5,337,1996-11
2588,117,337,1996-11
2589,173,337,1996-11
2590,321,337,1996-11
2591,559,337,1996-11
2592,117,82,1996-11
2593,121,82,1996-11
2594,173,82,1996-11
2595,379,82,1996-11
2596,559,82,1996-11
2597,6,487,1996-11
2598,58,487,1996-11
2599,117,487,1996-11
2600,121,487,1996-11
2601,240,487,1996-11
2602,446,487,1996-11
2603,559,487,1996-11
2604,6,489,1996-11
2605,58,489,1996-11
2606,117,489,1996-11
2607,174,489,1996-11
2608,240,489,1996-11
2609,559,489,1996-11
2610,6,454,1996-11
2611,117,454,1996-11
2612,174,454,1996-11
2613,181,454,1996-11
2614,446,454,1996-11
2615,559,454,1996-11
2616,58,439,1996-11
2617,121,439,1996-11
2618,174,439,1996-11
2619,240,439,1996-11
2620,559,439,1996-11
2621,6,452,1996-11
2622,117,452,1996-11
2623,121,452,1996-11
2624,174,452,1996-11
2625,559,452,1996-11
2626,6,456,1996-11
2627,117,456,1996-11
2628,174,456,1996-11
2629,240,456,1996-11
2630,446,456,1996-11
2631,559,456,1996-11
2632,6,466,1996-11
2633,117,466,1996-11
2634,240,466,1996-11
2635,446,466,1996-11
2636,559,466,1996-11
2637,6,463,1996-11
2638,117,463,1996-11
2639,174,463,1996-11
2640,446,463,1996-11
2641,559,463,1996-11
2642,6,457,1996-11
2643,117,457,1996-11
2644,174,457,1996-11
2645,240,457,1996-11
2646,559,457,1996-11
2647,58,432,1996-11
2648,117,432,1996-11
2649,121,432,1996-11
2650,240,432,1996-11
2651,446,432,1996-11
2652,559,432,1996-11
2653,6,508,1996-11
2654,94,508,1996-11
2655,470,508,1996-11
2656,569,508,1996-11
2657,609,508,1996-11
2658,6,475,1996-11
2659,174,475,1996-11
2660,321,475,1996-11
2661,470,475,1996-11
2662,565,475,1996-11
2663,6,476,1996-11
2664,174,476,1996-11
2665,321,476,1996-11
2666,470,476,1996-11
2667,609,476,1996-11
2668,6,507,1996-11
2669,94,507,1996-11
2670,321,507,1996-11
2671,470,507,1996-11
2672,565,507,1996-11
2673,5,357,1996-11
2674,6,357,1996-11
2675,121,357,1996-11
2676,173,357,1996-11
2677,379,357,1996-11
2678,446,357,1996-11
2679,470,357,1996-11
2680,559,357,1996-11
2681,5,364,1996-11
2682,6,364,1996-11
2683,173,364,1996-11
2684,379,364,1996-11
2685,559,364,1996-11
2686,6,481,1996-11
2687,321,481,1996-11
2688,446,481,1996-11
2689,470,481,1996-11
2690,559,481,1996-11
2691,5,358,1996-11
2692,6,358,1996-11
2693,121,358,1996-11
2694,321,358,1996-11
2695,470,358,1996-11
2696,559,358,1996-11
2697,5,359,1996-11
2698,6,359,1996-11
2699,121,359,1996-11
2700,470,359,1996-11
2701,559,359,1996-11
2702,6,470,1996-11
2703,121,470,1996-11
2704,321,470,1996-11
2705,470,470,1996-11
2706,559,470,1996-11
2707,6,474,1996-11
2708,173,474,1996-11
2709,446,474,1996-11
2710,470,474,1996-11
2711,559,474,1996-11
2712,5,349,1996-11
2713,121,349,1996-11
2714,446,349,1996-11
2715,470,349,1996-11
2716,559,349,1996-11
2717,5,362,1996-11
2718,6,362,1996-11
2719,173,362,1996-11
2720,321,362,1996-11
2721,559,362,1996-11
2722,121,128,1996-11
2723,173,128,1996-11
2724,379,128,1996-11
2725,470,128,1996-11
2726,559,128,1996-11
2727,5,343,1996-11
2728,121,343,1996-11
2729,173,343,1996-11
2730,321,343,1996-11
2731,379,343,1996-11
2732,446,343,1996-11
2733,559,343,1996-11
2734,5,344,1996-11
2735,121,344,1996-11
2736,173,344,1996-11
2737,379,344,1996-11
2738,446,344,1996-11
2739,559,344,1996-11
2740,5,346,1996-11
2741,121,346,1996-11
2742,321,346,1996-11
2743,446,346,1996-11
2744,559,346,1996-11
2745,94,553,1996-11
2746,121,553,1996-11
2747,126,553,1996-11
2748,347,553,1996-11
2749,373,553,1996-11
2750,446,553,1996-11
2751,559,553,1996-11
2752,566,553,1996-11
2753,609,553,1996-11
2754,94,558,1996-11
2755,121,558,1996-11
2756,347,558,1996-11
2757,559,558,1996-11
2758,566,558,1996-11
2759,94,556,1996-11
2760,121,556,1996-11
2761,347,556,1996-11
2762,373,556,1996-11
2763,559,556,1996-11
2764,121,137,1996-11
2765,446,137,1996-11
2766,559,137,1996-11
2767,566,137,1996-11
2768,609,137,1996-11
2769,126,139,1996-11
2770,347,139,1996-11
2771,373,139,1996-11
2772,559,139,1996-11
2773,609,139,1996-11
2774,94,554,1996-11
2775,121,554,1996-11
2776,126,554,1996-11
2777,347,554,1996-11
2778,373,554,1996-11
2779,609,554,1996-11
2780,121,136,1996-11
2781,347,136,1996-11
2782,446,136,1996-11
2783,559,136,1996-11
2784,609,136,1996-11
2785,58,449,1996-11
2786,94,449,1996-11
2787,347,449,1996-11
2788,379,449,1996-11
2789,446,449,1996-11
2790,458,449,1996-11
2791,559,449,1996-11
2792,58,450,1996-11
2793,94,450,1996-11
2794,347,450,1996-11
2795,379,450,1996-11
2796,559,450,1996-11
2797,58,451,1996-11
2798,94,451,1996-11
2799,347,451,1996-11
2800,458,451,1996-11
2801,559,451,1996-11
2802,94,568,1996-11
2803,181,568,1996-11
2804,347,568,1996-11
2805,458,568,1996-11
2806,559,568,1996-11
2807,6,473,1996-11
2808,133,473,1996-11
2809,240,473,1996-11
2810,373,473,1996-11
2811,446,473,1996-11
2812,126,138,1996-11
2813,133,138,1996-11
2814,173,138,1996-11
2815,374,138,1996-11
2816,446,138,1996-11
2817,470,138,1996-11
2818,566,138,1996-11
2819,321,237,1996-11
2820,374,237,1996-11
2821,446,237,1996-11
2822,470,237,1996-11
2823,565,237,1996-11
2824,566,237,1996-11
2825,133,143,1996-11
2826,374,143,1996-11
2827,446,143,1996-11
2828,470,143,1996-11
2829,565,143,1996-11
2830,566,143,1996-11
2831,133,144,1996-11
2832,374,144,1996-11
2833,446,144,1996-11
2834,470,144,1996-11
2835,566,144,1996-11
2836,374,241,1996-11
2837,446,241,1996-11
2838,470,241,1996-11
2839,565,241,1996-11
2840,566,241,1996-11
2841,173,180,1996-11
2842,321,180,1996-11
2843,446,180,1996-11
2844,565,180,1996-11
2845,566,180,1996-11
2846,5,336,1996-11
2847,117,336,1996-11
2848,121,336,1996-11
2849,458,336,1996-11
2850,470,336,1996-11
2851,5,345,1996-11
2852,121,345,1996-11
2853,181,345,1996-11
2854,321,345,1996-11
2855,458,345,1996-11
2856,470,345,1996-11
2857,81,537,1996-11
2858,133,537,1996-11
2859,173,537,1996-11
2860,347,537,1996-11
2861,609,537,1996-11
2862,43,322,1996-11
2863,81,322,1996-11
2864,133,322,1996-11
2865,173,322,1996-11
2866,181,322,1996-11
2867,386,322,1996-11
2868,133,142,1996-11
2869,173,142,1996-11
2870,347,142,1996-11
2871,386,142,1996-11
2872,609,142,1996-11
2873,58,441,1996-11
2874,81,441,1996-11
2875,373,441,1996-11
2876,470,441,1996-11
2877,609,441,1996-11
2878,81,538,1996-11
2879,174,538,1996-11
2880,321,538,1996-11
2881,470,538,1996-11
2882,609,538,1996-11
2883,43,320,1996-11
2884,174,320,1996-11
2885,321,320,1996-11
2886,470,320,1996-11
2887,609,320,1996-11
2888,117,89,1996-11
2889,126,89,1996-11
2890,240,89,1996-11
2891,379,89,1996-11
2892,446,89,1996-11
2893,609,89,1996-11
2894,117,88,1996-11
2895,126,88,1996-11
2896,174,88,1996-11
2897,321,88,1996-11
2898,609,88,1996-11
2899,117,100,1996-11
2900,174,100,1996-11
2901,240,100,1996-11
2902,446,100,1996-11
2903,609,100,1996-11
2904,117,90,1996-11
2905,126,90,1996-11
2906,240,90,1996-11
2907,379,90,1996-11
2908,609,90,1996-11
2909,94,544,1996-11
2910,117,544,1996-11
2911,133,544,1996-11
2912,446,544,1996-11
2913,458,544,1996-11
2914,559,544,1996-11
2915,117,109,1996-11
2916,181,109,1996-11
2917,446,109,1996-11
2918,559,109,1996-11
2919,565,109,1996-11
2920,94,570,1996-11
2921,181,570,1996-11
2922,458,570,1996-11
2923,559,570,1996-11
2924,565,570,1996-11
2925,94,543,1996-11
2926,117,543,1996-11
2927,133,543,1996-11
2928,181,543,1996-11
2929,446,543,1996-11
2930,94,569,1996-11
2931,181,569,1996-11
2932,446,569,1996-11
2933,458,569,1996-11
2934,559,569,1996-11
2935,121,134,1996-11
2936,240,134,1996-11
2937,373,134,1996-11
2938,374,134,1996-11
2939,446,134,1996-11
2940,559,134,1996-11
2941,240,200,1996-11
2942,374,200,1996-11
2943,386,200,1996-11
2944,446,200,1996-11
2945,559,200,1996-11
2946,121,132,1996-11
2947,240,132,1996-11
2948,321,132,1996-11
2949,374,132,1996-11
2950,446,132,1996-11
2951,559,132,1996-11
2952,121,135,1996-11
2953,240,135,1996-11
2954,374,135,1996-11
2955,446,135,1996-11
2956,559,135,1996-11
2957,240,199,1996-11
2958,321,199,1996-11
2959,373,199,1996-11
2960,386,199,1996-11
2961,559,199,1996-11
2962,94,563,1996-11
2963,173,563,1996-11
2964,373,563,1996-11
2965,379,563,1996-11
2966,446,563,1996-11
2967,559,563,1996-11
2968,566,563,1996-11
2969,94,564,1996-11
2970,173,564,1996-11
2971,373,564,1996-11
2972,379,564,1996-11
2973,559,564,1996-11
2974,94,565,1996-11
2975,173,565,1996-11
2976,446,565,1996-11
2977,559,565,1996-11
2978,566,565,1996-11
2979,94,561,1996-11
2980,173,561,1996-11
2981,321,561,1996-11
2982,373,561,1996-11
2983,559,561,1996-11
2984,173,179,1996-11
2985,321,179,1996-11
2986,379,179,1996-11
2987,446,179,1996-11
2988,559,179,1996-11
2989,566,179,1996-11
2990,173,181,1996-11
2991,379,181,1996-11
2992,446,181,1996-11
2993,559,181,1996-11
2994,566,181,1996-11
2995,173,178,1996-11
2996,321,178,1996-11
2997,379,178,1996-11
2998,446,178,1996-11
2999,559,178,1996-11
3000,94,572,1996-11
3001,373,572,1996-11
3002,446,572,1996-11
3003,559,572,1996-11
3004,566,572,1996-11
3005,121,125,1996-11
3006,173,125,1996-11
3007,240,125,1996-11
3008,374,125,1996-11
3009,470,125,1996-11
3010,559,125,1996-11
3011,174,183,1996-11
3012,321,183,1996-11
3013,374,183,1996-11
3014,470,183,1996-11
3015,559,183,1996-11
3016,121,129,1996-11
3017,174,129,1996-11
3018,321,129,1996-11
3019,470,129,1996-11
3020,559,129,1996-11
3021,173,177,1996-11
3022,174,177,1996-11
3023,240,177,1996-11
3024,470,177,1996-11
3025,559,177,1996-11
3026,173,176,1996-11
3027,174,176,1996-11
3028,240,176,1996-11
3029,321,176,1996-11
3030,559,176,1996-11
3031,121,127,1996-11
3032,173,127,1996-11
3033,374,127,1996-11
3034,470,127,1996-11
3035,559,127,1996-11
3036,121,126,1996-11
3037,173,126,1996-11
3038,321,126,1996-11
3039,470,126,1996-11
3040,559,126,1996-11
3041,121,133,1996-11
3042,240,133,1996-11
3043,321,133,1996-11
3044,374,133,1996-11
3045,559,133,1996-11
3046,117,101,1996-11
3047,174,101,1996-11
3048,347,101,1996-11
3049,470,101,1996-11
3050,559,101,1996-11
3051,117,103,1996-11
3052,174,103,1996-11
3053,386,103,1996-11
3054,470,103,1996-11
3055,559,103,1996-11
3056,117,120,1996-11
3057,347,120,1996-11
3058,386,120,1996-11
3059,470,120,1996-11
3060,559,120,1996-11
3061,5,340,1996-11
3062,117,340,1996-11
3063,446,340,1996-11
3064,470,340,1996-11
3065,559,340,1996-11
3066,117,108,1996-11
3067,181,108,1996-11
3068,446,108,1996-11
3069,470,108,1996-11
3070,559,108,1996-11
3071,117,123,1996-11
3072,386,123,1996-11
3073,446,123,1996-11
3074,470,123,1996-11
3075,559,123,1996-11
3076,117,107,1996-11
3077,181,107,1996-11
3078,386,107,1996-11
3079,470,107,1996-11
3080,559,107,1996-11
3081,81,535,1996-11
3082,121,535,1996-11
3083,347,535,1996-11
3084,379,535,1996-11
3085,470,535,1996-11
3086,121,130,1996-11
3087,181,130,1996-11
3088,347,130,1996-11
3089,379,130,1996-11
3090,386,130,1996-11
3091,470,130,1996-11
3092,58,444,1996-11
3093,94,444,1996-11
3094,117,444,1996-11
3095,446,444,1996-11
3096,559,444,1996-11
3097,58,443,1996-11
3098,94,443,1996-11
3099,117,443,1996-11
3100,174,443,1996-11
3101,559,443,1996-11
3102,94,549,1996-11
3103,117,549,1996-11
3104,174,549,1996-11
3105,446,549,1996-11
3106,559,549,1996-11
3107,58,433,1996-11
3108,117,433,1996-11
3109,174,433,1996-11
3110,181,433,1996-11
3111,446,433,1996-11
3112,559,433,1996-11
3113,117,95,1996-11
3114,174,95,1996-11
3115,181,95,1996-11
3116,446,95,1996-11
3117,559,95,1996-11
3118,58,447,1996-11
3119,94,447,1996-11
3120,181,447,1996-11
3121,446,447,1996-11
3122,559,447,1996-11
3123,94,550,1996-11
3124,117,550,1996-11
3125,181,550,1996-11
3126,446,550,1996-11
3127,559,550,1996-11
3128,6,492,1996-11
3129,58,492,1996-11
3130,117,492,1996-11
3131,347,492,1996-11
3132,373,492,1996-11
3133,559,492,1996-11
3134,566,492,1996-11
3135,6,468,1996-11
3136,117,468,1996-11
3137,347,468,1996-11
3138,559,468,1996-11
3139,566,468,1996-11
3140,6,491,1996-11
3141,58,491,1996-11
3142,117,491,1996-11
3143,347,491,1996-11
3144,373,491,1996-11
3145,559,491,1996-11
3146,94,562,1996-11
3147,173,562,1996-11
3148,321,562,1996-11
3149,386,562,1996-11
3150,446,562,1996-11
3151,530,562,1996-11
3152,94,559,1996-11
3153,173,559,1996-11
3154,321,559,1996-11
3155,373,559,1996-11
3156,386,559,1996-11
3157,94,560,1996-11
3158,173,560,1996-11
3159,321,560,1996-11
3160,373,560,1996-11
3161,446,560,1996-11
3162,117,118,1996-11
3163,347,118,1996-11
3164,373,118,1996-11
3165,446,118,1996-11
3166,470,118,1996-11
3167,94,548,1996-11
3168,117,548,1996-11
3169,174,548,1996-11
3170,386,548,1996-11
3171,446,548,1996-11
3172,58,442,1996-11
3173,94,442,1996-11
3174,117,442,1996-11
3175,121,442,1996-11
3176,470,442,1996-11
3177,117,110,1996-11
3178,181,110,1996-11
3179,470,110,1996-11
3180,559,110,1996-11
3181,565,110,1996-11
3182,94,571,1996-11
3183,181,571,1996-11
3184,470,571,1996-11
3185,559,571,1996-11
3186,565,571,1996-11
3187,94,551,1996-11
3188,117,551,1996-11
3189,181,551,1996-11
3190,559,551,1996-11
3191,565,551,1996-11
3192,117,96,1996-11
3193,174,96,1996-11
3194,240,96,1996-11
3195,386,96,1996-11
3196,446,96,1996-11
3197,559,96,1996-11
3198,117,98,1996-11
3199,174,98,1996-11
3200,240,98,1996-11
3201,386,98,1996-11
3202,559,98,1996-11
3203,117,99,1996-11
3204,174,99,1996-11
3205,240,99,1996-11
3206,446,99,1996-11
3207,559,99,1996-11
3208,58,435,1996-11
3209,117,435,1996-11
3210,240,435,1996-11
3211,458,435,1996-11
3212,559,435,1996-11
3213,6,494,1996-11
3214,58,494,1996-11
3215,94,494,1996-11
3216,121,494,1996-11
3217,347,494,1996-11
3218,6,502,1996-11
3219,94,502,1996-11
3220,117,502,1996-11
3221,121,502,1996-11
3222,470,502,1996-11
3223,6,465,1996-11
3224,117,465,1996-11
3225,181,465,1996-11
3226,314,465,1996-11
3227,386,465,1996-11
3228,94,547,1996-11
3229,117,547,1996-11
3230,174,547,1996-11
3231,181,547,1996-11
3232,559,547,1996-11
3233,6,493,1996-11
3234,58,493,1996-11
3235,174,493,1996-11
3236,240,493,1996-11
3237,347,493,1996-11
3238,6,455,1996-11
3239,117,455,1996-11
3240,174,455,1996-11
3241,181,455,1996-11
3242,559,455,1996-11
3243,6,490,1996-11
3244,58,490,1996-11
3245,117,490,1996-11
3246,240,490,1996-11
3247,559,490,1996-11
3248,32,235,1997-02
3249,179,235,1997-02
3250,206,235,1997-02
3251,269,235,1997-02
3252,302,235,1997-02
3253,32,236,1997-02
3254,206,236,1997-02
3255,302,236,1997-02
3256,456,236,1997-02
3257,524,236,1997-02
3258,32,234,1997-02
3259,151,234,1997-02
3260,206,234,1997-02
3261,214,234,1997-02
3262,524,234,1997-02
3263,150,162,1997-02
3264,269,162,1997-02
3265,270,162,1997-02
3266,451,162,1997-02
3267,521,162,1997-02
3268,57,430,2000-08
3269,294,430,2000-08
3270,414,430,2000-08
3271,469,430,2000-08
3272,607,430,2000-08
3273,19,189,2000-08
3274,57,189,2000-08
3275,294,189,2000-08
3276,469,189,2000-08
3277,607,189,2000-08
