,user_id,group_id,period
0,56,32,1996-08
1,102,32,1996-08
2,130,32,1996-08
3,134,32,1996-08
4,142,32,1996-08
5,145,32,1996-08
6,229,32,1996-08
7,235,32,1996-08
8,411,32,1996-08
9,436,32,1996-08
10,455,32,1996-08
11,468,32,1996-08
12,498,32,1996-08
13,541,32,1996-08
14,592,32,1996-08
15,102,2,1996-08
16,145,2,1996-08
17,170,2,1996-08
18,176,2,1996-08
19,179,2,1996-08
20,229,2,1996-08
21,235,2,1996-08
22,385,2,1996-08
23,394,2,1996-08
24,468,2,1996-08
25,498,2,1996-08
26,541,2,1996-08
27,574,2,1996-08
28,584,2,1996-08
29,592,2,1996-08
30,40,14,1996-08
31,102,14,1996-08
32,107,14,1996-08
33,136,14,1996-08
34,145,14,1996-08
35,229,14,1996-08
36,235,14,1996-08
37,353,14,1996-08
38,468,14,1996-08
39,476,14,1996-08
40,498,14,1996-08
41,541,14,1996-08
42,592,14,1996-08
43,102,1,1996-08
44,130,1,1996-08
45,145,1,1996-08
46,243,1,1996-08
47,385,1,1996-08
48,394,1,1996-08
49,395,1,1996-08
50,436,1,1996-08
51,455,1,1996-08
52,498,1,1996-08
53,40,15,1996-08
54,102,15,1996-08
55,130,15,1996-08
56,136,15,1996-08
57,145,15,1996-08
58,353,15,1996-08
59,404,15,1996-08
60,436,15,1996-08
61,455,15,1996-08
62,476,15,1996-08
63,486,15,1996-08
64,498,15,1996-08
65,512,15,1996-08
66,588,15,1996-08
67,602,15,1996-08
68,26,5,1996-08
69,38,5,1996-08
70,40,5,1996-08
71,102,5,1996-08
72,109,5,1996-08
73,136,5,1996-08
74,145,5,1996-08
75,353,5,1996-08
76,385,5,1996-08
77,394,5,1996-08
78,476,5,1996-08
79,498,5,1996-08
80,604,5,1996-08
81,54,29,1996-08
82,56,29,1996-08
83,130,29,1996-08
84,145,29,1996-08
85,179,29,1996-08
86,235,29,1996-08
87,242,29,1996-08
88,314,29,1996-08
89,395,29,1996-08
90,411,29,1996-08
91,455,29,1996-08
92,592,29,1996-08
93,40,18,1996-08
94,56,18,1996-08
95,107,18,1996-08
96,130,18,1996-08
97,145,18,1996-08
98,235,18,1996-08
99,411,18,1996-08
100,455,18,1996-08
101,476,18,1996-08
102,592,18,1996-08
103,602,18,1996-08
104,38,10,1996-08
105,40,10,1996-08
106,107,10,1996-08
107,145,10,1996-08
108,179,10,1996-08
109,235,10,1996-08
110,284,10,1996-08
111,476,10,1996-08
112,592,10,1996-08
113,604,10,1996-08
114,8,39,1996-08
115,142,39,1996-08
116,145,39,1996-08
117,170,39,1996-08
118,176,39,1996-08
119,242,39,1996-08
120,411,39,1996-08
121,436,39,1996-08
122,447,39,1996-08
123,455,39,1996-08
124,498,39,1996-08
125,40,16,1996-08
126,136,16,1996-08
127,142,16,1996-08
128,145,16,1996-08
129,404,16,1996-08
130,411,16,1996-08
131,436,16,1996-08
132,455,16,1996-08
133,498,16,1996-08
134,512,16,1996-08
135,588,16,1996-08
136,602,16,1996-08
137,38,11,1996-08
138,40,11,1996-08
139,136,11,1996-08
140,145,11,1996-08
141,404,11,1996-08
142,436,11,1996-08
143,455,11,1996-08
144,498,11,1996-08
145,512,11,1996-08
146,588,11,1996-08
147,602,11,1996-08
148,604,11,1996-08
149,40,17,1996-08
150,136,17,1996-08
151,145,17,1996-08
152,404,17,1996-08
153,436,17,1996-08
154,455,17,1996-08
155,498,17,1996-08
156,512,17,1996-08
157,588,17,1996-08
158,602,17,1996-08
159,40,20,1996-08
160,56,20,1996-08
161,107,20,1996-08
162,130,20,1996-08
163,353,20,1996-08
164,404,20,1996-08
165,455,20,1996-08
166,486,20,1996-08
167,512,20,1996-08
168,602,20,1996-08
169,40,19,1996-08
170,56,19,1996-08
171,107,19,1996-08
172,130,19,1996-08
173,179,19,1996-08
174,242,19,1996-08
175,395,19,1996-08
176,429,19,1996-08
177,455,19,1996-08
178,602,19,1996-08
179,54,28,1996-08
180,134,28,1996-08
181,170,28,1996-08
182,176,28,1996-08
183,242,28,1996-08
184,243,28,1996-08
185,314,28,1996-08
186,436,28,1996-08
187,455,28,1996-08
188,468,28,1996-08
189,541,28,1996-08
190,134,4,1996-08
191,136,4,1996-08
192,353,4,1996-08
193,436,4,1996-08
194,455,4,1996-08
195,468,4,1996-08
196,486,4,1996-08
197,512,4,1996-08
198,541,4,1996-08
199,588,4,1996-08
200,38,6,1996-08
201,109,6,1996-08
202,136,6,1996-08
203,243,6,1996-08
204,353,6,1996-08
205,436,6,1996-08
206,455,6,1996-08
207,486,6,1996-08
208,512,6,1996-08
209,588,6,1996-08
210,604,6,1996-08
211,38,8,1996-08
212,136,8,1996-08
213,170,8,1996-08
214,176,8,1996-08
215,242,8,1996-08
216,436,8,1996-08
217,455,8,1996-08
218,512,8,1996-08
219,588,8,1996-08
220,604,8,1996-08
221,56,33,1996-08
222,102,33,1996-08
223,142,33,1996-08
224,145,33,1996-08
225,229,33,1996-08
226,395,33,1996-08
227,411,33,1996-08
228,436,33,1996-08
229,455,33,1996-08
230,468,33,1996-08
231,541,33,1996-08
232,592,33,1996-08
233,56,31,1996-08
234,102,31,1996-08
235,107,31,1996-08
236,142,31,1996-08
237,145,31,1996-08
238,229,31,1996-08
239,404,31,1996-08
240,411,31,1996-08
241,436,31,1996-08
242,455,31,1996-08
243,468,31,1996-08
244,476,31,1996-08
245,486,31,1996-08
246,541,31,1996-08
247,592,31,1996-08
248,56,34,1996-08
249,102,34,1996-08
250,142,34,1996-08
251,145,34,1996-08
252,229,34,1996-08
253,411,34,1996-08
254,436,34,1996-08
255,455,34,1996-08
256,468,34,1996-08
257,541,34,1996-08
258,592,34,1996-08
259,102,0,1996-08
260,107,0,1996-08
261,109,0,1996-08
262,145,0,1996-08
263,229,0,1996-08
264,468,0,1996-08
265,476,0,1996-08
266,507,0,1996-08
267,541,0,1996-08
268,592,0,1996-08
269,54,30,1996-08
270,56,30,1996-08
271,179,30,1996-08
272,229,30,1996-08
273,242,30,1996-08
274,314,30,1996-08
275,395,30,1996-08
276,436,30,1996-08
277,447,30,1996-08
278,468,30,1996-08
279,541,30,1996-08
280,584,30,1996-08
281,38,9,1996-08
282,40,9,1996-08
283,107,9,1996-08
284,109,9,1996-08
285,136,9,1996-08
286,179,9,1996-08
287,229,9,1996-08
288,284,9,1996-08
289,468,9,1996-08
290,541,9,1996-08
291,584,9,1996-08
292,38,13,1996-08
293,40,13,1996-08
294,54,13,1996-08
295,56,13,1996-08
296,107,13,1996-08
297,179,13,1996-08
298,242,13,1996-08
299,284,13,1996-08
300,314,13,1996-08
301,395,13,1996-08
302,8,42,1996-08
303,56,42,1996-08
304,134,42,1996-08
305,179,42,1996-08
306,229,42,1996-08
307,314,42,1996-08
308,385,42,1996-08
309,394,42,1996-08
310,436,42,1996-08
311,455,42,1996-08
312,584,42,1996-08
313,109,3,1996-08
314,262,3,1996-08
315,353,3,1996-08
316,385,3,1996-08
317,394,3,1996-08
318,404,3,1996-08
319,436,3,1996-08
320,455,3,1996-08
321,512,3,1996-08
322,604,3,1996-08
323,46,21,1996-08
324,130,21,1996-08
325,145,21,1996-08
326,179,21,1996-08
327,229,21,1996-08
328,411,21,1996-08
329,444,21,1996-08
330,485,21,1996-08
331,574,21,1996-08
332,584,21,1996-08
333,46,22,1996-08
334,134,22,1996-08
335,170,22,1996-08
336,179,22,1996-08
337,229,22,1996-08
338,242,22,1996-08
339,385,22,1996-08
340,444,22,1996-08
341,447,22,1996-08
342,455,22,1996-08
343,468,22,1996-08
344,541,22,1996-08
345,8,41,1996-08
346,54,41,1996-08
347,145,41,1996-08
348,179,41,1996-08
349,385,41,1996-08
350,394,41,1996-08
351,411,41,1996-08
352,436,41,1996-08
353,447,41,1996-08
354,455,41,1996-08
355,38,12,1996-08
356,40,12,1996-08
357,145,12,1996-08
358,385,12,1996-08
359,394,12,1996-08
360,404,12,1996-08
361,436,12,1996-08
362,455,12,1996-08
363,602,12,1996-08
364,604,12,1996-08
365,8,40,1996-08
366,38,40,1996-08
367,40,40,1996-08
368,145,40,1996-08
369,404,40,1996-08
370,411,40,1996-08
371,436,40,1996-08
372,447,40,1996-08
373,455,40,1996-08
374,602,40,1996-08
375,604,40,1996-08
376,54,27,1996-08
377,102,27,1996-08
378,142,27,1996-08
379,170,27,1996-08
380,229,27,1996-08
381,314,27,1996-08
382,394,27,1996-08
383,436,27,1996-08
384,444,27,1996-08
385,455,27,1996-08
386,38,7,1996-08
387,130,7,1996-08
388,136,7,1996-08
389,262,7,1996-08
390,395,7,1996-08
391,436,7,1996-08
392,455,7,1996-08
393,476,7,1996-08
394,512,7,1996-08
395,604,7,1996-08
396,5,24,1997-02
397,6,24,1997-02
398,37,24,1997-02
399,58,24,1997-02
400,81,24,1997-02
401,94,24,1997-02
402,117,24,1997-02
403,173,24,1997-02
404,240,24,1997-02
405,347,24,1997-02
406,373,24,1997-02
407,379,24,1997-02
408,524,24,1997-02
409,559,24,1997-02
410,6,38,1997-02
411,81,38,1997-02
412,117,38,1997-02
413,347,38,1997-02
414,374,38,1997-02
415,446,38,1997-02
416,470,38,1997-02
417,524,38,1997-02
418,559,38,1997-02
419,566,38,1997-02
420,5,25,1997-02
421,6,25,1997-02
422,94,25,1997-02
423,121,25,1997-02
424,347,25,1997-02
425,373,25,1997-02
426,458,25,1997-02
427,470,25,1997-02
428,524,25,1997-02
429,559,25,1997-02
430,6,37,1997-02
431,58,37,1997-02
432,117,37,1997-02
433,126,37,1997-02
434,347,37,1997-02
435,373,37,1997-02
436,374,37,1997-02
437,470,37,1997-02
438,524,37,1997-02
439,559,37,1997-02
440,609,37,1997-02
441,58,36,1997-02
442,94,36,1997-02
443,121,36,1997-02
444,133,36,1997-02
445,240,36,1997-02
446,347,36,1997-02
447,458,36,1997-02
448,559,36,1997-02
449,566,36,1997-02
450,569,36,1997-02
451,5,26,1997-02
452,81,26,1997-02
453,121,26,1997-02
454,133,26,1997-02
455,374,26,1997-02
456,446,26,1997-02
457,470,26,1997-02
458,559,26,1997-02
459,566,26,1997-02
460,609,26,1997-02
461,5,23,1997-02
462,6,23,1997-02
463,32,23,1997-02
464,94,23,1997-02
465,117,23,1997-02
466,173,23,1997-02
467,174,23,1997-02
468,240,23,1997-02
469,373,23,1997-02
470,559,23,1997-02
471,58,35,1997-02
472,117,35,1997-02
473,121,35,1997-02
474,133,35,1997-02
475,240,35,1997-02
476,347,35,1997-02
477,446,35,1997-02
478,470,35,1997-02
479,524,35,1997-02
480,559,35,1997-02
481,609,35,1997-02
482,94,43,1997-02
483,117,43,1997-02
484,121,43,1997-02
485,126,43,1997-02
486,240,43,1997-02
487,347,43,1997-02
488,373,43,1997-02
489,374,43,1997-02
490,379,43,1997-02
491,470,43,1997-02
492,609,43,1997-02
