,user_id,group_id,period
0,229,306,1996-08
1,411,306,1996-08
2,179,158,1996-08
3,584,158,1996-08
4,235,313,1996-08
5,411,313,1996-08
6,229,305,1996-08
7,235,305,1996-08
8,447,626,1996-08
9,592,626,1996-08
10,447,625,1996-08
11,584,625,1996-08
12,229,307,1996-08
13,584,307,1996-08
14,411,590,1996-08
15,592,590,1996-08
16,411,589,1996-08
17,584,589,1996-08
18,592,737,1996-08
19,602,737,1996-08
20,584,727,1996-08
21,592,727,1996-08
22,411,591,1996-08
23,602,591,1996-08
24,284,420,1996-08
25,592,420,1996-08
26,429,613,1996-08
27,584,613,1996-08
28,235,312,1996-08
29,284,312,1996-08
30,40,565,1996-08
31,191,565,1996-08
32,284,419,1996-08
33,584,419,1996-08
34,6,750,1997-02
35,566,750,1997-02
36,43,617,1997-02
37,458,617,1997-02
38,6,745,1997-02
39,43,745,1997-02
40,117,745,1997-02
41,6,747,1997-02
42,43,747,1997-02
43,58,747,1997-02
44,117,53,1997-02
45,566,53,1997-02
46,6,740,1997-02
47,174,740,1997-02
48,58,723,1997-02
49,240,723,1997-02
50,58,724,1997-02
51,373,724,1997-02
52,58,725,1997-02
53,458,725,1997-02
54,58,726,1997-02
55,566,726,1997-02
56,43,614,1997-02
57,117,614,1997-02
58,58,722,1997-02
59,117,722,1997-02
60,43,618,1997-02
61,58,618,1997-02
62,6,749,1997-02
63,470,749,1997-02
64,6,746,1997-02
65,43,746,1997-02
66,240,746,1997-02
67,6,743,1997-02
68,321,743,1997-02
69,6,741,1997-02
70,181,741,1997-02
71,6,751,1997-02
72,58,751,1997-02
73,6,739,1997-02
74,117,739,1997-02
75,43,615,1997-02
76,174,615,1997-02
77,6,742,1997-02
78,240,742,1997-02
79,43,616,1997-02
80,240,616,1997-02
81,6,748,1997-02
82,458,748,1997-02
83,6,744,1997-02
84,43,744,1997-02
85,337,492,1997-08
86,389,492,1997-08
87,337,493,1997-08
88,492,493,1997-08
89,84,893,1997-08
90,437,893,1997-08
91,84,892,1997-08
92,385,892,1997-08
93,84,891,1997-08
94,171,891,1997-08
95,263,375,2000-02
96,572,375,2000-02
97,140,113,2000-02
98,577,113,2000-02
99,156,129,2000-02
100,572,129,2000-02
101,597,129,2000-02
102,45,631,2000-02
103,572,631,2000-02
104,45,629,2000-02
105,263,629,2000-02
106,201,236,2000-02
107,263,236,2000-02
108,199,219,2000-02
109,266,219,2000-02
110,140,111,2000-02
111,263,111,2000-02
112,156,128,2000-02
113,572,128,2000-02
114,45,633,2000-02
115,597,633,2000-02
116,93,906,2000-02
117,263,906,2000-02
118,156,123,2000-02
119,199,123,2000-02
120,572,720,2000-02
121,577,720,2000-02
122,199,221,2000-02
123,597,221,2000-02
124,33,486,2000-02
125,45,486,2000-02
126,33,484,2000-02
127,140,484,2000-02
128,33,487,2000-02
129,597,487,2000-02
130,412,592,2000-02
131,572,592,2000-02
132,93,905,2000-02
133,201,905,2000-02
134,201,237,2000-02
135,266,237,2000-02
136,201,238,2000-02
137,597,238,2000-02
138,412,593,2000-02
139,597,593,2000-02
140,45,630,2000-02
141,266,630,2000-02
142,156,126,2000-02
143,412,126,2000-02
144,263,376,2000-02
145,597,376,2000-02
146,225,301,2000-02
147,597,301,2000-02
148,45,634,2000-02
149,93,634,2000-02
150,45,632,2000-02
151,577,632,2000-02
152,199,220,2000-02
153,572,220,2000-02
154,45,628,2000-02
155,201,628,2000-02
156,554,697,2000-02
157,597,697,2000-02
158,93,907,2000-02
159,597,907,2000-02
160,33,485,2000-02
161,263,485,2000-02
162,4,563,2000-02
163,597,563,2000-02
164,577,721,2000-02
165,597,721,2000-02
166,140,114,2000-02
167,597,114,2000-02
168,268,382,2000-02
169,597,382,2000-02
170,140,112,2000-02
171,572,112,2000-02
172,57,718,2000-08
173,96,718,2000-08
174,414,718,2000-08
175,57,717,2000-08
176,96,717,2000-08
177,19,204,2000-08
178,469,204,2000-08
179,603,204,2000-08
180,1,20,2000-08
181,96,20,2000-08
182,414,20,2000-08
183,96,911,2000-08
184,414,911,2000-08
185,603,911,2000-08
186,57,706,2000-08
187,414,706,2000-08
188,469,706,2000-08
189,603,706,2000-08
190,57,710,2000-08
191,465,710,2000-08
192,469,710,2000-08
193,19,210,2000-08
194,587,210,2000-08
195,1,14,2000-08
196,57,14,2000-08
197,414,14,2000-08
198,469,14,2000-08
199,1,15,2000-08
200,57,15,2000-08
201,469,15,2000-08
202,57,715,2000-08
203,59,715,2000-08
204,469,715,2000-08
205,57,703,2000-08
206,265,703,2000-08
207,414,703,2000-08
208,57,702,2000-08
209,265,702,2000-08
210,57,714,2000-08
211,59,714,2000-08
212,414,714,2000-08
213,57,705,2000-08
214,414,705,2000-08
215,465,705,2000-08
216,19,207,2000-08
217,57,207,2000-08
218,414,207,2000-08
219,469,207,2000-08
220,1,7,2000-08
221,414,7,2000-08
222,469,7,2000-08
223,603,7,2000-08
224,1,11,2000-08
225,469,11,2000-08
226,603,11,2000-08
227,57,716,2000-08
228,607,716,2000-08
229,414,596,2000-08
230,469,596,2000-08
231,587,596,2000-08
232,19,208,2000-08
233,57,208,2000-08
234,469,208,2000-08
235,294,432,2000-08
236,414,432,2000-08
237,469,432,2000-08
238,59,731,2000-08
239,414,731,2000-08
240,469,731,2000-08
241,414,599,2000-08
242,587,599,2000-08
243,603,599,2000-08
244,57,707,2000-08
245,414,707,2000-08
246,587,707,2000-08
247,19,202,2000-08
248,414,202,2000-08
249,603,202,2000-08
250,19,209,2000-08
251,57,209,2000-08
252,603,209,2000-08
253,57,711,2000-08
254,469,711,2000-08
255,603,711,2000-08
256,465,637,2000-08
257,469,637,2000-08
258,603,637,2000-08
259,57,708,2000-08
260,414,708,2000-08
261,603,708,2000-08
262,265,378,2000-08
263,414,378,2000-08
264,469,378,2000-08
265,59,730,2000-08
266,414,730,2000-08
267,465,730,2000-08
268,59,733,2000-08
269,465,733,2000-08
270,469,642,2000-08
271,603,642,2000-08
272,607,642,2000-08
273,1,1,2000-08
274,19,1,2000-08
275,414,1,2000-08
276,59,732,2000-08
277,414,732,2000-08
278,603,732,2000-08
279,59,729,2000-08
280,414,729,2000-08
281,96,910,2000-08
282,414,910,2000-08
283,469,910,2000-08
284,57,701,2000-08
285,217,701,2000-08
286,414,701,2000-08
287,57,700,2000-08
288,217,700,2000-08
289,1,0,2000-08
290,19,0,2000-08
291,19,206,2000-08
292,57,206,2000-08
293,414,206,2000-08
294,19,205,2000-08
295,57,205,2000-08
296,414,594,2000-08
297,465,594,2000-08
298,469,594,2000-08
299,1,8,2000-08
300,414,8,2000-08
301,603,8,2000-08
302,59,735,2000-08
303,469,735,2000-08
304,603,735,2000-08
305,414,595,2000-08
306,465,595,2000-08
307,603,595,2000-08
308,1,6,2000-08
309,414,6,2000-08
310,469,6,2000-08
311,414,597,2000-08
312,469,597,2000-08
313,607,597,2000-08
314,469,643,2000-08
315,607,643,2000-08
316,1,9,2000-08
317,414,9,2000-08
318,607,9,2000-08
319,19,201,2000-08
320,414,201,2000-08
321,469,201,2000-08
322,414,600,2000-08
323,603,600,2000-08
324,607,600,2000-08
325,469,641,2000-08
326,587,641,2000-08
327,603,641,2000-08
328,217,277,2000-08
329,603,277,2000-08
330,57,712,2000-08
331,587,712,2000-08
332,1,13,2000-08
333,57,13,2000-08
334,414,13,2000-08
335,1,12,2000-08
336,57,12,2000-08
337,1,5,2000-08
338,414,5,2000-08
339,465,5,2000-08
340,1,10,2000-08
341,465,10,2000-08
342,27,386,2000-08
343,57,386,2000-08
344,414,386,2000-08
345,27,383,2000-08
346,414,383,2000-08
347,57,704,2000-08
348,294,704,2000-08
349,27,385,2000-08
350,57,385,2000-08
351,57,713,2000-08
352,59,713,2000-08
353,19,211,2000-08
354,603,211,2000-08
355,265,380,2000-08
356,603,380,2000-08
357,469,640,2000-08
358,587,640,2000-08
359,96,912,2000-08
360,603,912,2000-08
361,1,18,2000-08
362,607,18,2000-08
363,27,384,2000-08
364,469,384,2000-08
365,294,433,2000-08
366,469,433,2000-08
367,4,562,2000-08
368,414,562,2000-08
369,1,16,2000-08
370,59,16,2000-08
371,265,377,2000-08
372,414,377,2000-08
373,294,434,2000-08
374,587,434,2000-08
375,1,19,2000-08
376,96,19,2000-08
377,294,435,2000-08
378,603,435,2000-08
379,59,736,2000-08
380,603,736,2000-08
381,96,909,2000-08
382,414,909,2000-08
383,587,728,2000-08
384,603,728,2000-08
385,1,4,2000-08
386,294,4,2000-08
387,1,2,2000-08
388,217,2,2000-08
389,267,381,2000-08
390,414,381,2000-08
391,603,752,2000-08
392,607,752,2000-08
393,465,636,2000-08
394,469,636,2000-08
395,4,564,2000-08
396,603,564,2000-08
397,217,275,2000-08
398,469,275,2000-08
399,57,709,2000-08
400,465,709,2000-08
401,19,203,2000-08
402,469,203,2000-08
403,217,276,2000-08
404,587,276,2000-08
405,59,734,2000-08
406,469,734,2000-08
407,1,3,2000-08
408,27,3,2000-08
409,414,598,2000-08
410,579,598,2000-08
411,1,17,2000-08
412,603,17,2000-08
413,465,638,2000-08
414,603,638,2000-08
415,265,379,2000-08
416,469,379,2000-08
417,39,551,2001-02
418,202,551,2001-02
419,290,551,2001-02
420,202,246,2001-02
421,290,246,2001-02
422,453,246,2001-02
423,202,244,2001-02
424,290,244,2001-02
425,368,244,2001-02
426,39,552,2001-02
427,202,552,2001-02
428,555,552,2001-02
429,202,243,2001-02
430,288,243,2001-02
431,555,243,2001-02
432,202,252,2001-02
433,453,252,2001-02
434,555,252,2001-02
435,202,247,2001-02
436,290,247,2001-02
437,555,247,2001-02
438,202,249,2001-02
439,368,249,2001-02
440,555,249,2001-02
441,368,525,2001-02
442,453,525,2001-02
443,202,245,2001-02
444,290,245,2001-02
445,409,245,2001-02
446,39,553,2001-02
447,288,553,2001-02
448,202,241,2001-02
449,244,241,2001-02
450,39,556,2001-02
451,453,556,2001-02
452,195,216,2001-02
453,555,216,2001-02
454,39,555,2001-02
455,368,555,2001-02
456,39,554,2001-02
457,290,554,2001-02
458,409,573,2001-02
459,555,573,2001-02
460,202,242,2001-02
461,288,242,2001-02
462,290,242,2001-02
463,160,133,2001-02
464,202,133,2001-02
465,555,133,2001-02
466,368,526,2001-02
467,555,526,2001-02
468,288,423,2001-02
469,368,423,2001-02
470,202,250,2001-02
471,409,250,2001-02
472,244,327,2001-02
473,555,327,2001-02
474,39,550,2001-02
475,202,550,2001-02
476,290,427,2001-02
477,409,427,2001-02
478,160,132,2001-02
479,202,132,2001-02
480,195,212,2001-02
481,202,212,2001-02
482,195,214,2001-02
483,368,214,2001-02
484,160,136,2001-02
485,453,136,2001-02
486,290,428,2001-02
487,453,428,2001-02
488,39,557,2001-02
489,555,557,2001-02
490,290,426,2001-02
491,368,426,2001-02
492,474,644,2001-02
493,555,644,2001-02
494,224,300,2001-02
495,555,300,2001-02
496,202,248,2001-02
497,368,248,2001-02
498,202,251,2001-02
499,453,251,2001-02
500,453,635,2001-02
501,555,635,2001-02
502,160,135,2001-02
503,290,135,2001-02
504,160,131,2001-02
505,195,131,2001-02
506,79,886,2001-02
507,202,886,2001-02
508,160,134,2001-02
509,288,134,2001-02
510,202,253,2001-02
511,474,253,2001-02
512,195,213,2001-02
513,290,213,2001-02
514,216,274,2001-02
515,290,274,2001-02
516,195,215,2001-02
517,453,215,2001-02
518,202,240,2001-02
519,224,240,2001-02
520,288,425,2001-02
521,555,425,2001-02
522,202,239,2001-02
523,216,239,2001-02
524,290,430,2001-02
525,555,430,2001-02
526,160,137,2001-02
527,555,137,2001-02
528,290,429,2001-02
529,474,429,2001-02
530,113,51,2001-02
531,290,51,2001-02
532,57,699,2001-02
533,202,699,2001-02
534,288,424,2001-02
535,409,424,2001-02
536,42,607,2001-08
537,410,607,2001-08
538,42,606,2001-08
539,367,606,2001-08
540,135,107,2002-02
541,453,107,2002-02
542,135,105,2002-02
543,234,105,2002-02
544,135,108,2002-02
545,493,108,2002-02
546,135,106,2002-02
547,452,106,2002-02
548,313,465,2002-08
549,391,465,2002-08
550,313,467,2002-08
551,452,467,2002-08
552,448,627,2002-08
553,452,627,2002-08
554,313,466,2002-08
555,448,466,2002-08
556,325,470,2003-02
557,391,470,2003-02
558,312,463,2003-02
559,391,463,2003-02
560,186,191,2003-02
561,312,191,2003-02
562,95,908,2003-02
563,312,908,2003-02
564,312,462,2003-02
565,325,462,2003-02
566,186,190,2003-02
567,198,190,2003-02
568,198,218,2003-02
569,391,218,2003-02
570,198,217,2003-02
571,312,217,2003-02
572,312,464,2003-02
573,527,464,2003-02
574,186,192,2003-02
575,325,192,2003-02
576,186,193,2003-02
577,527,193,2003-02
578,20,225,2003-08
579,275,225,2003-08
580,169,145,2003-08
581,275,145,2003-08
582,182,188,2003-08
583,288,188,2003-08
584,20,224,2003-08
585,182,224,2003-08
586,104,33,2003-08
587,169,33,2003-08
588,20,222,2003-08
589,104,222,2003-08
590,275,397,2003-08
591,288,397,2003-08
592,275,398,2003-08
593,474,398,2003-08
594,182,189,2003-08
595,474,189,2003-08
596,169,144,2003-08
597,182,144,2003-08
598,20,223,2003-08
599,169,223,2003-08
600,82,889,2004-08
601,425,889,2004-08
602,66,838,2004-08
603,82,838,2004-08
604,66,836,2004-08
605,425,836,2004-08
606,425,610,2004-08
607,474,610,2004-08
608,7,863,2005-02
609,226,863,2005-02
610,438,863,2005-02
611,226,303,2005-02
612,594,303,2005-02
613,100,23,2005-02
614,387,23,2005-02
615,66,837,2005-02
616,438,837,2005-02
617,100,22,2005-02
618,226,22,2005-02
619,66,835,2005-02
620,387,835,2005-02
621,387,549,2005-02
622,438,549,2005-02
623,156,124,2005-02
624,226,124,2005-02
625,100,24,2005-02
626,438,24,2005-02
627,7,862,2005-02
628,226,862,2005-02
629,100,25,2005-02
630,594,25,2005-02
631,260,374,2005-02
632,387,374,2005-02
633,23,308,2005-02
634,260,308,2005-02
635,226,302,2005-02
636,387,302,2005-02
637,156,125,2005-02
638,387,125,2005-02
639,23,309,2005-02
640,387,309,2005-02
641,7,864,2005-02
642,438,864,2005-02
643,156,127,2005-02
644,438,127,2005-02
645,438,623,2005-02
646,474,623,2005-02
647,438,624,2005-02
648,482,624,2005-02
649,91,895,2005-08
650,221,895,2005-08
651,608,895,2005-08
652,91,900,2005-08
653,428,900,2005-08
654,608,900,2005-08
655,91,904,2005-08
656,552,904,2005-08
657,608,904,2005-08
658,91,897,2005-08
659,287,897,2005-08
660,91,898,2005-08
661,336,898,2005-08
662,221,292,2005-08
663,488,292,2005-08
664,221,293,2005-08
665,552,293,2005-08
666,221,294,2005-08
667,608,294,2005-08
668,336,491,2005-08
669,608,491,2005-08
670,287,422,2005-08
671,608,422,2005-08
672,552,696,2005-08
673,608,696,2005-08
674,91,896,2005-08
675,286,896,2005-08
676,221,289,2005-08
677,287,289,2005-08
678,91,902,2005-08
679,488,902,2005-08
680,428,611,2005-08
681,552,611,2005-08
682,91,903,2005-08
683,552,903,2005-08
684,286,421,2005-08
685,608,421,2005-08
686,91,901,2005-08
687,462,901,2005-08
688,91,899,2005-08
689,428,899,2005-08
690,428,612,2005-08
691,608,612,2005-08
692,221,290,2005-08
693,462,290,2005-08
694,221,291,2005-08
695,474,291,2005-08
696,64,828,2007-02
697,68,828,2007-02
698,274,828,2007-02
699,580,828,2007-02
700,606,828,2007-02
701,68,854,2007-02
702,274,854,2007-02
703,580,854,2007-02
704,606,854,2007-02
705,187,195,2007-02
706,274,195,2007-02
707,580,195,2007-02
708,606,195,2007-02
709,64,813,2007-02
710,370,813,2007-02
711,580,813,2007-02
712,606,813,2007-02
713,274,389,2007-02
714,370,389,2007-02
715,580,389,2007-02
716,606,389,2007-02
717,370,530,2007-02
718,580,530,2007-02
719,606,530,2007-02
720,64,800,2007-02
721,187,800,2007-02
722,274,800,2007-02
723,606,800,2007-02
724,187,196,2007-02
725,274,196,2007-02
726,606,196,2007-02
727,64,823,2007-02
728,68,823,2007-02
729,129,823,2007-02
730,580,823,2007-02
731,68,849,2007-02
732,187,849,2007-02
733,274,849,2007-02
734,68,844,2007-02
735,129,844,2007-02
736,606,844,2007-02
737,399,560,2007-02
738,580,560,2007-02
739,274,392,2007-02
740,399,392,2007-02
741,64,785,2007-02
742,129,785,2007-02
743,274,785,2007-02
744,580,785,2007-02
745,64,803,2007-02
746,187,803,2007-02
747,580,803,2007-02
748,606,803,2007-02
749,64,806,2007-02
750,274,806,2007-02
751,370,806,2007-02
752,580,806,2007-02
753,187,198,2007-02
754,370,198,2007-02
755,580,198,2007-02
756,64,809,2007-02
757,274,809,2007-02
758,580,809,2007-02
759,606,809,2007-02
760,64,796,2007-02
761,178,796,2007-02
762,580,796,2007-02
763,606,796,2007-02
764,178,156,2007-02
765,580,156,2007-02
766,606,156,2007-02
767,64,797,2007-02
768,178,797,2007-02
769,606,797,2007-02
770,64,794,2007-02
771,178,794,2007-02
772,274,794,2007-02
773,178,152,2007-02
774,274,152,2007-02
775,580,152,2007-02
776,64,822,2007-02
777,68,822,2007-02
778,129,822,2007-02
779,274,822,2007-02
780,64,826,2007-02
781,68,826,2007-02
782,187,826,2007-02
783,580,826,2007-02
784,68,850,2007-02
785,187,850,2007-02
786,580,850,2007-02
787,64,825,2007-02
788,68,825,2007-02
789,187,825,2007-02
790,68,848,2007-02
791,187,848,2007-02
792,64,814,2007-02
793,370,814,2007-02
794,606,814,2007-02
795,399,561,2007-02
796,606,561,2007-02
797,64,818,2007-02
798,399,818,2007-02
799,64,816,2007-02
800,381,816,2007-02
801,580,816,2007-02
802,64,820,2007-02
803,542,820,2007-02
804,580,820,2007-02
805,132,101,2007-02
806,370,101,2007-02
807,64,787,2007-02
808,129,787,2007-02
809,580,787,2007-02
810,129,88,2007-02
811,370,88,2007-02
812,64,791,2007-02
813,132,791,2007-02
814,580,791,2007-02
815,132,104,2007-02
816,580,104,2007-02
817,606,104,2007-02
818,64,832,2007-02
819,68,832,2007-02
820,542,832,2007-02
821,64,829,2007-02
822,68,829,2007-02
823,274,829,2007-02
824,606,829,2007-02
825,68,855,2007-02
826,274,855,2007-02
827,606,855,2007-02
828,64,827,2007-02
829,68,827,2007-02
830,274,827,2007-02
831,580,827,2007-02
832,64,833,2007-02
833,68,833,2007-02
834,580,833,2007-02
835,606,833,2007-02
836,68,861,2007-02
837,580,861,2007-02
838,606,861,2007-02
839,64,799,2007-02
840,187,799,2007-02
841,274,799,2007-02
842,580,799,2007-02
843,64,788,2007-02
844,129,788,2007-02
845,606,788,2007-02
846,129,92,2007-02
847,580,92,2007-02
848,606,92,2007-02
849,274,390,2007-02
850,381,390,2007-02
851,542,390,2007-02
852,274,391,2007-02
853,381,391,2007-02
854,580,391,2007-02
855,178,154,2007-02
856,370,154,2007-02
857,580,154,2007-02
858,68,857,2007-02
859,370,857,2007-02
860,580,857,2007-02
861,178,153,2007-02
862,370,153,2007-02
863,68,847,2007-02
864,178,847,2007-02
865,580,847,2007-02
866,68,843,2007-02
867,129,843,2007-02
868,580,843,2007-02
869,64,792,2007-02
870,132,792,2007-02
871,606,792,2007-02
872,64,815,2007-02
873,381,815,2007-02
874,542,815,2007-02
875,64,790,2007-02
876,132,790,2007-02
877,274,790,2007-02
878,68,852,2007-02
879,274,852,2007-02
880,542,852,2007-02
881,64,801,2007-02
882,187,801,2007-02
883,370,801,2007-02
884,187,197,2007-02
885,370,197,2007-02
886,64,830,2007-02
887,68,830,2007-02
888,370,830,2007-02
889,68,856,2007-02
890,370,856,2007-02
891,274,396,2007-02
892,580,396,2007-02
893,606,396,2007-02
894,64,805,2007-02
895,274,805,2007-02
896,370,805,2007-02
897,64,824,2007-02
898,68,824,2007-02
899,132,824,2007-02
900,68,859,2007-02
901,381,859,2007-02
902,606,859,2007-02
903,64,804,2007-02
904,187,804,2007-02
905,606,804,2007-02
906,64,810,2007-02
907,274,810,2007-02
908,606,810,2007-02
909,68,841,2007-02
910,129,841,2007-02
911,274,841,2007-02
912,187,200,2007-02
913,580,200,2007-02
914,606,200,2007-02
915,274,388,2007-02
916,370,388,2007-02
917,580,388,2007-02
918,274,387,2007-02
919,370,387,2007-02
920,132,100,2007-02
921,274,100,2007-02
922,580,100,2007-02
923,132,103,2007-02
924,580,103,2007-02
925,132,99,2007-02
926,274,99,2007-02
927,64,784,2007-02
928,129,784,2007-02
929,274,784,2007-02
930,68,853,2007-02
931,274,853,2007-02
932,580,853,2007-02
933,129,87,2007-02
934,274,87,2007-02
935,580,87,2007-02
936,64,808,2007-02
937,274,808,2007-02
938,542,808,2007-02
939,68,851,2007-02
940,274,851,2007-02
941,381,851,2007-02
942,64,807,2007-02
943,274,807,2007-02
944,381,807,2007-02
945,64,812,2007-02
946,370,812,2007-02
947,580,812,2007-02
948,64,795,2007-02
949,178,795,2007-02
950,580,795,2007-02
951,178,155,2007-02
952,580,155,2007-02
953,542,695,2007-02
954,606,695,2007-02
955,64,789,2007-02
956,132,789,2007-02
957,34,500,2007-02
958,580,500,2007-02
959,274,395,2007-02
960,542,395,2007-02
961,580,395,2007-02
962,64,802,2007-02
963,187,802,2007-02
964,580,802,2007-02
965,64,786,2007-02
966,129,786,2007-02
967,381,786,2007-02
968,64,817,2007-02
969,381,817,2007-02
970,606,817,2007-02
971,64,821,2007-02
972,68,821,2007-02
973,129,821,2007-02
974,381,546,2007-02
975,580,546,2007-02
976,606,546,2007-02
977,129,86,2007-02
978,187,86,2007-02
979,68,858,2007-02
980,381,858,2007-02
981,580,858,2007-02
982,68,842,2007-02
983,129,842,2007-02
984,381,842,2007-02
985,64,831,2007-02
986,68,831,2007-02
987,381,831,2007-02
988,68,845,2007-02
989,132,845,2007-02
990,64,834,2007-02
991,68,834,2007-02
992,606,834,2007-02
993,64,798,2007-02
994,187,798,2007-02
995,274,798,2007-02
996,129,91,2007-02
997,542,91,2007-02
998,129,90,2007-02
999,381,90,2007-02
1000,580,90,2007-02
1001,187,194,2007-02
1002,274,194,2007-02
1003,580,194,2007-02
1004,542,694,2007-02
1005,580,694,2007-02
1006,178,150,2007-02
1007,187,150,2007-02
1008,68,846,2007-02
1009,178,846,2007-02
1010,274,394,2007-02
1011,542,394,2007-02
1012,132,98,2007-02
1013,187,98,2007-02
1014,370,531,2007-02
1015,606,531,2007-02
1016,64,811,2007-02
1017,370,811,2007-02
1018,370,528,2007-02
1019,381,528,2007-02
1020,75,882,2007-02
1021,606,882,2007-02
1022,381,545,2007-02
1023,542,545,2007-02
1024,64,819,2007-02
1025,542,819,2007-02
1026,75,881,2007-02
1027,580,881,2007-02
1028,178,157,2007-02
1029,606,157,2007-02
1030,129,89,2007-02
1031,381,89,2007-02
1032,129,93,2007-02
1033,606,93,2007-02
1034,178,151,2007-02
1035,274,151,2007-02
1036,381,547,2007-02
1037,606,547,2007-02
1038,64,793,2007-02
1039,178,793,2007-02
1040,132,102,2007-02
1041,381,102,2007-02
1042,68,860,2007-02
1043,542,860,2007-02
1044,187,199,2007-02
1045,381,199,2007-02
1046,34,501,2007-02
1047,64,501,2007-02
1048,370,529,2007-02
1049,580,529,2007-02
1050,34,499,2007-02
1051,274,499,2007-02
1052,254,371,2007-08
1053,570,371,2007-08
1054,573,371,2007-08
1055,254,368,2007-08
1056,483,368,2007-08
1057,570,368,2007-08
1058,307,457,2007-08
1059,480,457,2007-08
1060,570,457,2007-08
1061,483,655,2007-08
1062,570,655,2007-08
1063,573,655,2007-08
1064,480,649,2007-08
1065,483,649,2007-08
1066,573,649,2007-08
1067,254,369,2007-08
1068,540,369,2007-08
1069,480,648,2007-08
1070,483,648,2007-08
1071,570,648,2007-08
1072,480,651,2007-08
1073,570,651,2007-08
1074,573,651,2007-08
1075,254,366,2007-08
1076,480,366,2007-08
1077,593,366,2007-08
1078,254,373,2007-08
1079,593,373,2007-08
1080,307,458,2007-08
1081,480,458,2007-08
1082,573,458,2007-08
1083,307,461,2007-08
1084,573,461,2007-08
1085,307,456,2007-08
1086,480,456,2007-08
1087,483,456,2007-08
1088,480,652,2007-08
1089,593,652,2007-08
1090,254,364,2007-08
1091,480,364,2007-08
1092,570,364,2007-08
1093,254,362,2007-08
1094,307,362,2007-08
1095,480,362,2007-08
1096,254,361,2007-08
1097,307,361,2007-08
1098,254,363,2007-08
1099,480,363,2007-08
1100,483,363,2007-08
1101,254,367,2007-08
1102,483,367,2007-08
1103,254,365,2007-08
1104,480,365,2007-08
1105,573,365,2007-08
1106,254,372,2007-08
1107,573,372,2007-08
1108,254,370,2007-08
1109,570,370,2007-08
1110,480,650,2007-08
1111,540,650,2007-08
1112,570,719,2007-08
1113,573,719,2007-08
1114,307,459,2007-08
1115,483,459,2007-08
1116,540,693,2007-08
1117,573,693,2007-08
1118,483,656,2007-08
1119,573,656,2007-08
1120,483,654,2007-08
1121,570,654,2007-08
1122,110,44,2007-08
1123,480,44,2007-08
1124,307,460,2007-08
1125,570,460,2007-08
1126,483,657,2007-08
1127,606,657,2007-08
1128,232,311,2007-08
1129,480,311,2007-08
1130,274,393,2007-08
1131,480,393,2007-08
1132,480,653,2007-08
1133,606,653,2007-08
1134,166,139,2008-02
1135,219,139,2008-02
1136,354,139,2008-02
1137,477,139,2008-02
1138,166,143,2008-02
1139,381,143,2008-02
1140,477,143,2008-02
1141,219,281,2008-02
1142,381,281,2008-02
1143,166,141,2008-02
1144,354,141,2008-02
1145,477,141,2008-02
1146,166,142,2008-02
1147,381,142,2008-02
1148,166,138,2008-02
1149,219,138,2008-02
1150,354,138,2008-02
1151,219,280,2008-02
1152,354,280,2008-02
1153,477,280,2008-02
1154,354,517,2008-02
1155,381,517,2008-02
1156,354,515,2008-02
1157,359,515,2008-02
1158,354,516,2008-02
1159,361,516,2008-02
1160,381,544,2008-02
1161,477,544,2008-02
1162,219,278,2008-02
1163,307,278,2008-02
1164,166,140,2008-02
1165,343,140,2008-02
1166,343,502,2008-02
1167,477,502,2008-02
1168,230,310,2008-02
1169,477,310,2008-02
1170,219,279,2008-02
1171,343,279,2008-02
1172,307,455,2008-02
1173,477,455,2008-02
1174,322,469,2008-08
1175,420,469,2008-08
1176,137,110,2008-08
1177,420,110,2008-08
1178,137,109,2008-08
1179,322,109,2008-08
1180,28,403,2009-02
1181,200,403,2009-02
1182,220,403,2009-02
1183,239,403,2009-02
1184,220,284,2009-02
1185,223,284,2009-02
1186,239,284,2009-02
1187,220,283,2009-02
1188,223,283,2009-02
1189,200,228,2009-02
1190,220,228,2009-02
1191,239,228,2009-02
1192,356,228,2009-02
1193,200,232,2009-02
1194,223,232,2009-02
1195,239,232,2009-02
1196,28,409,2009-02
1197,239,409,2009-02
1198,334,409,2009-02
1199,28,405,2009-02
1200,200,405,2009-02
1201,239,405,2009-02
1202,356,405,2009-02
1203,28,402,2009-02
1204,200,402,2009-02
1205,220,402,2009-02
1206,28,406,2009-02
1207,200,406,2009-02
1208,356,406,2009-02
1209,200,227,2009-02
1210,220,227,2009-02
1211,239,227,2009-02
1212,334,227,2009-02
1213,200,229,2009-02
1214,220,229,2009-02
1215,334,229,2009-02
1216,220,285,2009-02
1217,239,285,2009-02
1218,334,285,2009-02
1219,200,233,2009-02
1220,239,233,2009-02
1221,334,233,2009-02
1222,200,230,2009-02
1223,220,230,2009-02
1224,356,230,2009-02
1225,223,299,2009-02
1226,356,299,2009-02
1227,220,286,2009-02
1228,239,286,2009-02
1229,356,286,2009-02
1230,223,297,2009-02
1231,239,297,2009-02
1232,28,410,2009-02
1233,239,410,2009-02
1234,356,410,2009-02
1235,220,287,2009-02
1236,334,287,2009-02
1237,200,226,2009-02
1238,220,226,2009-02
1239,239,226,2009-02
1240,200,234,2009-02
1241,239,234,2009-02
1242,356,234,2009-02
1243,28,404,2009-02
1244,200,404,2009-02
1245,239,404,2009-02
1246,28,408,2009-02
1247,220,408,2009-02
1248,239,408,2009-02
1249,220,288,2009-02
1250,356,288,2009-02
1251,28,412,2009-02
1252,356,412,2009-02
1253,51,661,2009-02
1254,220,661,2009-02
1255,28,413,2009-02
1256,51,413,2009-02
1257,51,663,2009-02
1258,356,663,2009-02
1259,200,235,2009-02
1260,334,235,2009-02
1261,200,231,2009-02
1262,223,231,2009-02
1263,334,490,2009-02
1264,356,490,2009-02
1265,28,401,2009-02
1266,200,401,2009-02
1267,28,407,2009-02
1268,220,407,2009-02
1269,223,298,2009-02
1270,334,298,2009-02
1271,51,662,2009-02
1272,239,662,2009-02
1273,239,314,2009-02
1274,334,314,2009-02
1275,28,411,2009-02
1276,334,411,2009-02
1277,51,660,2009-02
1278,200,660,2009-02
1279,369,527,2009-08
1280,600,527,2009-08
1281,215,272,2010-02
1282,522,272,2010-02
1283,292,431,2010-02
1284,590,431,2010-02
1285,522,689,2010-02
1286,590,689,2010-02
1287,318,468,2010-02
1288,590,468,2010-02
1289,215,273,2010-02
1290,590,273,2010-02
1291,434,622,2010-08
1292,605,622,2010-08
1293,22,282,2010-08
1294,434,282,2010-08
1295,434,621,2010-08
1296,464,621,2010-08
1297,330,488,2011-02
1298,405,488,2011-02
1299,204,254,2012-02
1300,432,254,2012-02
1301,432,620,2012-02
1302,520,620,2012-02
1303,432,619,2012-02
1304,490,619,2012-02
1305,419,605,2012-02
1306,432,605,2012-02
1307,351,504,2012-02
1308,432,504,2012-02
1309,116,52,2012-08
1310,489,52,2012-08
1311,484,658,2012-08
1312,489,658,2012-08
1313,86,894,2012-08
1314,489,894,2012-08
1315,83,890,2012-08
1316,489,890,2012-08
1317,211,259,2013-02
1318,249,259,2013-02
1319,357,259,2013-02
1320,131,95,2013-02
1321,249,95,2013-02
1322,332,95,2013-02
1323,249,356,2013-02
1324,332,356,2013-02
1325,357,356,2013-02
1326,249,358,2013-02
1327,357,358,2013-02
1328,460,358,2013-02
1329,249,357,2013-02
1330,332,357,2013-02
1331,460,357,2013-02
1332,332,489,2013-02
1333,460,489,2013-02
1334,280,414,2013-02
1335,332,414,2013-02
1336,249,355,2013-02
1337,280,355,2013-02
1338,357,355,2013-02
1339,211,258,2013-02
1340,249,258,2013-02
1341,332,258,2013-02
1342,280,415,2013-02
1343,460,415,2013-02
1344,246,328,2013-02
1345,249,328,2013-02
1346,332,328,2013-02
1347,131,94,2013-02
1348,249,94,2013-02
1349,211,261,2013-02
1350,357,261,2013-02
1351,131,97,2013-02
1352,357,97,2013-02
1353,357,518,2013-02
1354,460,518,2013-02
1355,211,260,2013-02
1356,332,260,2013-02
1357,131,96,2013-02
1358,332,96,2013-02
1359,246,330,2013-02
1360,357,330,2013-02
1361,70,865,2013-02
1362,357,865,2013-02
1363,246,329,2013-02
1364,332,329,2013-02
1365,211,257,2013-02
1366,246,257,2013-02
1367,246,331,2013-02
1368,460,331,2013-02
1369,249,359,2013-02
1370,460,359,2013-02
1371,376,532,2013-08
1372,562,532,2013-08
1373,16,130,2013-08
1374,376,130,2013-08
1375,80,887,2013-08
1376,376,887,2013-08
1377,80,888,2013-08
1378,562,888,2013-08
1379,282,418,2014-02
1380,528,418,2014-02
1381,348,503,2014-02
1382,415,503,2014-02
1383,282,416,2014-02
1384,348,416,2014-02
1385,282,417,2014-02
1386,415,417,2014-02
1387,222,296,2014-02
1388,528,296,2014-02
1389,222,295,2014-02
1390,282,295,2014-02
1391,76,885,2015-08
1392,317,885,2015-08
1393,103,27,2015-08
1394,119,27,2015-08
1395,509,27,2015-08
1396,103,28,2015-08
1397,177,28,2015-08
1398,317,28,2015-08
1399,119,54,2015-08
1400,177,54,2015-08
1401,466,54,2015-08
1402,177,148,2015-08
1403,466,148,2015-08
1404,509,148,2015-08
1405,103,29,2015-08
1406,177,29,2015-08
1407,509,29,2015-08
1408,119,55,2015-08
1409,177,55,2015-08
1410,509,55,2015-08
1411,76,883,2015-08
1412,103,883,2015-08
1413,103,31,2015-08
1414,393,31,2015-08
1415,103,30,2015-08
1416,317,30,2015-08
1417,393,558,2015-08
1418,466,558,2015-08
1419,103,32,2015-08
1420,466,32,2015-08
1421,76,884,2015-08
1422,177,884,2015-08
1423,177,147,2015-08
1424,393,147,2015-08
1425,119,57,2015-08
1426,393,57,2015-08
1427,119,58,2015-08
1428,466,58,2015-08
1429,103,26,2015-08
1430,119,26,2015-08
1431,177,146,2015-08
1432,317,146,2015-08
1433,177,149,2015-08
1434,563,149,2015-08
1435,393,559,2015-08
1436,509,559,2015-08
1437,466,639,2015-08
1438,509,639,2015-08
1439,119,56,2015-08
1440,317,56,2015-08
1441,119,59,2015-08
1442,509,59,2015-08
1443,18,181,2016-02
1444,582,181,2016-02
1445,18,184,2016-02
1446,63,184,2016-02
1447,123,184,2016-02
1448,18,167,2016-02
1449,105,167,2016-02
1450,581,167,2016-02
1451,18,164,2016-02
1452,105,164,2016-02
1453,366,164,2016-02
1454,18,176,2016-02
1455,366,176,2016-02
1456,18,187,2016-02
1457,63,187,2016-02
1458,378,187,2016-02
1459,18,169,2016-02
1460,112,169,2016-02
1461,63,774,2016-02
1462,105,774,2016-02
1463,445,774,2016-02
1464,63,773,2016-02
1465,105,773,2016-02
1466,378,773,2016-02
1467,298,436,2016-02
1468,445,436,2016-02
1469,18,173,2016-02
1470,227,173,2016-02
1471,298,173,2016-02
1472,18,166,2016-02
1473,105,166,2016-02
1474,445,166,2016-02
1475,18,183,2016-02
1476,63,183,2016-02
1477,105,183,2016-02
1478,298,183,2016-02
1479,18,182,2016-02
1480,63,182,2016-02
1481,105,182,2016-02
1482,227,182,2016-02
1483,63,770,2016-02
1484,105,770,2016-02
1485,227,770,2016-02
1486,18,185,2016-02
1487,63,185,2016-02
1488,227,185,2016-02
1489,105,42,2016-02
1490,582,42,2016-02
1491,18,163,2016-02
1492,105,163,2016-02
1493,298,163,2016-02
1494,18,168,2016-02
1495,105,168,2016-02
1496,601,168,2016-02
1497,105,43,2016-02
1498,601,43,2016-02
1499,18,186,2016-02
1500,63,186,2016-02
1501,298,186,2016-02
1502,63,772,2016-02
1503,105,772,2016-02
1504,298,772,2016-02
1505,63,771,2016-02
1506,105,771,2016-02
1507,256,771,2016-02
1508,18,180,2016-02
1509,581,180,2016-02
1510,18,178,2016-02
1511,441,178,2016-02
1512,18,165,2016-02
1513,105,165,2016-02
1514,378,165,2016-02
1515,18,159,2016-02
1516,105,159,2016-02
1517,123,159,2016-02
1518,18,170,2016-02
1519,123,170,2016-02
1520,18,162,2016-02
1521,105,162,2016-02
1522,256,162,2016-02
1523,18,161,2016-02
1524,105,161,2016-02
1525,227,161,2016-02
1526,63,780,2016-02
1527,378,780,2016-02
1528,18,160,2016-02
1529,105,160,2016-02
1530,152,160,2016-02
1531,63,769,2016-02
1532,105,769,2016-02
1533,152,769,2016-02
1534,63,776,2016-02
1535,152,776,2016-02
1536,63,768,2016-02
1537,105,768,2016-02
1538,123,768,2016-02
1539,63,775,2016-02
1540,123,775,2016-02
1541,63,782,2016-02
1542,582,782,2016-02
1543,105,37,2016-02
1544,378,37,2016-02
1545,18,177,2016-02
1546,378,177,2016-02
1547,18,179,2016-02
1548,445,179,2016-02
1549,63,781,2016-02
1550,445,781,2016-02
1551,18,171,2016-02
1552,152,171,2016-02
1553,63,783,2016-02
1554,601,783,2016-02
1555,18,172,2016-02
1556,227,172,2016-02
1557,18,174,2016-02
1558,241,174,2016-02
1559,105,41,2016-02
1560,581,41,2016-02
1561,105,39,2016-02
1562,441,39,2016-02
1563,105,36,2016-02
1564,366,36,2016-02
1565,105,40,2016-02
1566,445,40,2016-02
1567,227,304,2016-02
1568,298,304,2016-02
1569,63,778,2016-02
1570,256,778,2016-02
1571,18,175,2016-02
1572,256,175,2016-02
1573,105,38,2016-02
1574,426,38,2016-02
1575,105,35,2016-02
1576,152,35,2016-02
1577,63,779,2016-02
1578,298,779,2016-02
1579,63,777,2016-02
1580,227,777,2016-02
1581,105,34,2016-02
1582,123,34,2016-02
1583,10,21,2016-02
1584,105,21,2016-02
1585,52,673,2016-08
1586,247,673,2016-08
1587,305,673,2016-08
1588,122,64,2016-08
1589,247,64,2016-08
1590,495,64,2016-08
1591,247,342,2016-08
1592,339,342,2016-08
1593,495,342,2016-08
1594,122,62,2016-08
1595,247,62,2016-08
1596,305,62,2016-08
1597,560,62,2016-08
1598,52,675,2016-08
1599,247,675,2016-08
1600,560,675,2016-08
1601,24,317,2016-08
1602,247,317,2016-08
1603,560,317,2016-08
1604,73,871,2016-08
1605,247,871,2016-08
1606,305,871,2016-08
1607,247,335,2016-08
1608,305,335,2016-08
1609,424,335,2016-08
1610,24,319,2016-08
1611,305,319,2016-08
1612,560,319,2016-08
1613,247,333,2016-08
1614,305,333,2016-08
1615,339,333,2016-08
1616,534,333,2016-08
1617,41,579,2016-08
1618,247,579,2016-08
1619,560,579,2016-08
1620,52,674,2016-08
1621,247,674,2016-08
1622,534,674,2016-08
1623,52,672,2016-08
1624,247,672,2016-08
1625,247,334,2016-08
1626,305,334,2016-08
1627,339,334,2016-08
1628,560,334,2016-08
1629,122,71,2016-08
1630,305,71,2016-08
1631,495,71,2016-08
1632,560,71,2016-08
1633,52,687,2016-08
1634,534,687,2016-08
1635,560,687,2016-08
1636,41,581,2016-08
1637,305,581,2016-08
1638,339,581,2016-08
1639,560,581,2016-08
1640,305,444,2016-08
1641,339,444,2016-08
1642,495,444,2016-08
1643,560,444,2016-08
1644,247,337,2016-08
1645,305,337,2016-08
1646,495,337,2016-08
1647,560,337,2016-08
1648,247,350,2016-08
1649,495,350,2016-08
1650,560,350,2016-08
1651,247,336,2016-08
1652,305,336,2016-08
1653,495,336,2016-08
1654,247,339,2016-08
1655,305,339,2016-08
1656,534,339,2016-08
1657,560,339,2016-08
1658,247,338,2016-08
1659,305,338,2016-08
1660,534,338,2016-08
1661,247,340,2016-08
1662,305,340,2016-08
1663,560,340,2016-08
1664,52,677,2016-08
1665,305,677,2016-08
1666,495,677,2016-08
1667,408,571,2016-08
1668,534,571,2016-08
1669,560,571,2016-08
1670,122,66,2016-08
1671,247,66,2016-08
1672,560,66,2016-08
1673,24,316,2016-08
1674,247,316,2016-08
1675,73,876,2016-08
1676,305,876,2016-08
1677,560,876,2016-08
1678,305,451,2016-08
1679,424,451,2016-08
1680,560,451,2016-08
1681,247,344,2016-08
1682,339,344,2016-08
1683,560,344,2016-08
1684,247,352,2016-08
1685,534,352,2016-08
1686,560,352,2016-08
1687,247,343,2016-08
1688,339,343,2016-08
1689,534,343,2016-08
1690,41,578,2016-08
1691,247,578,2016-08
1692,305,578,2016-08
1693,41,577,2016-08
1694,247,577,2016-08
1695,247,332,2016-08
1696,305,332,2016-08
1697,339,332,2016-08
1698,122,68,2016-08
1699,305,68,2016-08
1700,339,68,2016-08
1701,560,68,2016-08
1702,305,446,2016-08
1703,339,446,2016-08
1704,560,446,2016-08
1705,122,73,2016-08
1706,305,73,2016-08
1707,534,73,2016-08
1708,560,73,2016-08
1709,52,669,2016-08
1710,122,669,2016-08
1711,305,669,2016-08
1712,52,681,2016-08
1713,339,681,2016-08
1714,560,681,2016-08
1715,52,679,2016-08
1716,305,679,2016-08
1717,560,679,2016-08
1718,52,683,2016-08
1719,408,683,2016-08
1720,560,683,2016-08
1721,73,873,2016-08
1722,305,873,2016-08
1723,339,873,2016-08
1724,41,586,2016-08
1725,495,586,2016-08
1726,560,586,2016-08
1727,305,442,2016-08
1728,339,442,2016-08
1729,418,442,2016-08
1730,305,449,2016-08
1731,418,449,2016-08
1732,560,449,2016-08
1733,247,349,2016-08
1734,495,349,2016-08
1735,73,867,2016-08
1736,122,867,2016-08
1737,305,867,2016-08
1738,73,869,2016-08
1739,122,869,2016-08
1740,560,869,2016-08
1741,73,870,2016-08
1742,247,870,2016-08
1743,52,670,2016-08
1744,122,670,2016-08
1745,495,670,2016-08
1746,52,685,2016-08
1747,495,685,2016-08
1748,560,685,2016-08
1749,41,575,2016-08
1750,122,575,2016-08
1751,305,575,2016-08
1752,41,582,2016-08
1753,305,582,2016-08
1754,560,582,2016-08
1755,122,80,2016-08
1756,424,80,2016-08
1757,560,80,2016-08
1758,418,604,2016-08
1759,560,604,2016-08
1760,24,325,2016-08
1761,534,325,2016-08
1762,560,325,2016-08
1763,122,74,2016-08
1764,339,74,2016-08
1765,424,74,2016-08
1766,495,659,2016-08
1767,534,659,2016-08
1768,560,659,2016-08
1769,41,576,2016-08
1770,122,576,2016-08
1771,560,576,2016-08
1772,41,583,2016-08
1773,339,583,2016-08
1774,560,583,2016-08
1775,122,65,2016-08
1776,247,65,2016-08
1777,534,65,2016-08
1778,122,61,2016-08
1779,247,61,2016-08
1780,305,61,2016-08
1781,122,69,2016-08
1782,305,69,2016-08
1783,424,69,2016-08
1784,305,450,2016-08
1785,424,450,2016-08
1786,339,498,2016-08
1787,534,498,2016-08
1788,560,498,2016-08
1789,122,70,2016-08
1790,305,70,2016-08
1791,495,70,2016-08
1792,122,76,2016-08
1793,339,76,2016-08
1794,560,76,2016-08
1795,24,321,2016-08
1796,408,321,2016-08
1797,41,585,2016-08
1798,495,585,2016-08
1799,122,78,2016-08
1800,418,78,2016-08
1801,418,602,2016-08
1802,495,602,2016-08
1803,305,452,2016-08
1804,495,452,2016-08
1805,534,452,2016-08
1806,122,83,2016-08
1807,534,83,2016-08
1808,560,83,2016-08
1809,305,454,2016-08
1810,534,454,2016-08
1811,560,454,2016-08
1812,247,346,2016-08
1813,408,346,2016-08
1814,560,346,2016-08
1815,247,345,2016-08
1816,408,345,2016-08
1817,52,671,2016-08
1818,122,671,2016-08
1819,560,671,2016-08
1820,52,668,2016-08
1821,122,668,2016-08
1822,122,75,2016-08
1823,339,75,2016-08
1824,495,75,2016-08
1825,73,878,2016-08
1826,339,878,2016-08
1827,534,878,2016-08
1828,41,587,2016-08
1829,534,587,2016-08
1830,52,676,2016-08
1831,305,676,2016-08
1832,339,676,2016-08
1833,52,680,2016-08
1834,339,680,2016-08
1835,24,323,2016-08
1836,52,323,2016-08
1837,339,497,2016-08
1838,495,497,2016-08
1839,560,497,2016-08
1840,24,322,2016-08
1841,495,322,2016-08
1842,73,877,2016-08
1843,339,877,2016-08
1844,73,868,2016-08
1845,122,868,2016-08
1846,495,868,2016-08
1847,41,580,2016-08
1848,305,580,2016-08
1849,339,580,2016-08
1850,122,82,2016-08
1851,495,82,2016-08
1852,560,82,2016-08
1853,122,72,2016-08
1854,305,72,2016-08
1855,534,72,2016-08
1856,305,443,2016-08
1857,339,443,2016-08
1858,495,443,2016-08
1859,305,445,2016-08
1860,339,445,2016-08
1861,534,445,2016-08
1862,73,874,2016-08
1863,305,874,2016-08
1864,495,874,2016-08
1865,122,63,2016-08
1866,247,63,2016-08
1867,339,63,2016-08
1868,41,584,2016-08
1869,424,584,2016-08
1870,73,875,2016-08
1871,305,875,2016-08
1872,534,875,2016-08
1873,122,81,2016-08
1874,495,81,2016-08
1875,534,81,2016-08
1876,52,678,2016-08
1877,305,678,2016-08
1878,534,678,2016-08
1879,122,67,2016-08
1880,305,67,2016-08
1881,339,67,2016-08
1882,339,494,2016-08
1883,408,494,2016-08
1884,305,453,2016-08
1885,495,453,2016-08
1886,560,453,2016-08
1887,247,341,2016-08
1888,319,341,2016-08
1889,122,60,2016-08
1890,247,60,2016-08
1891,424,609,2016-08
1892,560,609,2016-08
1893,418,603,2016-08
1894,534,603,2016-08
1895,247,351,2016-08
1896,534,351,2016-08
1897,24,326,2016-08
1898,560,326,2016-08
1899,24,320,2016-08
1900,339,320,2016-08
1901,73,880,2016-08
1902,560,880,2016-08
1903,24,315,2016-08
1904,122,315,2016-08
1905,24,318,2016-08
1906,305,318,2016-08
1907,408,572,2016-08
1908,560,572,2016-08
1909,305,447,2016-08
1910,408,447,2016-08
1911,247,348,2016-08
1912,424,348,2016-08
1913,424,608,2016-08
1914,495,608,2016-08
1915,52,682,2016-08
1916,408,682,2016-08
1917,52,684,2016-08
1918,495,684,2016-08
1919,52,688,2016-08
1920,73,688,2016-08
1921,41,574,2016-08
1922,122,574,2016-08
1923,52,686,2016-08
1924,534,686,2016-08
1925,24,324,2016-08
1926,534,324,2016-08
1927,305,448,2016-08
1928,418,448,2016-08
1929,122,77,2016-08
1930,408,77,2016-08
1931,73,866,2016-08
1932,122,866,2016-08
1933,339,496,2016-08
1934,424,496,2016-08
1935,408,569,2016-08
1936,495,569,2016-08
1937,41,588,2016-08
1938,73,588,2016-08
1939,122,79,2016-08
1940,424,79,2016-08
1941,247,347,2016-08
1942,418,347,2016-08
1943,73,879,2016-08
1944,495,879,2016-08
1945,339,495,2016-08
1946,418,495,2016-08
1947,73,872,2016-08
1948,305,872,2016-08
1949,408,570,2016-08
1950,534,570,2016-08
1951,517,667,2017-02
1952,525,667,2017-02
1953,525,691,2017-02
1954,564,691,2017-02
1955,148,118,2017-02
1956,525,118,2017-02
1957,125,85,2017-02
1958,610,85,2017-02
1959,125,84,2017-02
1960,564,84,2017-02
1961,380,535,2017-08
1962,400,535,2017-08
1963,561,535,2017-08
1964,599,535,2017-08
1965,400,567,2017-08
1966,561,567,2017-08
1967,599,567,2017-08
1968,380,534,2017-08
1969,400,534,2017-08
1970,561,534,2017-08
1971,30,439,2017-08
1972,380,439,2017-08
1973,561,439,2017-08
1974,30,441,2017-08
1975,561,441,2017-08
1976,328,472,2017-08
1977,352,472,2017-08
1978,380,472,2017-08
1979,380,536,2017-08
1980,400,536,2017-08
1981,599,536,2017-08
1982,400,568,2017-08
1983,599,568,2017-08
1984,67,840,2017-08
1985,561,840,2017-08
1986,328,477,2017-08
1987,380,477,2017-08
1988,561,477,2017-08
1989,599,477,2017-08
1990,380,538,2017-08
1991,475,538,2017-08
1992,561,538,2017-08
1993,599,538,2017-08
1994,352,507,2017-08
1995,380,507,2017-08
1996,561,507,2017-08
1997,599,507,2017-08
1998,352,511,2017-08
1999,400,511,2017-08
2000,561,511,2017-08
2001,352,510,2017-08
2002,400,510,2017-08
2003,400,566,2017-08
2004,561,566,2017-08
2005,352,505,2017-08
2006,380,505,2017-08
2007,475,505,2017-08
2008,380,542,2017-08
2009,561,542,2017-08
2010,599,542,2017-08
2011,610,542,2017-08
2012,30,438,2017-08
2013,380,438,2017-08
2014,475,438,2017-08
2015,30,437,2017-08
2016,380,437,2017-08
2017,30,440,2017-08
2018,475,440,2017-08
2019,212,263,2017-08
2020,352,263,2017-08
2021,380,263,2017-08
2022,328,475,2017-08
2023,380,475,2017-08
2024,475,475,2017-08
2025,475,645,2017-08
2026,561,645,2017-08
2027,599,645,2017-08
2028,328,480,2017-08
2029,400,480,2017-08
2030,328,476,2017-08
2031,380,476,2017-08
2032,561,476,2017-08
2033,380,539,2017-08
2034,475,539,2017-08
2035,599,539,2017-08
2036,352,513,2017-08
2037,561,513,2017-08
2038,599,513,2017-08
2039,352,506,2017-08
2040,380,506,2017-08
2041,561,506,2017-08
2042,328,474,2017-08
2043,352,474,2017-08
2044,599,474,2017-08
2045,380,537,2017-08
2046,475,537,2017-08
2047,561,537,2017-08
2048,328,478,2017-08
2049,380,478,2017-08
2050,599,478,2017-08
2051,328,482,2017-08
2052,561,482,2017-08
2053,599,482,2017-08
2054,328,473,2017-08
2055,352,473,2017-08
2056,561,473,2017-08
2057,328,471,2017-08
2058,352,471,2017-08
2059,475,646,2017-08
2060,561,646,2017-08
2061,610,646,2017-08
2062,67,839,2017-08
2063,380,839,2017-08
2064,328,481,2017-08
2065,475,481,2017-08
2066,328,479,2017-08
2067,380,479,2017-08
2068,610,479,2017-08
2069,380,543,2017-08
2070,599,543,2017-08
2071,610,543,2017-08
2072,380,540,2017-08
2073,475,540,2017-08
2074,610,540,2017-08
2075,212,266,2017-08
2076,380,266,2017-08
2077,610,266,2017-08
2078,561,698,2017-08
2079,599,698,2017-08
2080,610,698,2017-08
2081,475,647,2017-08
2082,599,647,2017-08
2083,212,270,2017-08
2084,599,270,2017-08
2085,352,508,2017-08
2086,380,508,2017-08
2087,599,508,2017-08
2088,352,509,2017-08
2089,380,509,2017-08
2090,610,509,2017-08
2091,352,514,2017-08
2092,561,514,2017-08
2093,610,514,2017-08
2094,212,264,2017-08
2095,352,264,2017-08
2096,610,264,2017-08
2097,212,267,2017-08
2098,561,267,2017-08
2099,365,523,2017-08
2100,561,523,2017-08
2101,526,692,2017-08
2102,599,692,2017-08
2103,380,541,2017-08
2104,523,541,2017-08
2105,380,533,2017-08
2106,400,533,2017-08
2107,212,271,2017-08
2108,610,271,2017-08
2109,212,265,2017-08
2110,380,265,2017-08
2111,365,524,2017-08
2112,610,524,2017-08
2113,523,690,2017-08
2114,610,690,2017-08
2115,212,262,2017-08
2116,352,262,2017-08
2117,365,522,2017-08
2118,380,522,2017-08
2119,328,483,2017-08
2120,610,483,2017-08
2121,352,512,2017-08
2122,475,512,2017-08
2123,141,116,2018-02
2124,382,116,2018-02
2125,111,50,2018-02
2126,551,50,2018-02
2127,279,399,2018-02
2128,382,399,2018-02
2129,15,119,2018-02
2130,141,119,2018-02
2131,111,46,2018-02
2132,190,46,2018-02
2133,111,45,2018-02
2134,141,45,2018-02
2135,111,49,2018-02
2136,382,49,2018-02
2137,279,400,2018-02
2138,551,400,2018-02
2139,382,548,2018-02
2140,551,548,2018-02
2141,141,117,2018-02
2142,551,117,2018-02
2143,15,122,2018-02
2144,551,122,2018-02
2145,15,121,2018-02
2146,382,121,2018-02
2147,141,115,2018-02
2148,279,115,2018-02
2149,15,120,2018-02
2150,279,120,2018-02
2151,111,47,2018-02
2152,279,47,2018-02
2153,111,48,2018-02
2154,306,48,2018-02
2155,417,601,2018-08
2156,596,601,2018-08
2157,25,360,2018-08
2158,62,360,2018-08
2159,62,760,2018-08
2160,362,760,2018-08
2161,596,760,2018-08
2162,248,354,2018-08
2163,596,354,2018-08
2164,62,764,2018-08
2165,514,764,2018-08
2166,596,764,2018-08
2167,62,759,2018-08
2168,362,759,2018-08
2169,417,759,2018-08
2170,514,666,2018-08
2171,601,666,2018-08
2172,210,256,2018-08
2173,596,256,2018-08
2174,62,765,2018-08
2175,586,765,2018-08
2176,596,765,2018-08
2177,62,758,2018-08
2178,248,758,2018-08
2179,586,758,2018-08
2180,248,353,2018-08
2181,586,353,2018-08
2182,362,521,2018-08
2183,596,521,2018-08
2184,514,665,2018-08
2185,596,665,2018-08
2186,362,519,2018-08
2187,417,519,2018-08
2188,362,520,2018-08
2189,514,520,2018-08
2190,62,753,2018-08
2191,209,753,2018-08
2192,212,269,2018-08
2193,596,269,2018-08
2194,596,738,2018-08
2195,601,738,2018-08
2196,62,756,2018-08
2197,233,756,2018-08
2198,62,757,2018-08
2199,248,757,2018-08
2200,514,664,2018-08
2201,586,664,2018-08
2202,98,914,2018-08
2203,596,914,2018-08
2204,98,913,2018-08
2205,514,913,2018-08
2206,62,763,2018-08
2207,514,763,2018-08
2208,62,754,2018-08
2209,210,754,2018-08
2210,210,255,2018-08
2211,586,255,2018-08
2212,62,761,2018-08
2213,417,761,2018-08
2214,62,762,2018-08
2215,491,762,2018-08
2216,212,268,2018-08
2217,586,268,2018-08
2218,62,767,2018-08
2219,98,767,2018-08
2220,62,755,2018-08
2221,212,755,2018-08
2222,62,766,2018-08
2223,601,766,2018-08
