,user_id,group_id,period
0,136,49,1996-08
1,411,49,1996-08
2,436,49,1996-08
3,584,49,1996-08
4,602,49,1996-08
5,235,217,1996-08
6,314,217,1996-08
7,394,217,1996-08
8,40,419,1996-08
9,485,419,1996-08
10,588,419,1996-08
11,136,43,1996-08
12,145,43,1996-08
13,314,43,1996-08
14,394,43,1996-08
15,436,43,1996-08
16,498,43,1996-08
17,136,51,1996-08
18,436,51,1996-08
19,588,51,1996-08
20,136,50,1996-08
21,436,50,1996-08
22,191,150,1996-08
23,314,150,1996-08
24,394,150,1996-08
25,588,150,1996-08
26,136,52,1996-08
27,584,52,1996-08
28,602,52,1996-08
29,38,374,1996-08
30,191,374,1996-08
31,468,466,1996-08
32,584,466,1996-08
33,14,63,1996-08
34,602,63,1996-08
35,604,63,1996-08
36,40,421,1996-08
37,602,421,1996-08
38,40,420,1996-08
39,541,420,1996-08
40,14,59,1996-08
41,314,59,1996-08
42,99,654,1996-08
43,136,654,1996-08
44,588,654,1996-08
45,136,53,1996-08
46,588,53,1996-08
47,436,453,1996-08
48,584,453,1996-08
49,99,658,1996-08
50,436,658,1996-08
51,14,60,1996-08
52,411,60,1996-08
53,411,428,1996-08
54,588,428,1996-08
55,38,381,1996-08
56,541,381,1996-08
57,588,381,1996-08
58,14,61,1996-08
59,541,61,1996-08
60,38,375,1996-08
61,235,375,1996-08
62,136,46,1996-08
63,314,46,1996-08
64,604,46,1996-08
65,314,318,1996-08
66,588,318,1996-08
67,38,379,1996-08
68,485,379,1996-08
69,588,379,1996-08
70,485,485,1996-08
71,588,485,1996-08
72,38,382,1996-08
73,588,382,1996-08
74,235,219,1996-08
75,394,219,1996-08
76,99,657,1996-08
77,353,657,1996-08
78,429,657,1996-08
79,99,656,1996-08
80,353,656,1996-08
81,26,229,1996-08
82,38,229,1996-08
83,314,229,1996-08
84,411,427,1996-08
85,512,427,1996-08
86,602,427,1996-08
87,411,429,1996-08
88,602,429,1996-08
89,38,378,1996-08
90,411,378,1996-08
91,394,410,1996-08
92,588,410,1996-08
93,14,62,1996-08
94,588,62,1996-08
95,536,506,1996-08
96,588,506,1996-08
97,191,153,1996-08
98,584,153,1996-08
99,191,151,1996-08
100,353,151,1996-08
101,353,350,1996-08
102,584,350,1996-08
103,136,44,1996-08
104,191,44,1996-08
105,191,149,1996-08
106,314,149,1996-08
107,191,152,1996-08
108,468,152,1996-08
109,38,373,1996-08
110,136,373,1996-08
111,38,380,1996-08
112,541,380,1996-08
113,38,376,1996-08
114,385,376,1996-08
115,38,377,1996-08
116,40,377,1996-08
117,136,45,1996-08
118,314,45,1996-08
119,314,316,1996-08
120,411,316,1996-08
121,102,8,1996-08
122,136,8,1996-08
123,102,7,1996-08
124,109,7,1996-08
125,349,343,1996-08
126,468,343,1996-08
127,235,218,1996-08
128,314,218,1996-08
129,602,218,1996-08
130,235,216,1996-08
131,314,216,1996-08
132,353,349,1996-08
133,436,349,1996-08
134,468,467,1996-08
135,602,467,1996-08
136,541,507,1996-08
137,602,507,1996-08
138,385,394,1996-08
139,541,394,1996-08
140,314,315,1996-08
141,394,315,1996-08
142,284,259,1996-08
143,588,259,1996-08
144,136,54,1996-08
145,602,54,1996-08
146,314,317,1996-08
147,541,317,1996-08
148,385,395,1996-08
149,602,395,1996-08
150,99,655,1996-08
151,191,655,1996-08
152,136,48,1996-08
153,411,48,1996-08
154,353,348,1996-08
155,411,348,1996-08
156,109,13,1996-08
157,136,13,1996-08
158,314,314,1996-08
159,353,314,1996-08
160,136,47,1996-08
161,353,47,1996-08
162,130,30,1996-08
163,394,30,1996-08
164,38,383,1996-08
165,602,383,1996-08
166,58,540,1997-02
167,94,540,1997-02
168,117,540,1997-02
169,121,540,1997-02
170,373,540,1997-02
171,94,648,1997-02
172,373,648,1997-02
173,386,648,1997-02
174,81,601,1997-02
175,126,601,1997-02
176,373,601,1997-02
177,446,601,1997-02
178,566,601,1997-02
179,117,27,1997-02
180,373,27,1997-02
181,6,552,1997-02
182,94,552,1997-02
183,117,552,1997-02
184,94,643,1997-02
185,126,643,1997-02
186,386,643,1997-02
187,94,638,1997-02
188,117,638,1997-02
189,386,638,1997-02
190,94,637,1997-02
191,117,637,1997-02
192,6,543,1997-02
193,126,543,1997-02
194,81,606,1997-02
195,446,606,1997-02
196,373,366,1997-02
197,386,366,1997-02
198,524,366,1997-02
199,58,537,1997-02
200,373,537,1997-02
201,386,537,1997-02
202,58,534,1997-02
203,117,534,1997-02
204,379,534,1997-02
205,58,533,1997-02
206,117,533,1997-02
207,81,599,1997-02
208,117,599,1997-02
209,126,599,1997-02
210,81,600,1997-02
211,126,600,1997-02
212,117,26,1997-02
213,126,26,1997-02
214,126,29,1997-02
215,379,29,1997-02
216,94,640,1997-02
217,121,640,1997-02
218,373,640,1997-02
219,559,640,1997-02
220,94,639,1997-02
221,121,639,1997-02
222,373,639,1997-02
223,94,647,1997-02
224,373,647,1997-02
225,31,308,1997-02
226,214,308,1997-02
227,6,548,1997-02
228,373,548,1997-02
229,379,548,1997-02
230,6,546,1997-02
231,181,546,1997-02
232,379,546,1997-02
233,6,550,1997-02
234,379,550,1997-02
235,58,539,1997-02
236,94,539,1997-02
237,94,642,1997-02
238,126,642,1997-02
239,133,642,1997-02
240,94,641,1997-02
241,126,641,1997-02
242,58,535,1997-02
243,126,535,1997-02
244,81,604,1997-02
245,373,604,1997-02
246,386,604,1997-02
247,81,603,1997-02
248,373,603,1997-02
249,373,365,1997-02
250,386,365,1997-02
251,81,605,1997-02
252,379,605,1997-02
253,386,397,1997-02
254,446,397,1997-02
255,566,397,1997-02
256,386,402,1997-02
257,566,402,1997-02
258,446,456,1997-02
259,566,456,1997-02
260,6,549,1997-02
261,373,549,1997-02
262,559,549,1997-02
263,181,104,1997-02
264,373,104,1997-02
265,559,104,1997-02
266,6,545,1997-02
267,181,545,1997-02
268,373,545,1997-02
269,6,547,1997-02
270,373,547,1997-02
271,386,398,1997-02
272,501,398,1997-02
273,386,399,1997-02
274,524,399,1997-02
275,373,368,1997-02
276,446,368,1997-02
277,524,368,1997-02
278,373,369,1997-02
279,524,369,1997-02
280,386,396,1997-02
281,446,396,1997-02
282,94,645,1997-02
283,133,645,1997-02
284,386,645,1997-02
285,94,649,1997-02
286,386,649,1997-02
287,94,644,1997-02
288,133,644,1997-02
289,5,490,1997-02
290,181,490,1997-02
291,94,646,1997-02
292,181,646,1997-02
293,58,538,1997-02
294,373,538,1997-02
295,559,538,1997-02
296,58,536,1997-02
297,373,536,1997-02
298,373,367,1997-02
299,446,367,1997-02
300,181,106,1997-02
301,446,106,1997-02
302,386,401,1997-02
303,565,401,1997-02
304,181,105,1997-02
305,386,105,1997-02
306,81,602,1997-02
307,181,602,1997-02
308,6,551,1997-02
309,524,551,1997-02
310,373,370,1997-02
311,559,370,1997-02
312,379,372,1997-02
313,386,372,1997-02
314,386,400,1997-02
315,559,400,1997-02
316,5,491,1997-02
317,446,491,1997-02
318,133,41,1997-02
319,386,41,1997-02
320,181,103,1997-02
321,373,103,1997-02
322,81,607,1997-02
323,566,607,1997-02
324,373,364,1997-02
325,379,364,1997-02
326,181,107,1997-02
327,559,107,1997-02
328,181,108,1997-02
329,566,108,1997-02
330,6,544,1997-02
331,181,544,1997-02
332,524,503,1997-02
333,566,503,1997-02
334,84,610,1997-08
335,437,610,1997-08
336,263,230,2000-02
337,266,230,2000-02
338,263,232,2000-02
339,597,232,2000-02
340,4,416,2000-02
341,263,416,2000-02
342,266,237,2000-02
343,412,237,2000-02
344,156,74,2000-02
345,266,74,2000-02
346,45,462,2000-02
347,266,462,2000-02
348,45,463,2000-02
349,268,463,2000-02
350,199,159,2000-02
351,201,159,2000-02
352,4,415,2000-02
353,199,415,2000-02
354,266,236,2000-02
355,268,236,2000-02
356,199,162,2000-02
357,597,162,2000-02
358,266,238,2000-02
359,597,238,2000-02
360,236,220,2000-02
361,597,220,2000-02
362,199,160,2000-02
363,268,160,2000-02
364,263,231,2000-02
365,535,231,2000-02
366,199,161,2000-02
367,577,161,2000-02
368,208,175,2000-02
369,263,175,2000-02
370,554,510,2000-02
371,577,510,2000-02
372,19,139,2000-08
373,57,139,2000-08
374,217,139,2000-08
375,414,139,2000-08
376,19,121,2000-08
377,199,121,2000-08
378,469,121,2000-08
379,19,143,2000-08
380,57,143,2000-08
381,414,143,2000-08
382,469,143,2000-08
383,19,144,2000-08
384,57,144,2000-08
385,469,144,2000-08
386,19,133,2000-08
387,414,133,2000-08
388,469,133,2000-08
389,294,277,2000-08
390,414,277,2000-08
391,469,277,2000-08
392,19,140,2000-08
393,57,140,2000-08
394,265,140,2000-08
395,19,123,2000-08
396,217,123,2000-08
397,294,123,2000-08
398,414,123,2000-08
399,27,242,2000-08
400,469,242,2000-08
401,27,243,2000-08
402,57,243,2000-08
403,414,243,2000-08
404,57,526,2000-08
405,414,526,2000-08
406,469,526,2000-08
407,19,142,2000-08
408,57,142,2000-08
409,414,142,2000-08
410,115,20,2000-08
411,217,20,2000-08
412,217,188,2000-08
413,414,188,2000-08
414,603,188,2000-08
415,57,529,2000-08
416,469,529,2000-08
417,19,148,2000-08
418,96,148,2000-08
419,217,148,2000-08
420,19,141,2000-08
421,57,141,2000-08
422,294,141,2000-08
423,19,125,2000-08
424,217,125,2000-08
425,469,125,2000-08
426,217,186,2000-08
427,294,186,2000-08
428,469,186,2000-08
429,19,119,2000-08
430,115,119,2000-08
431,294,119,2000-08
432,115,22,2000-08
433,294,22,2000-08
434,19,131,2000-08
435,294,131,2000-08
436,603,131,2000-08
437,217,187,2000-08
438,414,187,2000-08
439,469,187,2000-08
440,19,129,2000-08
441,294,129,2000-08
442,414,129,2000-08
443,19,138,2000-08
444,57,138,2000-08
445,217,138,2000-08
446,59,542,2000-08
447,603,542,2000-08
448,265,233,2000-08
449,294,233,2000-08
450,19,130,2000-08
451,294,130,2000-08
452,469,130,2000-08
453,19,134,2000-08
454,414,134,2000-08
455,571,134,2000-08
456,19,124,2000-08
457,217,124,2000-08
458,414,124,2000-08
459,294,278,2000-08
460,414,278,2000-08
461,603,278,2000-08
462,19,126,2000-08
463,217,126,2000-08
464,603,126,2000-08
465,19,135,2000-08
466,414,135,2000-08
467,603,135,2000-08
468,217,185,2000-08
469,294,185,2000-08
470,414,185,2000-08
471,19,122,2000-08
472,217,122,2000-08
473,294,122,2000-08
474,4,418,2000-08
475,603,418,2000-08
476,59,541,2000-08
477,217,541,2000-08
478,27,241,2000-08
479,414,241,2000-08
480,45,461,2000-08
481,217,461,2000-08
482,57,525,2000-08
483,414,525,2000-08
484,57,520,2000-08
485,217,520,2000-08
486,4,417,2000-08
487,414,417,2000-08
488,469,468,2000-08
489,603,468,2000-08
490,265,234,2000-08
491,414,234,2000-08
492,19,118,2000-08
493,115,118,2000-08
494,57,527,2000-08
495,430,527,2000-08
496,96,650,2000-08
497,217,650,2000-08
498,19,146,2000-08
499,587,146,2000-08
500,4,414,2000-08
501,19,414,2000-08
502,19,128,2000-08
503,27,128,2000-08
504,414,434,2000-08
505,469,434,2000-08
506,414,436,2000-08
507,571,436,2000-08
508,27,239,2000-08
509,217,239,2000-08
510,265,235,2000-08
511,603,235,2000-08
512,603,553,2000-08
513,607,553,2000-08
514,414,437,2000-08
515,603,437,2000-08
516,217,189,2000-08
517,469,189,2000-08
518,1,1,2000-08
519,414,1,2000-08
520,19,127,2000-08
521,265,127,2000-08
522,294,280,2000-08
523,603,280,2000-08
524,115,24,2000-08
525,603,24,2000-08
526,115,21,2000-08
527,265,21,2000-08
528,27,240,2000-08
529,294,240,2000-08
530,19,136,2000-08
531,469,136,2000-08
532,1,0,2000-08
533,19,0,2000-08
534,294,279,2000-08
535,469,279,2000-08
536,19,120,2000-08
537,199,120,2000-08
538,217,190,2000-08
539,587,190,2000-08
540,217,191,2000-08
541,603,191,2000-08
542,294,276,2000-08
543,333,276,2000-08
544,57,521,2000-08
545,265,521,2000-08
546,96,651,2000-08
547,603,651,2000-08
548,57,531,2000-08
549,603,531,2000-08
550,19,145,2000-08
551,571,145,2000-08
552,57,523,2000-08
553,294,523,2000-08
554,19,132,2000-08
555,333,132,2000-08
556,19,147,2000-08
557,607,147,2000-08
558,19,137,2000-08
559,57,137,2000-08
560,160,78,2001-02
561,202,78,2001-02
562,288,78,2001-02
563,368,78,2001-02
564,160,85,2001-02
565,288,85,2001-02
566,453,85,2001-02
567,57,517,2001-02
568,160,517,2001-02
569,368,517,2001-02
570,555,517,2001-02
571,160,82,2001-02
572,244,82,2001-02
573,368,82,2001-02
574,57,514,2001-02
575,160,514,2001-02
576,244,514,2001-02
577,160,84,2001-02
578,288,84,2001-02
579,368,84,2001-02
580,546,84,2001-02
581,57,519,2001-02
582,216,519,2001-02
583,288,270,2001-02
584,474,270,2001-02
585,115,23,2001-02
586,368,23,2001-02
587,368,361,2001-02
588,546,361,2001-02
589,474,475,2001-02
590,546,475,2001-02
591,57,515,2001-02
592,160,515,2001-02
593,288,515,2001-02
594,160,81,2001-02
595,244,81,2001-02
596,288,81,2001-02
597,160,87,2001-02
598,368,87,2001-02
599,555,87,2001-02
600,288,269,2001-02
601,368,269,2001-02
602,555,269,2001-02
603,57,518,2001-02
604,160,518,2001-02
605,453,518,2001-02
606,160,77,2001-02
607,202,77,2001-02
608,288,77,2001-02
609,160,86,2001-02
610,288,86,2001-02
611,546,86,2001-02
612,288,272,2001-02
613,546,272,2001-02
614,160,83,2001-02
615,288,83,2001-02
616,368,83,2001-02
617,57,516,2001-02
618,160,516,2001-02
619,368,516,2001-02
620,160,89,2001-02
621,453,89,2001-02
622,216,183,2001-02
623,288,183,2001-02
624,57,528,2001-02
625,453,528,2001-02
626,288,268,2001-02
627,292,268,2001-02
628,292,275,2001-02
629,546,275,2001-02
630,202,174,2001-02
631,555,174,2001-02
632,160,80,2001-02
633,244,80,2001-02
634,57,522,2001-02
635,288,522,2001-02
636,160,91,2001-02
637,546,91,2001-02
638,160,90,2001-02
639,474,90,2001-02
640,368,360,2001-02
641,474,360,2001-02
642,244,223,2001-02
643,368,223,2001-02
644,368,359,2001-02
645,453,359,2001-02
646,57,530,2001-02
647,474,530,2001-02
648,290,274,2001-02
649,555,274,2001-02
650,160,79,2001-02
651,216,79,2001-02
652,101,6,2001-02
653,160,6,2001-02
654,244,222,2001-02
655,288,222,2001-02
656,57,513,2001-02
657,160,513,2001-02
658,195,155,2001-02
659,368,155,2001-02
660,79,598,2001-02
661,160,598,2001-02
662,202,173,2001-02
663,288,173,2001-02
664,160,92,2001-02
665,555,92,2001-02
666,368,362,2001-02
667,555,362,2001-02
668,288,273,2001-02
669,555,273,2001-02
670,57,524,2001-02
671,368,524,2001-02
672,216,184,2001-02
673,555,184,2001-02
674,42,442,2001-08
675,384,442,2001-08
676,42,443,2001-08
677,422,443,2001-08
678,384,393,2001-08
679,474,393,2001-08
680,135,42,2002-02
681,234,42,2002-02
682,313,312,2002-08
683,392,312,2002-08
684,313,313,2002-08
685,448,313,2002-08
686,313,311,2002-08
687,391,311,2002-08
688,391,409,2002-08
689,448,409,2002-08
690,198,157,2003-02
691,325,157,2003-02
692,325,323,2003-02
693,391,323,2003-02
694,198,156,2003-02
695,312,156,2003-02
696,198,158,2003-02
697,391,158,2003-02
698,325,324,2003-02
699,448,324,2003-02
700,325,325,2003-02
701,479,325,2003-02
702,20,166,2003-08
703,182,166,2003-08
704,449,166,2003-08
705,182,111,2003-08
706,449,111,2003-08
707,20,170,2003-08
708,449,170,2003-08
709,20,167,2003-08
710,182,167,2003-08
711,474,167,2003-08
712,311,310,2003-08
713,474,310,2003-08
714,303,285,2003-08
715,311,285,2003-08
716,104,10,2003-08
717,182,10,2003-08
718,104,11,2003-08
719,474,11,2003-08
720,448,457,2003-08
721,474,457,2003-08
722,20,164,2003-08
723,104,164,2003-08
724,20,169,2003-08
725,448,169,2003-08
726,20,168,2003-08
727,275,168,2003-08
728,182,112,2003-08
729,474,112,2003-08
730,182,110,2003-08
731,448,110,2003-08
732,275,256,2003-08
733,474,256,2003-08
734,427,445,2003-08
735,474,445,2003-08
736,182,109,2003-08
737,427,109,2003-08
738,275,255,2003-08
739,427,255,2003-08
740,20,165,2003-08
741,182,165,2003-08
742,414,431,2003-08
743,427,431,2003-08
744,414,435,2003-08
745,474,435,2003-08
746,414,433,2003-08
747,448,433,2003-08
748,427,444,2003-08
749,448,444,2003-08
750,160,88,2004-02
751,414,88,2004-02
752,182,112,2004-02
753,474,112,2004-02
754,160,76,2004-02
755,182,76,2004-02
756,82,608,2004-08
757,425,608,2004-08
758,310,309,2004-08
759,474,309,2004-08
760,414,433,2004-08
761,448,433,2004-08
762,156,75,2005-02
763,387,75,2005-02
764,36,352,2005-02
765,387,352,2005-02
766,36,351,2005-02
767,260,351,2005-02
768,226,203,2005-02
769,387,203,2005-02
770,226,206,2005-02
771,438,206,2005-02
772,36,353,2005-02
773,438,353,2005-02
774,438,454,2005-02
775,448,454,2005-02
776,387,404,2005-02
777,438,404,2005-02
778,414,432,2005-02
779,438,432,2005-02
780,7,589,2005-02
781,226,589,2005-02
782,287,261,2005-08
783,316,261,2005-08
784,608,261,2005-08
785,194,154,2005-08
786,287,154,2005-08
787,287,263,2005-08
788,428,263,2005-08
789,608,263,2005-08
790,91,619,2005-08
791,287,619,2005-08
792,428,619,2005-08
793,91,626,2005-08
794,428,626,2005-08
795,502,626,2005-08
796,226,204,2005-08
797,428,204,2005-08
798,552,204,2005-08
799,608,204,2005-08
800,226,205,2005-08
801,428,205,2005-08
802,608,205,2005-08
803,221,198,2005-08
804,478,198,2005-08
805,91,630,2005-08
806,462,630,2005-08
807,478,630,2005-08
808,91,631,2005-08
809,462,631,2005-08
810,608,631,2005-08
811,91,636,2005-08
812,552,636,2005-08
813,608,636,2005-08
814,91,627,2005-08
815,428,627,2005-08
816,552,627,2005-08
817,91,620,2005-08
818,287,620,2005-08
819,478,620,2005-08
820,91,632,2005-08
821,478,632,2005-08
822,287,265,2005-08
823,488,265,2005-08
824,608,265,2005-08
825,226,207,2005-08
826,552,207,2005-08
827,91,628,2005-08
828,428,628,2005-08
829,608,628,2005-08
830,91,621,2005-08
831,287,621,2005-08
832,608,621,2005-08
833,91,624,2005-08
834,316,624,2005-08
835,608,624,2005-08
836,286,260,2005-08
837,608,260,2005-08
838,316,320,2005-08
839,428,320,2005-08
840,608,320,2005-08
841,428,449,2005-08
842,552,449,2005-08
843,608,449,2005-08
844,226,206,2005-08
845,438,206,2005-08
846,226,202,2005-08
847,287,202,2005-08
848,91,623,2005-08
849,316,623,2005-08
850,428,623,2005-08
851,91,622,2005-08
852,316,622,2005-08
853,428,447,2005-08
854,448,447,2005-08
855,608,447,2005-08
856,448,460,2005-08
857,608,460,2005-08
858,91,634,2005-08
859,502,634,2005-08
860,316,319,2005-08
861,428,319,2005-08
862,226,208,2005-08
863,608,208,2005-08
864,396,413,2005-08
865,608,413,2005-08
866,287,266,2005-08
867,552,266,2005-08
868,91,633,2005-08
869,488,633,2005-08
870,462,465,2005-08
871,608,465,2005-08
872,387,403,2005-08
873,428,403,2005-08
874,478,476,2005-08
875,608,476,2005-08
876,396,411,2005-08
877,428,411,2005-08
878,396,412,2005-08
879,502,412,2005-08
880,428,446,2005-08
881,448,446,2005-08
882,66,567,2005-08
883,608,567,2005-08
884,91,625,2005-08
885,428,625,2005-08
886,316,321,2005-08
887,608,321,2005-08
888,221,199,2005-08
889,608,199,2005-08
890,221,197,2005-08
891,428,197,2005-08
892,287,267,2005-08
893,608,267,2005-08
894,287,264,2005-08
895,462,264,2005-08
896,387,406,2005-08
897,552,406,2005-08
898,462,464,2005-08
899,478,464,2005-08
900,488,487,2005-08
901,608,487,2005-08
902,552,509,2005-08
903,608,509,2005-08
904,428,448,2005-08
905,552,448,2005-08
906,387,407,2005-08
907,608,407,2005-08
908,287,262,2005-08
909,428,262,2005-08
910,91,618,2005-08
911,287,618,2005-08
912,91,635,2005-08
913,552,635,2005-08
914,502,498,2005-08
915,608,498,2005-08
916,91,629,2005-08
917,462,629,2005-08
918,7,588,2005-08
919,182,588,2005-08
920,34,337,2007-02
921,187,337,2007-02
922,606,337,2007-02
923,34,342,2007-02
924,68,342,2007-02
925,132,342,2007-02
926,187,114,2007-02
927,309,114,2007-02
928,606,114,2007-02
929,187,117,2007-02
930,606,117,2007-02
931,542,508,2007-02
932,606,508,2007-02
933,68,570,2007-02
934,132,570,2007-02
935,274,570,2007-02
936,68,580,2007-02
937,381,580,2007-02
938,606,580,2007-02
939,34,336,2007-02
940,187,336,2007-02
941,274,336,2007-02
942,34,335,2007-02
943,187,335,2007-02
944,68,577,2007-02
945,274,577,2007-02
946,580,577,2007-02
947,68,571,2007-02
948,132,571,2007-02
949,381,571,2007-02
950,68,573,2007-02
951,187,573,2007-02
952,381,573,2007-02
953,381,390,2007-02
954,580,390,2007-02
955,64,566,2007-02
956,68,566,2007-02
957,274,566,2007-02
958,64,563,2007-02
959,542,563,2007-02
960,132,39,2007-02
961,580,39,2007-02
962,132,33,2007-02
963,274,33,2007-02
964,381,33,2007-02
965,132,36,2007-02
966,381,36,2007-02
967,274,246,2007-02
968,370,246,2007-02
969,34,340,2007-02
970,606,340,2007-02
971,381,391,2007-02
972,606,391,2007-02
973,68,576,2007-02
974,274,576,2007-02
975,381,576,2007-02
976,34,341,2007-02
977,68,341,2007-02
978,64,564,2007-02
979,580,564,2007-02
980,132,31,2007-02
981,187,31,2007-02
982,68,578,2007-02
983,370,578,2007-02
984,64,565,2007-02
985,68,565,2007-02
986,132,35,2007-02
987,370,35,2007-02
988,132,40,2007-02
989,606,40,2007-02
990,68,583,2007-02
991,580,583,2007-02
992,64,561,2007-02
993,132,561,2007-02
994,274,250,2007-02
995,473,250,2007-02
996,34,334,2007-02
997,132,334,2007-02
998,274,252,2007-02
999,542,252,2007-02
1000,132,32,2007-02
1001,274,32,2007-02
1002,381,388,2007-02
1003,473,388,2007-02
1004,187,113,2007-02
1005,274,113,2007-02
1006,68,569,2007-02
1007,132,569,2007-02
1008,64,562,2007-02
1009,381,562,2007-02
1010,68,586,2007-02
1011,606,586,2007-02
1012,34,338,2007-02
1013,274,338,2007-02
1014,68,568,2007-02
1015,129,568,2007-02
1016,132,38,2007-02
1017,542,38,2007-02
1018,226,201,2007-02
1019,274,201,2007-02
1020,187,115,2007-02
1021,381,115,2007-02
1022,381,389,2007-02
1023,542,389,2007-02
1024,274,254,2007-02
1025,606,254,2007-02
1026,68,587,2007-02
1027,75,587,2007-02
1028,68,581,2007-02
1029,387,581,2007-02
1030,274,247,2007-02
1031,381,247,2007-02
1032,7,590,2007-02
1033,274,590,2007-02
1034,75,592,2007-02
1035,381,592,2007-02
1036,68,574,2007-02
1037,226,574,2007-02
1038,68,579,2007-02
1039,381,579,2007-02
1040,34,339,2007-02
1041,381,339,2007-02
1042,68,582,2007-02
1043,542,582,2007-02
1044,274,253,2007-02
1045,580,253,2007-02
1046,274,249,2007-02
1047,448,249,2007-02
1048,274,248,2007-02
1049,414,248,2007-02
1050,232,211,2007-02
1051,274,211,2007-02
1052,68,575,2007-02
1053,274,575,2007-02
1054,307,296,2007-08
1055,480,296,2007-08
1056,483,296,2007-08
1057,570,296,2007-08
1058,307,298,2007-08
1059,480,298,2007-08
1060,570,298,2007-08
1061,573,298,2007-08
1062,307,293,2007-08
1063,416,293,2007-08
1064,483,293,2007-08
1065,307,295,2007-08
1066,480,295,2007-08
1067,483,295,2007-08
1068,480,478,2007-08
1069,483,478,2007-08
1070,570,478,2007-08
1071,307,299,2007-08
1072,483,299,2007-08
1073,570,299,2007-08
1074,307,300,2007-08
1075,483,300,2007-08
1076,573,300,2007-08
1077,307,303,2007-08
1078,573,303,2007-08
1079,187,116,2007-08
1080,593,116,2007-08
1081,480,481,2007-08
1082,593,481,2007-08
1083,307,305,2007-08
1084,593,305,2007-08
1085,606,305,2007-08
1086,307,297,2007-08
1087,480,297,2007-08
1088,570,297,2007-08
1089,274,245,2007-08
1090,307,245,2007-08
1091,480,245,2007-08
1092,274,254,2007-08
1093,606,254,2007-08
1094,307,301,2007-08
1095,483,301,2007-08
1096,593,301,2007-08
1097,416,440,2007-08
1098,483,440,2007-08
1099,232,213,2007-08
1100,307,213,2007-08
1101,480,213,2007-08
1102,232,211,2007-08
1103,274,211,2007-08
1104,307,302,2007-08
1105,570,302,2007-08
1106,480,479,2007-08
1107,570,479,2007-08
1108,307,304,2007-08
1109,593,304,2007-08
1110,483,483,2007-08
1111,570,483,2007-08
1112,570,532,2007-08
1113,593,532,2007-08
1114,132,37,2007-08
1115,480,37,2007-08
1116,132,34,2007-08
1117,307,34,2007-08
1118,232,215,2007-08
1119,480,215,2007-08
1120,307,292,2007-08
1121,416,292,2007-08
1122,416,439,2007-08
1123,480,439,2007-08
1124,254,227,2007-08
1125,307,227,2007-08
1126,416,441,2007-08
1127,593,441,2007-08
1128,307,291,2007-08
1129,387,291,2007-08
1130,480,477,2007-08
1131,483,477,2007-08
1132,480,480,2007-08
1133,573,480,2007-08
1134,307,306,2007-08
1135,606,306,2007-08
1136,274,251,2007-08
1137,480,251,2007-08
1138,448,458,2007-08
1139,480,458,2007-08
1140,387,405,2007-08
1141,480,405,2007-08
1142,288,271,2007-08
1143,480,271,2007-08
1144,232,212,2007-08
1145,307,212,2007-08
1146,307,294,2007-08
1147,448,294,2007-08
1148,480,482,2007-08
1149,606,482,2007-08
1150,274,244,2007-08
1151,307,244,2007-08
1152,230,210,2008-02
1153,361,210,2008-02
1154,219,193,2008-02
1155,230,193,2008-02
1156,230,209,2008-02
1157,307,209,2008-02
1158,166,93,2008-02
1159,219,93,2008-02
1160,219,196,2008-02
1161,477,196,2008-02
1162,219,194,2008-02
1163,354,194,2008-02
1164,219,192,2008-02
1165,226,192,2008-02
1166,219,195,2008-02
1167,448,195,2008-02
1168,414,433,2008-08
1169,448,433,2008-08
1170,232,214,2008-08
1171,414,214,2008-08
1172,51,499,2009-02
1173,271,499,2009-02
1174,200,171,2009-02
1175,223,171,2009-02
1176,28,257,2009-02
1177,51,257,2009-02
1178,138,55,2009-02
1179,271,55,2009-02
1180,200,172,2009-02
1181,448,172,2009-02
1182,390,408,2009-08
1183,600,408,2009-08
1184,369,363,2009-08
1185,600,363,2009-08
1186,68,585,2009-08
1187,600,585,2009-08
1188,28,258,2009-08
1189,600,258,2009-08
1190,335,333,2010-02
1191,590,333,2010-02
1192,68,584,2010-02
1193,590,584,2010-02
1194,434,452,2010-08
1195,605,452,2010-08
1196,232,214,2010-08
1197,414,214,2010-08
1198,330,332,2011-02
1199,464,332,2011-02
1200,432,451,2012-02
1201,520,451,2012-02
1202,432,450,2012-02
1203,490,450,2012-02
1204,442,455,2012-08
1205,489,455,2012-08
1206,377,371,2012-08
1207,489,371,2012-08
1208,116,25,2012-08
1209,489,25,2012-08
1210,484,484,2012-08
1211,489,484,2012-08
1212,83,609,2012-08
1213,489,609,2012-08
1214,246,224,2013-02
1215,332,224,2013-02
1216,222,200,2014-02
1217,448,200,2014-02
1218,237,221,2015-02
1219,308,221,2015-02
1220,308,307,2015-02
1221,323,307,2015-02
1222,21,177,2015-02
1223,308,177,2015-02
1224,21,178,2015-02
1225,323,178,2015-02
1226,76,596,2015-08
1227,497,596,2015-08
1228,76,594,2015-08
1229,193,594,2015-08
1230,76,593,2015-08
1231,177,593,2015-08
1232,21,176,2015-08
1233,177,176,2015-08
1234,177,94,2015-08
1235,249,94,2015-08
1236,103,9,2015-08
1237,177,9,2015-08
1238,177,97,2015-08
1239,497,97,2015-08
1240,76,595,2015-08
1241,317,595,2015-08
1242,177,96,2015-08
1243,466,96,2015-08
1244,76,597,2015-08
1245,509,597,2015-08
1246,317,322,2015-08
1247,509,322,2015-08
1248,487,486,2015-08
1249,497,486,2015-08
1250,177,95,2015-08
1251,393,95,2015-08
1252,177,98,2015-08
1253,509,98,2015-08
1254,18,100,2016-02
1255,139,100,2016-02
1256,298,100,2016-02
1257,63,557,2016-02
1258,139,557,2016-02
1259,298,557,2016-02
1260,10,5,2016-02
1261,298,5,2016-02
1262,563,5,2016-02
1263,18,102,2016-02
1264,63,102,2016-02
1265,10,3,2016-02
1266,21,3,2016-02
1267,63,558,2016-02
1268,143,558,2016-02
1269,63,560,2016-02
1270,426,560,2016-02
1271,298,283,2016-02
1272,445,283,2016-02
1273,105,12,2016-02
1274,298,12,2016-02
1275,143,64,2016-02
1276,298,64,2016-02
1277,256,228,2016-02
1278,298,228,2016-02
1279,63,559,2016-02
1280,298,559,2016-02
1281,63,556,2016-02
1282,139,556,2016-02
1283,18,99,2016-02
1284,139,99,2016-02
1285,298,282,2016-02
1286,426,282,2016-02
1287,298,284,2016-02
1288,563,284,2016-02
1289,139,57,2016-02
1290,426,57,2016-02
1291,10,4,2016-02
1292,298,4,2016-02
1293,139,56,2016-02
1294,143,56,2016-02
1295,2,163,2016-02
1296,298,163,2016-02
1297,18,101,2016-02
1298,298,101,2016-02
1299,139,58,2016-02
1300,582,58,2016-02
1301,10,2,2016-02
1302,139,2,2016-02
1303,41,423,2016-08
1304,247,423,2016-08
1305,41,425,2016-08
1306,424,425,2016-08
1307,495,489,2016-08
1308,560,489,2016-08
1309,305,288,2016-08
1310,495,288,2016-08
1311,534,505,2016-08
1312,560,505,2016-08
1313,495,488,2016-08
1314,534,488,2016-08
1315,305,289,2016-08
1316,534,289,2016-08
1317,41,426,2016-08
1318,73,426,2016-08
1319,305,287,2016-08
1320,339,287,2016-08
1321,247,225,2016-08
1322,305,225,2016-08
1323,448,459,2016-08
1324,534,459,2016-08
1325,41,424,2016-08
1326,339,424,2016-08
1327,73,591,2016-08
1328,298,591,2016-08
1329,413,430,2017-02
1330,517,430,2017-02
1331,517,501,2017-02
1332,525,501,2017-02
1333,125,28,2017-02
1334,517,28,2017-02
1335,525,504,2017-02
1336,564,504,2017-02
1337,47,469,2017-08
1338,212,469,2017-08
1339,365,469,2017-08
1340,328,329,2017-08
1341,561,329,2017-08
1342,599,329,2017-08
1343,380,386,2017-08
1344,599,386,2017-08
1345,610,386,2017-08
1346,352,344,2017-08
1347,365,344,2017-08
1348,305,286,2017-08
1349,328,286,2017-08
1350,363,354,2017-08
1351,599,354,2017-08
1352,328,327,2017-08
1353,517,327,2017-08
1354,47,471,2017-08
1355,352,471,2017-08
1356,212,179,2017-08
1357,328,179,2017-08
1358,47,473,2017-08
1359,561,473,2017-08
1360,365,358,2017-08
1361,610,358,2017-08
1362,365,355,2017-08
1363,517,355,2017-08
1364,365,356,2017-08
1365,561,356,2017-08
1366,517,502,2017-08
1367,599,502,2017-08
1368,380,385,2017-08
1369,561,385,2017-08
1370,352,347,2017-08
1371,610,347,2017-08
1372,400,422,2017-08
1373,561,422,2017-08
1374,328,330,2017-08
1375,599,330,2017-08
1376,47,474,2017-08
1377,599,474,2017-08
1378,328,326,2017-08
1379,365,326,2017-08
1380,47,470,2017-08
1381,328,470,2017-08
1382,352,346,2017-08
1383,599,346,2017-08
1384,328,328,2017-08
1385,561,328,2017-08
1386,380,384,2017-08
1387,517,384,2017-08
1388,47,472,2017-08
1389,365,472,2017-08
1390,365,357,2017-08
1391,599,357,2017-08
1392,212,180,2017-08
1393,365,180,2017-08
1394,212,182,2017-08
1395,599,182,2017-08
1396,380,387,2017-08
1397,610,387,2017-08
1398,561,511,2017-08
1399,610,511,2017-08
1400,352,345,2017-08
1401,561,345,2017-08
1402,414,438,2017-08
1403,610,438,2017-08
1404,111,16,2018-02
1405,279,16,2018-02
1406,111,18,2018-02
1407,461,18,2018-02
1408,111,17,2018-02
1409,282,17,2018-02
1410,382,392,2018-02
1411,599,392,2018-02
1412,111,15,2018-02
1413,159,15,2018-02
1414,15,65,2018-02
1415,111,65,2018-02
1416,111,19,2018-02
1417,599,19,2018-02
1418,111,14,2018-02
1419,141,14,2018-02
1420,50,493,2018-02
1421,141,493,2018-02
1422,50,495,2018-02
1423,461,495,2018-02
1424,15,66,2018-02
1425,50,66,2018-02
1426,50,492,2018-02
1427,111,492,2018-02
1428,89,615,2018-08
1429,338,615,2018-08
1430,62,555,2018-08
1431,98,555,2018-08
1432,89,612,2018-08
1433,153,612,2018-08
1434,567,612,2018-08
1435,248,226,2018-08
1436,338,226,2018-08
1437,153,72,2018-08
1438,586,72,2018-08
1439,153,69,2018-08
1440,329,69,2018-08
1441,329,331,2018-08
1442,567,331,2018-08
1443,153,68,2018-08
1444,272,68,2018-08
1445,89,614,2018-08
1446,329,614,2018-08
1447,153,70,2018-08
1448,514,70,2018-08
1449,89,617,2018-08
1450,596,617,2018-08
1451,153,73,2018-08
1452,596,73,2018-08
1453,50,497,2018-08
1454,89,497,2018-08
1455,89,611,2018-08
1456,153,611,2018-08
1457,98,653,2018-08
1458,567,653,2018-08
1459,98,652,2018-08
1460,153,652,2018-08
1461,89,616,2018-08
1462,567,616,2018-08
1463,68,572,2018-08
1464,153,572,2018-08
1465,89,613,2018-08
1466,233,613,2018-08
1467,305,290,2018-08
1468,567,290,2018-08
1469,50,494,2018-08
1470,153,494,2018-08
1471,514,500,2018-08
1472,567,500,2018-08
1473,567,512,2018-08
1474,596,512,2018-08
1475,62,554,2018-08
1476,567,554,2018-08
1477,50,496,2018-08
1478,567,496,2018-08
1479,153,71,2018-08
1480,567,71,2018-08
1481,296,281,2018-08
1482,567,281,2018-08
1483,212,181,2018-08
1484,567,181,2018-08
1485,153,67,2018-08
1486,233,67,2018-08
