,user_id,group_id,period
0,136,49,1996-08
1,411,49,1996-08
2,436,49,1996-08
3,584,49,1996-08
4,602,49,1996-08
5,235,206,1996-08
6,314,206,1996-08
7,394,206,1996-08
8,40,397,1996-08
9,485,397,1996-08
10,588,397,1996-08
11,136,43,1996-08
12,145,43,1996-08
13,314,43,1996-08
14,394,43,1996-08
15,436,43,1996-08
16,498,43,1996-08
17,136,51,1996-08
18,436,51,1996-08
19,588,51,1996-08
20,136,50,1996-08
21,436,50,1996-08
22,191,141,1996-08
23,314,141,1996-08
24,394,141,1996-08
25,588,141,1996-08
26,136,52,1996-08
27,584,52,1996-08
28,602,52,1996-08
29,38,353,1996-08
30,191,353,1996-08
31,468,442,1996-08
32,584,442,1996-08
33,14,63,1996-08
34,602,63,1996-08
35,604,63,1996-08
36,40,399,1996-08
37,602,399,1996-08
38,40,398,1996-08
39,541,398,1996-08
40,14,59,1996-08
41,314,59,1996-08
42,99,619,1996-08
43,136,619,1996-08
44,588,619,1996-08
45,136,53,1996-08
46,588,53,1996-08
47,436,429,1996-08
48,584,429,1996-08
49,99,623,1996-08
50,436,623,1996-08
51,14,60,1996-08
52,411,60,1996-08
53,411,406,1996-08
54,588,406,1996-08
55,38,360,1996-08
56,541,360,1996-08
57,588,360,1996-08
58,14,61,1996-08
59,541,61,1996-08
60,38,354,1996-08
61,235,354,1996-08
62,136,46,1996-08
63,314,46,1996-08
64,604,46,1996-08
65,314,300,1996-08
66,588,300,1996-08
67,38,358,1996-08
68,485,358,1996-08
69,588,358,1996-08
70,485,459,1996-08
71,588,459,1996-08
72,38,361,1996-08
73,588,361,1996-08
74,235,208,1996-08
75,394,208,1996-08
76,99,622,1996-08
77,353,622,1996-08
78,429,622,1996-08
79,99,621,1996-08
80,353,621,1996-08
81,26,218,1996-08
82,38,218,1996-08
83,314,218,1996-08
84,411,405,1996-08
85,512,405,1996-08
86,602,405,1996-08
87,411,407,1996-08
88,602,407,1996-08
89,38,357,1996-08
90,411,357,1996-08
91,394,388,1996-08
92,588,388,1996-08
93,14,62,1996-08
94,588,62,1996-08
95,536,480,1996-08
96,588,480,1996-08
97,191,144,1996-08
98,584,144,1996-08
99,191,142,1996-08
100,353,142,1996-08
101,353,331,1996-08
102,584,331,1996-08
103,136,44,1996-08
104,191,44,1996-08
105,191,140,1996-08
106,314,140,1996-08
107,191,143,1996-08
108,468,143,1996-08
109,38,352,1996-08
110,136,352,1996-08
111,38,359,1996-08
112,541,359,1996-08
113,38,355,1996-08
114,385,355,1996-08
115,38,356,1996-08
116,40,356,1996-08
117,136,45,1996-08
118,314,45,1996-08
119,314,298,1996-08
120,411,298,1996-08
121,102,8,1996-08
122,136,8,1996-08
123,102,7,1996-08
124,109,7,1996-08
125,349,324,1996-08
126,468,324,1996-08
127,235,207,1996-08
128,314,207,1996-08
129,602,207,1996-08
130,235,205,1996-08
131,314,205,1996-08
132,353,330,1996-08
133,436,330,1996-08
134,468,443,1996-08
135,602,443,1996-08
136,541,481,1996-08
137,602,481,1996-08
138,385,372,1996-08
139,541,372,1996-08
140,314,297,1996-08
141,394,297,1996-08
142,284,247,1996-08
143,588,247,1996-08
144,136,54,1996-08
145,602,54,1996-08
146,314,299,1996-08
147,541,299,1996-08
148,385,373,1996-08
149,602,373,1996-08
150,99,620,1996-08
151,191,620,1996-08
152,136,48,1996-08
153,411,48,1996-08
154,353,329,1996-08
155,411,329,1996-08
156,109,13,1996-08
157,136,13,1996-08
158,314,296,1996-08
159,353,296,1996-08
160,136,47,1996-08
161,353,47,1996-08
162,130,30,1996-08
163,394,30,1996-08
164,38,362,1996-08
165,602,362,1996-08
166,58,511,1997-02
167,94,511,1997-02
168,117,511,1997-02
169,121,511,1997-02
170,373,511,1997-02
171,94,613,1997-02
172,373,613,1997-02
173,386,613,1997-02
174,81,568,1997-02
175,126,568,1997-02
176,373,568,1997-02
177,446,568,1997-02
178,566,568,1997-02
179,117,27,1997-02
180,373,27,1997-02
181,6,523,1997-02
182,94,523,1997-02
183,117,523,1997-02
184,94,608,1997-02
185,126,608,1997-02
186,386,608,1997-02
187,94,603,1997-02
188,117,603,1997-02
189,386,603,1997-02
190,94,602,1997-02
191,117,602,1997-02
192,6,514,1997-02
193,126,514,1997-02
194,81,573,1997-02
195,446,573,1997-02
196,373,345,1997-02
197,386,345,1997-02
198,524,345,1997-02
199,58,508,1997-02
200,373,508,1997-02
201,386,508,1997-02
202,58,505,1997-02
203,117,505,1997-02
204,379,505,1997-02
205,58,504,1997-02
206,117,504,1997-02
207,81,566,1997-02
208,117,566,1997-02
209,126,566,1997-02
210,81,567,1997-02
211,126,567,1997-02
212,117,26,1997-02
213,126,26,1997-02
214,126,29,1997-02
215,379,29,1997-02
216,94,605,1997-02
217,121,605,1997-02
218,373,605,1997-02
219,559,605,1997-02
220,94,604,1997-02
221,121,604,1997-02
222,373,604,1997-02
223,94,612,1997-02
224,373,612,1997-02
225,31,290,1997-02
226,214,290,1997-02
227,6,519,1997-02
228,373,519,1997-02
229,379,519,1997-02
230,6,517,1997-02
231,181,517,1997-02
232,379,517,1997-02
233,6,521,1997-02
234,379,521,1997-02
235,58,510,1997-02
236,94,510,1997-02
237,94,607,1997-02
238,126,607,1997-02
239,133,607,1997-02
240,94,606,1997-02
241,126,606,1997-02
242,58,506,1997-02
243,126,506,1997-02
244,81,571,1997-02
245,373,571,1997-02
246,386,571,1997-02
247,81,570,1997-02
248,373,570,1997-02
249,373,344,1997-02
250,386,344,1997-02
251,81,572,1997-02
252,379,572,1997-02
253,386,375,1997-02
254,446,375,1997-02
255,566,375,1997-02
256,386,380,1997-02
257,566,380,1997-02
258,446,432,1997-02
259,566,432,1997-02
260,6,520,1997-02
261,373,520,1997-02
262,559,520,1997-02
263,181,99,1997-02
264,373,99,1997-02
265,559,99,1997-02
266,6,516,1997-02
267,181,516,1997-02
268,373,516,1997-02
269,6,518,1997-02
270,373,518,1997-02
271,386,376,1997-02
272,501,376,1997-02
273,386,377,1997-02
274,524,377,1997-02
275,373,347,1997-02
276,446,347,1997-02
277,524,347,1997-02
278,373,348,1997-02
279,524,348,1997-02
280,386,374,1997-02
281,446,374,1997-02
282,94,610,1997-02
283,133,610,1997-02
284,386,610,1997-02
285,94,614,1997-02
286,386,614,1997-02
287,94,609,1997-02
288,133,609,1997-02
289,5,464,1997-02
290,181,464,1997-02
291,94,611,1997-02
292,181,611,1997-02
293,58,509,1997-02
294,373,509,1997-02
295,559,509,1997-02
296,58,507,1997-02
297,373,507,1997-02
298,373,346,1997-02
299,446,346,1997-02
300,181,101,1997-02
301,446,101,1997-02
302,386,379,1997-02
303,565,379,1997-02
304,181,100,1997-02
305,386,100,1997-02
306,81,569,1997-02
307,181,569,1997-02
308,6,522,1997-02
309,524,522,1997-02
310,373,349,1997-02
311,559,349,1997-02
312,379,351,1997-02
313,386,351,1997-02
314,386,378,1997-02
315,559,378,1997-02
316,5,465,1997-02
317,446,465,1997-02
318,133,41,1997-02
319,386,41,1997-02
320,181,98,1997-02
321,373,98,1997-02
322,81,574,1997-02
323,566,574,1997-02
324,373,343,1997-02
325,379,343,1997-02
326,181,102,1997-02
327,559,102,1997-02
328,181,103,1997-02
329,566,103,1997-02
330,6,515,1997-02
331,181,515,1997-02
332,524,477,1997-02
333,566,477,1997-02
334,84,577,1997-08
335,437,577,1997-08
336,263,219,2000-02
337,266,219,2000-02
338,263,221,2000-02
339,597,221,2000-02
340,4,394,2000-02
341,263,394,2000-02
342,266,226,2000-02
343,412,226,2000-02
344,156,73,2000-02
345,266,73,2000-02
346,45,438,2000-02
347,266,438,2000-02
348,45,439,2000-02
349,268,439,2000-02
350,199,150,2000-02
351,201,150,2000-02
352,4,393,2000-02
353,199,393,2000-02
354,266,225,2000-02
355,268,225,2000-02
356,199,153,2000-02
357,597,153,2000-02
358,266,227,2000-02
359,597,227,2000-02
360,236,209,2000-02
361,597,209,2000-02
362,199,151,2000-02
363,268,151,2000-02
364,263,220,2000-02
365,535,220,2000-02
366,199,152,2000-02
367,577,152,2000-02
368,208,165,2000-02
369,263,165,2000-02
370,554,483,2000-02
371,577,483,2000-02
372,19,131,2000-08
373,57,131,2000-08
374,217,131,2000-08
375,414,131,2000-08
376,19,116,2000-08
377,199,116,2000-08
378,469,116,2000-08
379,19,135,2000-08
380,57,135,2000-08
381,414,135,2000-08
382,469,135,2000-08
383,19,136,2000-08
384,57,136,2000-08
385,469,136,2000-08
386,19,127,2000-08
387,414,127,2000-08
388,469,127,2000-08
389,294,262,2000-08
390,414,262,2000-08
391,469,262,2000-08
392,19,132,2000-08
393,57,132,2000-08
394,265,132,2000-08
395,19,117,2000-08
396,217,117,2000-08
397,294,117,2000-08
398,414,117,2000-08
399,27,231,2000-08
400,469,231,2000-08
401,27,232,2000-08
402,57,232,2000-08
403,414,232,2000-08
404,57,497,2000-08
405,414,497,2000-08
406,469,497,2000-08
407,19,134,2000-08
408,57,134,2000-08
409,414,134,2000-08
410,115,20,2000-08
411,217,20,2000-08
412,217,178,2000-08
413,414,178,2000-08
414,603,178,2000-08
415,57,500,2000-08
416,469,500,2000-08
417,19,139,2000-08
418,96,139,2000-08
419,217,139,2000-08
420,19,133,2000-08
421,57,133,2000-08
422,294,133,2000-08
423,19,119,2000-08
424,217,119,2000-08
425,469,119,2000-08
426,217,176,2000-08
427,294,176,2000-08
428,469,176,2000-08
429,19,114,2000-08
430,115,114,2000-08
431,294,114,2000-08
432,115,22,2000-08
433,294,22,2000-08
434,19,125,2000-08
435,294,125,2000-08
436,603,125,2000-08
437,217,177,2000-08
438,414,177,2000-08
439,469,177,2000-08
440,19,123,2000-08
441,294,123,2000-08
442,414,123,2000-08
443,19,130,2000-08
444,57,130,2000-08
445,217,130,2000-08
446,59,513,2000-08
447,603,513,2000-08
448,265,222,2000-08
449,294,222,2000-08
450,19,124,2000-08
451,294,124,2000-08
452,469,124,2000-08
453,19,128,2000-08
454,414,128,2000-08
455,571,128,2000-08
456,19,118,2000-08
457,217,118,2000-08
458,414,118,2000-08
459,294,263,2000-08
460,414,263,2000-08
461,603,263,2000-08
462,19,120,2000-08
463,217,120,2000-08
464,603,120,2000-08
465,19,129,2000-08
466,414,129,2000-08
467,603,129,2000-08
468,217,175,2000-08
469,294,175,2000-08
470,414,175,2000-08
471,4,396,2000-08
472,603,396,2000-08
473,59,512,2000-08
474,217,512,2000-08
475,27,230,2000-08
476,414,230,2000-08
477,45,437,2000-08
478,217,437,2000-08
479,57,496,2000-08
480,414,496,2000-08
481,57,492,2000-08
482,217,492,2000-08
483,4,395,2000-08
484,414,395,2000-08
485,469,444,2000-08
486,603,444,2000-08
487,265,223,2000-08
488,414,223,2000-08
489,19,113,2000-08
490,115,113,2000-08
491,57,498,2000-08
492,430,498,2000-08
493,96,615,2000-08
494,217,615,2000-08
495,19,137,2000-08
496,587,137,2000-08
497,4,392,2000-08
498,19,392,2000-08
499,19,122,2000-08
500,27,122,2000-08
501,414,412,2000-08
502,469,412,2000-08
503,414,414,2000-08
504,571,414,2000-08
505,27,228,2000-08
506,217,228,2000-08
507,265,224,2000-08
508,603,224,2000-08
509,603,524,2000-08
510,607,524,2000-08
511,217,179,2000-08
512,469,179,2000-08
513,1,1,2000-08
514,414,1,2000-08
515,19,121,2000-08
516,265,121,2000-08
517,115,24,2000-08
518,603,24,2000-08
519,115,21,2000-08
520,265,21,2000-08
521,27,229,2000-08
522,294,229,2000-08
523,1,0,2000-08
524,19,0,2000-08
525,19,115,2000-08
526,199,115,2000-08
527,217,180,2000-08
528,587,180,2000-08
529,294,261,2000-08
530,333,261,2000-08
531,57,493,2000-08
532,265,493,2000-08
533,96,616,2000-08
534,603,616,2000-08
535,57,502,2000-08
536,603,502,2000-08
537,57,495,2000-08
538,294,495,2000-08
539,19,126,2000-08
540,333,126,2000-08
541,19,138,2000-08
542,607,138,2000-08
543,160,77,2001-02
544,202,77,2001-02
545,288,77,2001-02
546,368,77,2001-02
547,160,83,2001-02
548,288,83,2001-02
549,453,83,2001-02
550,57,489,2001-02
551,160,489,2001-02
552,368,489,2001-02
553,555,489,2001-02
554,160,81,2001-02
555,244,81,2001-02
556,368,81,2001-02
557,57,486,2001-02
558,160,486,2001-02
559,244,486,2001-02
560,160,82,2001-02
561,288,82,2001-02
562,368,82,2001-02
563,546,82,2001-02
564,57,491,2001-02
565,216,491,2001-02
566,288,256,2001-02
567,474,256,2001-02
568,115,23,2001-02
569,368,23,2001-02
570,368,341,2001-02
571,546,341,2001-02
572,474,451,2001-02
573,546,451,2001-02
574,57,487,2001-02
575,160,487,2001-02
576,288,487,2001-02
577,160,80,2001-02
578,244,80,2001-02
579,288,80,2001-02
580,160,85,2001-02
581,368,85,2001-02
582,555,85,2001-02
583,288,255,2001-02
584,368,255,2001-02
585,555,255,2001-02
586,57,490,2001-02
587,160,490,2001-02
588,453,490,2001-02
589,160,76,2001-02
590,202,76,2001-02
591,288,76,2001-02
592,160,84,2001-02
593,288,84,2001-02
594,546,84,2001-02
595,288,258,2001-02
596,546,258,2001-02
597,57,488,2001-02
598,160,488,2001-02
599,368,488,2001-02
600,160,87,2001-02
601,453,87,2001-02
602,216,173,2001-02
603,288,173,2001-02
604,57,499,2001-02
605,453,499,2001-02
606,288,254,2001-02
607,292,254,2001-02
608,292,260,2001-02
609,546,260,2001-02
610,202,164,2001-02
611,555,164,2001-02
612,160,79,2001-02
613,244,79,2001-02
614,57,494,2001-02
615,288,494,2001-02
616,160,89,2001-02
617,546,89,2001-02
618,160,88,2001-02
619,474,88,2001-02
620,368,340,2001-02
621,474,340,2001-02
622,244,212,2001-02
623,368,212,2001-02
624,368,339,2001-02
625,453,339,2001-02
626,57,501,2001-02
627,474,501,2001-02
628,290,259,2001-02
629,555,259,2001-02
630,160,78,2001-02
631,216,78,2001-02
632,101,6,2001-02
633,160,6,2001-02
634,244,211,2001-02
635,288,211,2001-02
636,195,146,2001-02
637,368,146,2001-02
638,79,565,2001-02
639,160,565,2001-02
640,202,163,2001-02
641,288,163,2001-02
642,216,174,2001-02
643,555,174,2001-02
644,42,419,2001-08
645,384,419,2001-08
646,42,420,2001-08
647,422,420,2001-08
648,384,371,2001-08
649,474,371,2001-08
650,135,42,2002-02
651,234,42,2002-02
652,313,294,2002-08
653,392,294,2002-08
654,313,295,2002-08
655,448,295,2002-08
656,313,293,2002-08
657,391,293,2002-08
658,391,387,2002-08
659,448,387,2002-08
660,198,148,2003-02
661,325,148,2003-02
662,325,305,2003-02
663,391,305,2003-02
664,198,147,2003-02
665,312,147,2003-02
666,198,149,2003-02
667,391,149,2003-02
668,325,306,2003-02
669,448,306,2003-02
670,325,307,2003-02
671,479,307,2003-02
672,20,156,2003-08
673,182,156,2003-08
674,449,156,2003-08
675,182,106,2003-08
676,449,106,2003-08
677,20,160,2003-08
678,449,160,2003-08
679,20,157,2003-08
680,182,157,2003-08
681,474,157,2003-08
682,311,292,2003-08
683,474,292,2003-08
684,303,268,2003-08
685,311,268,2003-08
686,104,10,2003-08
687,182,10,2003-08
688,104,11,2003-08
689,474,11,2003-08
690,448,433,2003-08
691,474,433,2003-08
692,20,155,2003-08
693,104,155,2003-08
694,20,159,2003-08
695,448,159,2003-08
696,20,158,2003-08
697,275,158,2003-08
698,182,107,2003-08
699,474,107,2003-08
700,182,105,2003-08
701,448,105,2003-08
702,275,244,2003-08
703,474,244,2003-08
704,427,422,2003-08
705,474,422,2003-08
706,182,104,2003-08
707,427,104,2003-08
708,275,243,2003-08
709,427,243,2003-08
710,414,409,2003-08
711,427,409,2003-08
712,414,413,2003-08
713,474,413,2003-08
714,414,411,2003-08
715,448,411,2003-08
716,427,421,2003-08
717,448,421,2003-08
718,160,86,2004-02
719,414,86,2004-02
720,182,107,2004-02
721,474,107,2004-02
722,160,75,2004-02
723,182,75,2004-02
724,82,575,2004-08
725,425,575,2004-08
726,310,291,2004-08
727,474,291,2004-08
728,414,411,2004-08
729,448,411,2004-08
730,156,74,2005-02
731,387,74,2005-02
732,36,333,2005-02
733,387,333,2005-02
734,36,332,2005-02
735,260,332,2005-02
736,226,192,2005-02
737,387,192,2005-02
738,226,195,2005-02
739,438,195,2005-02
740,36,334,2005-02
741,438,334,2005-02
742,438,430,2005-02
743,448,430,2005-02
744,387,382,2005-02
745,438,382,2005-02
746,414,410,2005-02
747,438,410,2005-02
748,7,556,2005-02
749,226,556,2005-02
750,287,249,2005-08
751,316,249,2005-08
752,608,249,2005-08
753,194,145,2005-08
754,287,145,2005-08
755,287,250,2005-08
756,428,250,2005-08
757,608,250,2005-08
758,91,585,2005-08
759,287,585,2005-08
760,428,585,2005-08
761,91,591,2005-08
762,428,591,2005-08
763,502,591,2005-08
764,226,193,2005-08
765,428,193,2005-08
766,552,193,2005-08
767,608,193,2005-08
768,226,194,2005-08
769,428,194,2005-08
770,608,194,2005-08
771,221,187,2005-08
772,478,187,2005-08
773,91,595,2005-08
774,462,595,2005-08
775,478,595,2005-08
776,91,596,2005-08
777,462,596,2005-08
778,608,596,2005-08
779,91,601,2005-08
780,552,601,2005-08
781,608,601,2005-08
782,91,592,2005-08
783,428,592,2005-08
784,552,592,2005-08
785,91,586,2005-08
786,287,586,2005-08
787,478,586,2005-08
788,91,597,2005-08
789,478,597,2005-08
790,287,252,2005-08
791,488,252,2005-08
792,608,252,2005-08
793,226,196,2005-08
794,552,196,2005-08
795,91,593,2005-08
796,428,593,2005-08
797,608,593,2005-08
798,91,587,2005-08
799,287,587,2005-08
800,608,587,2005-08
801,91,590,2005-08
802,316,590,2005-08
803,608,590,2005-08
804,286,248,2005-08
805,608,248,2005-08
806,316,302,2005-08
807,428,302,2005-08
808,608,302,2005-08
809,428,425,2005-08
810,552,425,2005-08
811,608,425,2005-08
812,226,195,2005-08
813,438,195,2005-08
814,226,191,2005-08
815,287,191,2005-08
816,91,589,2005-08
817,316,589,2005-08
818,428,589,2005-08
819,91,588,2005-08
820,316,588,2005-08
821,428,424,2005-08
822,448,424,2005-08
823,608,424,2005-08
824,448,436,2005-08
825,608,436,2005-08
826,91,599,2005-08
827,502,599,2005-08
828,316,301,2005-08
829,428,301,2005-08
830,226,197,2005-08
831,608,197,2005-08
832,396,391,2005-08
833,608,391,2005-08
834,287,253,2005-08
835,552,253,2005-08
836,91,598,2005-08
837,488,598,2005-08
838,462,441,2005-08
839,608,441,2005-08
840,387,381,2005-08
841,428,381,2005-08
842,478,452,2005-08
843,608,452,2005-08
844,396,389,2005-08
845,428,389,2005-08
846,396,390,2005-08
847,502,390,2005-08
848,428,423,2005-08
849,448,423,2005-08
850,66,537,2005-08
851,608,537,2005-08
852,316,303,2005-08
853,608,303,2005-08
854,221,188,2005-08
855,608,188,2005-08
856,221,186,2005-08
857,428,186,2005-08
858,287,251,2005-08
859,462,251,2005-08
860,387,384,2005-08
861,552,384,2005-08
862,462,440,2005-08
863,478,440,2005-08
864,488,461,2005-08
865,608,461,2005-08
866,387,385,2005-08
867,608,385,2005-08
868,91,584,2005-08
869,287,584,2005-08
870,91,600,2005-08
871,552,600,2005-08
872,502,472,2005-08
873,608,472,2005-08
874,91,594,2005-08
875,462,594,2005-08
876,7,555,2005-08
877,182,555,2005-08
878,34,318,2007-02
879,187,318,2007-02
880,606,318,2007-02
881,34,323,2007-02
882,68,323,2007-02
883,132,323,2007-02
884,187,109,2007-02
885,309,109,2007-02
886,606,109,2007-02
887,187,112,2007-02
888,606,112,2007-02
889,542,482,2007-02
890,606,482,2007-02
891,68,539,2007-02
892,132,539,2007-02
893,274,539,2007-02
894,68,547,2007-02
895,381,547,2007-02
896,606,547,2007-02
897,34,317,2007-02
898,187,317,2007-02
899,274,317,2007-02
900,34,316,2007-02
901,187,316,2007-02
902,68,545,2007-02
903,274,545,2007-02
904,580,545,2007-02
905,68,540,2007-02
906,132,540,2007-02
907,381,540,2007-02
908,68,542,2007-02
909,187,542,2007-02
910,381,542,2007-02
911,381,368,2007-02
912,580,368,2007-02
913,64,536,2007-02
914,68,536,2007-02
915,274,536,2007-02
916,64,533,2007-02
917,542,533,2007-02
918,132,39,2007-02
919,580,39,2007-02
920,132,33,2007-02
921,274,33,2007-02
922,381,33,2007-02
923,132,36,2007-02
924,381,36,2007-02
925,274,235,2007-02
926,370,235,2007-02
927,34,321,2007-02
928,606,321,2007-02
929,381,369,2007-02
930,606,369,2007-02
931,68,544,2007-02
932,274,544,2007-02
933,381,544,2007-02
934,34,322,2007-02
935,68,322,2007-02
936,64,534,2007-02
937,580,534,2007-02
938,132,31,2007-02
939,187,31,2007-02
940,68,546,2007-02
941,370,546,2007-02
942,64,535,2007-02
943,68,535,2007-02
944,132,35,2007-02
945,370,35,2007-02
946,132,40,2007-02
947,606,40,2007-02
948,68,550,2007-02
949,580,550,2007-02
950,64,531,2007-02
951,132,531,2007-02
952,274,238,2007-02
953,473,238,2007-02
954,34,315,2007-02
955,132,315,2007-02
956,274,240,2007-02
957,542,240,2007-02
958,132,32,2007-02
959,274,32,2007-02
960,381,366,2007-02
961,473,366,2007-02
962,187,108,2007-02
963,274,108,2007-02
964,64,532,2007-02
965,381,532,2007-02
966,68,553,2007-02
967,606,553,2007-02
968,34,319,2007-02
969,274,319,2007-02
970,68,538,2007-02
971,129,538,2007-02
972,132,38,2007-02
973,542,38,2007-02
974,226,190,2007-02
975,274,190,2007-02
976,187,110,2007-02
977,381,110,2007-02
978,381,367,2007-02
979,542,367,2007-02
980,274,242,2007-02
981,606,242,2007-02
982,68,554,2007-02
983,75,554,2007-02
984,68,548,2007-02
985,387,548,2007-02
986,7,557,2007-02
987,274,557,2007-02
988,75,559,2007-02
989,381,559,2007-02
990,68,543,2007-02
991,226,543,2007-02
992,34,320,2007-02
993,381,320,2007-02
994,68,549,2007-02
995,542,549,2007-02
996,274,241,2007-02
997,580,241,2007-02
998,274,237,2007-02
999,448,237,2007-02
1000,274,236,2007-02
1001,414,236,2007-02
1002,232,200,2007-02
1003,274,200,2007-02
1004,307,279,2007-08
1005,480,279,2007-08
1006,483,279,2007-08
1007,570,279,2007-08
1008,307,281,2007-08
1009,480,281,2007-08
1010,570,281,2007-08
1011,573,281,2007-08
1012,307,276,2007-08
1013,416,276,2007-08
1014,483,276,2007-08
1015,307,278,2007-08
1016,480,278,2007-08
1017,483,278,2007-08
1018,480,453,2007-08
1019,483,453,2007-08
1020,570,453,2007-08
1021,307,282,2007-08
1022,483,282,2007-08
1023,570,282,2007-08
1024,307,283,2007-08
1025,483,283,2007-08
1026,573,283,2007-08
1027,307,285,2007-08
1028,573,285,2007-08
1029,187,111,2007-08
1030,593,111,2007-08
1031,480,455,2007-08
1032,593,455,2007-08
1033,307,287,2007-08
1034,593,287,2007-08
1035,606,287,2007-08
1036,307,280,2007-08
1037,480,280,2007-08
1038,570,280,2007-08
1039,274,234,2007-08
1040,307,234,2007-08
1041,480,234,2007-08
1042,274,242,2007-08
1043,606,242,2007-08
1044,307,284,2007-08
1045,483,284,2007-08
1046,593,284,2007-08
1047,416,417,2007-08
1048,483,417,2007-08
1049,232,202,2007-08
1050,307,202,2007-08
1051,480,202,2007-08
1052,232,200,2007-08
1053,274,200,2007-08
1054,307,286,2007-08
1055,593,286,2007-08
1056,483,457,2007-08
1057,570,457,2007-08
1058,570,503,2007-08
1059,593,503,2007-08
1060,132,37,2007-08
1061,480,37,2007-08
1062,132,34,2007-08
1063,307,34,2007-08
1064,232,204,2007-08
1065,480,204,2007-08
1066,307,275,2007-08
1067,416,275,2007-08
1068,416,416,2007-08
1069,480,416,2007-08
1070,254,216,2007-08
1071,307,216,2007-08
1072,416,418,2007-08
1073,593,418,2007-08
1074,307,274,2007-08
1075,387,274,2007-08
1076,480,454,2007-08
1077,573,454,2007-08
1078,307,288,2007-08
1079,606,288,2007-08
1080,274,239,2007-08
1081,480,239,2007-08
1082,448,434,2007-08
1083,480,434,2007-08
1084,387,383,2007-08
1085,480,383,2007-08
1086,288,257,2007-08
1087,480,257,2007-08
1088,232,201,2007-08
1089,307,201,2007-08
1090,307,277,2007-08
1091,448,277,2007-08
1092,480,456,2007-08
1093,606,456,2007-08
1094,274,233,2007-08
1095,307,233,2007-08
1096,230,199,2008-02
1097,361,199,2008-02
1098,219,182,2008-02
1099,230,182,2008-02
1100,230,198,2008-02
1101,307,198,2008-02
1102,166,90,2008-02
1103,219,90,2008-02
1104,219,185,2008-02
1105,477,185,2008-02
1106,219,183,2008-02
1107,354,183,2008-02
1108,219,181,2008-02
1109,226,181,2008-02
1110,219,184,2008-02
1111,448,184,2008-02
1112,414,411,2008-08
1113,448,411,2008-08
1114,232,203,2008-08
1115,414,203,2008-08
1116,51,473,2009-02
1117,271,473,2009-02
1118,200,161,2009-02
1119,223,161,2009-02
1120,28,245,2009-02
1121,51,245,2009-02
1122,138,55,2009-02
1123,271,55,2009-02
1124,200,162,2009-02
1125,448,162,2009-02
1126,390,386,2009-08
1127,600,386,2009-08
1128,369,342,2009-08
1129,600,342,2009-08
1130,68,552,2009-08
1131,600,552,2009-08
1132,28,246,2009-08
1133,600,246,2009-08
1134,335,314,2010-02
1135,590,314,2010-02
1136,68,551,2010-02
1137,590,551,2010-02
1138,434,428,2010-08
1139,605,428,2010-08
1140,232,203,2010-08
1141,414,203,2010-08
1142,330,313,2011-02
1143,464,313,2011-02
1144,432,427,2012-02
1145,520,427,2012-02
1146,432,426,2012-02
1147,490,426,2012-02
1148,442,431,2012-08
1149,489,431,2012-08
1150,377,350,2012-08
1151,489,350,2012-08
1152,116,25,2012-08
1153,489,25,2012-08
1154,484,458,2012-08
1155,489,458,2012-08
1156,83,576,2012-08
1157,489,576,2012-08
1158,246,213,2013-02
1159,332,213,2013-02
1160,222,189,2014-02
1161,448,189,2014-02
1162,237,210,2015-02
1163,308,210,2015-02
1164,308,289,2015-02
1165,323,289,2015-02
1166,21,167,2015-02
1167,308,167,2015-02
1168,21,168,2015-02
1169,323,168,2015-02
1170,76,563,2015-08
1171,497,563,2015-08
1172,76,561,2015-08
1173,193,561,2015-08
1174,76,560,2015-08
1175,177,560,2015-08
1176,21,166,2015-08
1177,177,166,2015-08
1178,177,91,2015-08
1179,249,91,2015-08
1180,103,9,2015-08
1181,177,9,2015-08
1182,177,94,2015-08
1183,497,94,2015-08
1184,76,562,2015-08
1185,317,562,2015-08
1186,177,93,2015-08
1187,466,93,2015-08
1188,76,564,2015-08
1189,509,564,2015-08
1190,317,304,2015-08
1191,509,304,2015-08
1192,487,460,2015-08
1193,497,460,2015-08
1194,177,92,2015-08
1195,393,92,2015-08
1196,18,96,2016-02
1197,139,96,2016-02
1198,298,96,2016-02
1199,63,528,2016-02
1200,139,528,2016-02
1201,298,528,2016-02
1202,10,5,2016-02
1203,298,5,2016-02
1204,563,5,2016-02
1205,18,97,2016-02
1206,63,97,2016-02
1207,10,3,2016-02
1208,21,3,2016-02
1209,63,529,2016-02
1210,143,529,2016-02
1211,63,530,2016-02
1212,426,530,2016-02
1213,298,266,2016-02
1214,445,266,2016-02
1215,105,12,2016-02
1216,298,12,2016-02
1217,143,64,2016-02
1218,298,64,2016-02
1219,256,217,2016-02
1220,298,217,2016-02
1221,63,527,2016-02
1222,139,527,2016-02
1223,18,95,2016-02
1224,139,95,2016-02
1225,298,265,2016-02
1226,426,265,2016-02
1227,298,267,2016-02
1228,563,267,2016-02
1229,139,57,2016-02
1230,426,57,2016-02
1231,10,4,2016-02
1232,298,4,2016-02
1233,139,56,2016-02
1234,143,56,2016-02
1235,2,154,2016-02
1236,298,154,2016-02
1237,139,58,2016-02
1238,582,58,2016-02
1239,10,2,2016-02
1240,139,2,2016-02
1241,41,401,2016-08
1242,247,401,2016-08
1243,41,403,2016-08
1244,424,403,2016-08
1245,495,463,2016-08
1246,560,463,2016-08
1247,305,271,2016-08
1248,495,271,2016-08
1249,534,479,2016-08
1250,560,479,2016-08
1251,495,462,2016-08
1252,534,462,2016-08
1253,305,272,2016-08
1254,534,272,2016-08
1255,41,404,2016-08
1256,73,404,2016-08
1257,305,270,2016-08
1258,339,270,2016-08
1259,247,214,2016-08
1260,305,214,2016-08
1261,448,435,2016-08
1262,534,435,2016-08
1263,41,402,2016-08
1264,339,402,2016-08
1265,73,558,2016-08
1266,298,558,2016-08
1267,413,408,2017-02
1268,517,408,2017-02
1269,517,475,2017-02
1270,525,475,2017-02
1271,125,28,2017-02
1272,517,28,2017-02
1273,525,478,2017-02
1274,564,478,2017-02
1275,47,445,2017-08
1276,212,445,2017-08
1277,365,445,2017-08
1278,328,311,2017-08
1279,561,311,2017-08
1280,599,311,2017-08
1281,380,365,2017-08
1282,599,365,2017-08
1283,610,365,2017-08
1284,352,325,2017-08
1285,365,325,2017-08
1286,305,269,2017-08
1287,328,269,2017-08
1288,363,335,2017-08
1289,599,335,2017-08
1290,328,309,2017-08
1291,517,309,2017-08
1292,47,447,2017-08
1293,352,447,2017-08
1294,212,169,2017-08
1295,328,169,2017-08
1296,47,449,2017-08
1297,561,449,2017-08
1298,365,338,2017-08
1299,610,338,2017-08
1300,365,336,2017-08
1301,517,336,2017-08
1302,365,337,2017-08
1303,561,337,2017-08
1304,517,476,2017-08
1305,599,476,2017-08
1306,380,364,2017-08
1307,561,364,2017-08
1308,352,328,2017-08
1309,610,328,2017-08
1310,400,400,2017-08
1311,561,400,2017-08
1312,47,450,2017-08
1313,599,450,2017-08
1314,328,308,2017-08
1315,365,308,2017-08
1316,47,446,2017-08
1317,328,446,2017-08
1318,352,327,2017-08
1319,599,327,2017-08
1320,328,310,2017-08
1321,561,310,2017-08
1322,380,363,2017-08
1323,517,363,2017-08
1324,47,448,2017-08
1325,365,448,2017-08
1326,212,170,2017-08
1327,365,170,2017-08
1328,212,172,2017-08
1329,599,172,2017-08
1330,561,484,2017-08
1331,610,484,2017-08
1332,352,326,2017-08
1333,561,326,2017-08
1334,414,415,2017-08
1335,610,415,2017-08
1336,111,16,2018-02
1337,279,16,2018-02
1338,111,18,2018-02
1339,461,18,2018-02
1340,111,17,2018-02
1341,282,17,2018-02
1342,382,370,2018-02
1343,599,370,2018-02
1344,111,15,2018-02
1345,159,15,2018-02
1346,15,65,2018-02
1347,111,65,2018-02
1348,111,19,2018-02
1349,599,19,2018-02
1350,111,14,2018-02
1351,141,14,2018-02
1352,50,467,2018-02
1353,141,467,2018-02
1354,50,469,2018-02
1355,461,469,2018-02
1356,15,66,2018-02
1357,50,66,2018-02
1358,50,466,2018-02
1359,111,466,2018-02
1360,89,581,2018-08
1361,338,581,2018-08
1362,62,526,2018-08
1363,98,526,2018-08
1364,89,578,2018-08
1365,153,578,2018-08
1366,567,578,2018-08
1367,248,215,2018-08
1368,338,215,2018-08
1369,153,71,2018-08
1370,586,71,2018-08
1371,153,69,2018-08
1372,329,69,2018-08
1373,329,312,2018-08
1374,567,312,2018-08
1375,153,68,2018-08
1376,272,68,2018-08
1377,89,580,2018-08
1378,329,580,2018-08
1379,153,70,2018-08
1380,514,70,2018-08
1381,89,583,2018-08
1382,596,583,2018-08
1383,153,72,2018-08
1384,596,72,2018-08
1385,50,471,2018-08
1386,89,471,2018-08
1387,98,618,2018-08
1388,567,618,2018-08
1389,98,617,2018-08
1390,153,617,2018-08
1391,89,582,2018-08
1392,567,582,2018-08
1393,68,541,2018-08
1394,153,541,2018-08
1395,89,579,2018-08
1396,233,579,2018-08
1397,305,273,2018-08
1398,567,273,2018-08
1399,50,468,2018-08
1400,153,468,2018-08
1401,514,474,2018-08
1402,567,474,2018-08
1403,567,485,2018-08
1404,596,485,2018-08
1405,62,525,2018-08
1406,567,525,2018-08
1407,50,470,2018-08
1408,567,470,2018-08
1409,296,264,2018-08
1410,567,264,2018-08
1411,212,171,2018-08
1412,567,171,2018-08
1413,153,67,2018-08
1414,233,67,2018-08
