,user_id,group_id,period
0,136,49,1996-08
1,411,49,1996-08
2,436,49,1996-08
3,584,49,1996-08
4,602,49,1996-08
5,235,226,1996-08
6,314,226,1996-08
7,394,226,1996-08
8,40,433,1996-08
9,485,433,1996-08
10,588,433,1996-08
11,136,43,1996-08
12,145,43,1996-08
13,314,43,1996-08
14,394,43,1996-08
15,436,43,1996-08
16,498,43,1996-08
17,136,51,1996-08
18,436,51,1996-08
19,588,51,1996-08
20,136,50,1996-08
21,436,50,1996-08
22,191,157,1996-08
23,314,157,1996-08
24,394,157,1996-08
25,588,157,1996-08
26,136,52,1996-08
27,584,52,1996-08
28,602,52,1996-08
29,38,387,1996-08
30,191,387,1996-08
31,468,481,1996-08
32,584,481,1996-08
33,14,64,1996-08
34,602,64,1996-08
35,604,64,1996-08
36,40,435,1996-08
37,602,435,1996-08
38,40,434,1996-08
39,541,434,1996-08
40,14,60,1996-08
41,314,60,1996-08
42,99,672,1996-08
43,136,672,1996-08
44,588,672,1996-08
45,136,53,1996-08
46,588,53,1996-08
47,436,468,1996-08
48,584,468,1996-08
49,99,676,1996-08
50,436,676,1996-08
51,14,61,1996-08
52,411,61,1996-08
53,411,442,1996-08
54,588,442,1996-08
55,38,394,1996-08
56,541,394,1996-08
57,588,394,1996-08
58,14,62,1996-08
59,541,62,1996-08
60,38,388,1996-08
61,235,388,1996-08
62,136,46,1996-08
63,314,46,1996-08
64,604,46,1996-08
65,314,331,1996-08
66,588,331,1996-08
67,38,392,1996-08
68,485,392,1996-08
69,588,392,1996-08
70,485,500,1996-08
71,588,500,1996-08
72,38,395,1996-08
73,588,395,1996-08
74,235,228,1996-08
75,394,228,1996-08
76,99,675,1996-08
77,353,675,1996-08
78,429,675,1996-08
79,99,674,1996-08
80,353,674,1996-08
81,26,238,1996-08
82,38,238,1996-08
83,314,238,1996-08
84,411,441,1996-08
85,512,441,1996-08
86,602,441,1996-08
87,411,443,1996-08
88,602,443,1996-08
89,38,391,1996-08
90,411,391,1996-08
91,394,424,1996-08
92,588,424,1996-08
93,14,63,1996-08
94,588,63,1996-08
95,536,521,1996-08
96,588,521,1996-08
97,191,160,1996-08
98,584,160,1996-08
99,191,158,1996-08
100,353,158,1996-08
101,353,363,1996-08
102,584,363,1996-08
103,136,44,1996-08
104,191,44,1996-08
105,191,156,1996-08
106,314,156,1996-08
107,191,159,1996-08
108,468,159,1996-08
109,38,386,1996-08
110,136,386,1996-08
111,38,393,1996-08
112,541,393,1996-08
113,38,389,1996-08
114,385,389,1996-08
115,38,390,1996-08
116,40,390,1996-08
117,136,45,1996-08
118,314,45,1996-08
119,314,329,1996-08
120,411,329,1996-08
121,102,8,1996-08
122,136,8,1996-08
123,102,7,1996-08
124,109,7,1996-08
125,349,356,1996-08
126,468,356,1996-08
127,235,227,1996-08
128,314,227,1996-08
129,602,227,1996-08
130,235,225,1996-08
131,314,225,1996-08
132,353,362,1996-08
133,436,362,1996-08
134,468,482,1996-08
135,602,482,1996-08
136,541,522,1996-08
137,602,522,1996-08
138,385,408,1996-08
139,541,408,1996-08
140,314,328,1996-08
141,394,328,1996-08
142,284,268,1996-08
143,588,268,1996-08
144,136,54,1996-08
145,602,54,1996-08
146,314,330,1996-08
147,541,330,1996-08
148,385,409,1996-08
149,602,409,1996-08
150,99,673,1996-08
151,191,673,1996-08
152,136,48,1996-08
153,411,48,1996-08
154,353,361,1996-08
155,411,361,1996-08
156,109,13,1996-08
157,136,13,1996-08
158,314,327,1996-08
159,353,327,1996-08
160,136,47,1996-08
161,353,47,1996-08
162,130,30,1996-08
163,394,30,1996-08
164,38,396,1996-08
165,602,396,1996-08
166,58,556,1997-02
167,94,556,1997-02
168,117,556,1997-02
169,121,556,1997-02
170,373,556,1997-02
171,94,666,1997-02
172,373,666,1997-02
173,386,666,1997-02
174,81,618,1997-02
175,126,618,1997-02
176,373,618,1997-02
177,446,618,1997-02
178,566,618,1997-02
179,117,27,1997-02
180,373,27,1997-02
181,6,569,1997-02
182,94,569,1997-02
183,117,569,1997-02
184,94,661,1997-02
185,126,661,1997-02
186,386,661,1997-02
187,94,656,1997-02
188,117,656,1997-02
189,386,656,1997-02
190,94,655,1997-02
191,117,655,1997-02
192,6,560,1997-02
193,126,560,1997-02
194,81,623,1997-02
195,446,623,1997-02
196,373,379,1997-02
197,386,379,1997-02
198,524,379,1997-02
199,58,553,1997-02
200,373,553,1997-02
201,386,553,1997-02
202,58,550,1997-02
203,117,550,1997-02
204,379,550,1997-02
205,58,549,1997-02
206,117,549,1997-02
207,81,616,1997-02
208,117,616,1997-02
209,126,616,1997-02
210,81,617,1997-02
211,126,617,1997-02
212,117,26,1997-02
213,126,26,1997-02
214,126,29,1997-02
215,379,29,1997-02
216,94,658,1997-02
217,121,658,1997-02
218,373,658,1997-02
219,559,658,1997-02
220,94,657,1997-02
221,121,657,1997-02
222,373,657,1997-02
223,94,665,1997-02
224,373,665,1997-02
225,31,321,1997-02
226,214,321,1997-02
227,6,565,1997-02
228,373,565,1997-02
229,379,565,1997-02
230,6,563,1997-02
231,181,563,1997-02
232,379,563,1997-02
233,6,567,1997-02
234,379,567,1997-02
235,58,555,1997-02
236,94,555,1997-02
237,94,660,1997-02
238,126,660,1997-02
239,133,660,1997-02
240,94,659,1997-02
241,126,659,1997-02
242,58,551,1997-02
243,126,551,1997-02
244,81,621,1997-02
245,373,621,1997-02
246,386,621,1997-02
247,81,620,1997-02
248,373,620,1997-02
249,373,378,1997-02
250,386,378,1997-02
251,81,622,1997-02
252,379,622,1997-02
253,386,411,1997-02
254,446,411,1997-02
255,566,411,1997-02
256,386,416,1997-02
257,566,416,1997-02
258,446,471,1997-02
259,566,471,1997-02
260,6,566,1997-02
261,373,566,1997-02
262,559,566,1997-02
263,181,107,1997-02
264,373,107,1997-02
265,559,107,1997-02
266,6,562,1997-02
267,181,562,1997-02
268,373,562,1997-02
269,6,564,1997-02
270,373,564,1997-02
271,386,412,1997-02
272,501,412,1997-02
273,386,413,1997-02
274,524,413,1997-02
275,373,381,1997-02
276,446,381,1997-02
277,524,381,1997-02
278,373,382,1997-02
279,524,382,1997-02
280,386,410,1997-02
281,446,410,1997-02
282,94,663,1997-02
283,133,663,1997-02
284,386,663,1997-02
285,94,667,1997-02
286,386,667,1997-02
287,94,662,1997-02
288,133,662,1997-02
289,5,505,1997-02
290,181,505,1997-02
291,94,664,1997-02
292,181,664,1997-02
293,58,554,1997-02
294,373,554,1997-02
295,559,554,1997-02
296,58,552,1997-02
297,373,552,1997-02
298,373,380,1997-02
299,446,380,1997-02
300,181,109,1997-02
301,446,109,1997-02
302,386,415,1997-02
303,565,415,1997-02
304,181,108,1997-02
305,386,108,1997-02
306,81,619,1997-02
307,181,619,1997-02
308,6,568,1997-02
309,524,568,1997-02
310,373,383,1997-02
311,559,383,1997-02
312,379,385,1997-02
313,386,385,1997-02
314,386,414,1997-02
315,559,414,1997-02
316,5,506,1997-02
317,446,506,1997-02
318,133,41,1997-02
319,386,41,1997-02
320,181,106,1997-02
321,373,106,1997-02
322,81,624,1997-02
323,566,624,1997-02
324,373,377,1997-02
325,379,377,1997-02
326,181,110,1997-02
327,559,110,1997-02
328,181,111,1997-02
329,566,111,1997-02
330,6,561,1997-02
331,181,561,1997-02
332,524,518,1997-02
333,566,518,1997-02
334,84,627,1997-08
335,437,627,1997-08
336,263,239,2000-02
337,266,239,2000-02
338,263,241,2000-02
339,597,241,2000-02
340,4,430,2000-02
341,263,430,2000-02
342,266,246,2000-02
343,412,246,2000-02
344,156,75,2000-02
345,266,75,2000-02
346,45,477,2000-02
347,266,477,2000-02
348,45,478,2000-02
349,268,478,2000-02
350,199,166,2000-02
351,201,166,2000-02
352,4,429,2000-02
353,199,429,2000-02
354,266,245,2000-02
355,268,245,2000-02
356,199,169,2000-02
357,597,169,2000-02
358,266,247,2000-02
359,597,247,2000-02
360,236,229,2000-02
361,597,229,2000-02
362,199,167,2000-02
363,268,167,2000-02
364,263,240,2000-02
365,535,240,2000-02
366,199,168,2000-02
367,577,168,2000-02
368,208,182,2000-02
369,263,182,2000-02
370,554,525,2000-02
371,577,525,2000-02
372,19,145,2000-08
373,57,145,2000-08
374,217,145,2000-08
375,414,145,2000-08
376,19,124,2000-08
377,199,124,2000-08
378,469,124,2000-08
379,19,149,2000-08
380,57,149,2000-08
381,414,149,2000-08
382,469,149,2000-08
383,19,150,2000-08
384,57,150,2000-08
385,469,150,2000-08
386,19,139,2000-08
387,414,139,2000-08
388,469,139,2000-08
389,294,288,2000-08
390,414,288,2000-08
391,469,288,2000-08
392,19,146,2000-08
393,57,146,2000-08
394,265,146,2000-08
395,19,127,2000-08
396,217,127,2000-08
397,294,127,2000-08
398,414,127,2000-08
399,27,251,2000-08
400,469,251,2000-08
401,27,252,2000-08
402,57,252,2000-08
403,414,252,2000-08
404,57,542,2000-08
405,414,542,2000-08
406,469,542,2000-08
407,19,148,2000-08
408,57,148,2000-08
409,414,148,2000-08
410,115,20,2000-08
411,217,20,2000-08
412,217,197,2000-08
413,414,197,2000-08
414,603,197,2000-08
415,57,545,2000-08
416,469,545,2000-08
417,19,155,2000-08
418,96,155,2000-08
419,217,155,2000-08
420,19,147,2000-08
421,57,147,2000-08
422,294,147,2000-08
423,19,129,2000-08
424,217,129,2000-08
425,469,129,2000-08
426,217,194,2000-08
427,294,194,2000-08
428,469,194,2000-08
429,19,122,2000-08
430,115,122,2000-08
431,294,122,2000-08
432,115,22,2000-08
433,294,22,2000-08
434,19,136,2000-08
435,294,136,2000-08
436,603,136,2000-08
437,217,196,2000-08
438,414,196,2000-08
439,469,196,2000-08
440,19,134,2000-08
441,294,134,2000-08
442,414,134,2000-08
443,19,144,2000-08
444,57,144,2000-08
445,217,144,2000-08
446,59,558,2000-08
447,603,558,2000-08
448,265,242,2000-08
449,294,242,2000-08
450,19,135,2000-08
451,294,135,2000-08
452,469,135,2000-08
453,19,140,2000-08
454,414,140,2000-08
455,571,140,2000-08
456,19,128,2000-08
457,217,128,2000-08
458,414,128,2000-08
459,294,289,2000-08
460,414,289,2000-08
461,603,289,2000-08
462,19,130,2000-08
463,217,130,2000-08
464,603,130,2000-08
465,19,141,2000-08
466,414,141,2000-08
467,603,141,2000-08
468,217,193,2000-08
469,294,193,2000-08
470,414,193,2000-08
471,19,126,2000-08
472,217,126,2000-08
473,294,126,2000-08
474,4,432,2000-08
475,603,432,2000-08
476,59,557,2000-08
477,217,557,2000-08
478,27,250,2000-08
479,414,250,2000-08
480,45,476,2000-08
481,217,476,2000-08
482,57,541,2000-08
483,414,541,2000-08
484,57,536,2000-08
485,217,536,2000-08
486,4,431,2000-08
487,414,431,2000-08
488,469,483,2000-08
489,603,483,2000-08
490,265,243,2000-08
491,414,243,2000-08
492,19,121,2000-08
493,115,121,2000-08
494,57,543,2000-08
495,430,543,2000-08
496,96,668,2000-08
497,217,668,2000-08
498,19,152,2000-08
499,587,152,2000-08
500,4,428,2000-08
501,19,428,2000-08
502,19,132,2000-08
503,27,132,2000-08
504,414,448,2000-08
505,469,448,2000-08
506,414,450,2000-08
507,571,450,2000-08
508,27,248,2000-08
509,217,248,2000-08
510,265,244,2000-08
511,603,244,2000-08
512,603,570,2000-08
513,607,570,2000-08
514,414,451,2000-08
515,603,451,2000-08
516,217,198,2000-08
517,469,198,2000-08
518,1,1,2000-08
519,414,1,2000-08
520,19,131,2000-08
521,265,131,2000-08
522,294,291,2000-08
523,603,291,2000-08
524,115,24,2000-08
525,603,24,2000-08
526,115,21,2000-08
527,265,21,2000-08
528,27,249,2000-08
529,294,249,2000-08
530,19,142,2000-08
531,469,142,2000-08
532,1,0,2000-08
533,19,0,2000-08
534,294,290,2000-08
535,469,290,2000-08
536,217,195,2000-08
537,414,195,2000-08
538,217,192,2000-08
539,294,192,2000-08
540,19,123,2000-08
541,199,123,2000-08
542,217,199,2000-08
543,587,199,2000-08
544,19,125,2000-08
545,217,125,2000-08
546,217,200,2000-08
547,603,200,2000-08
548,294,286,2000-08
549,333,286,2000-08
550,57,537,2000-08
551,265,537,2000-08
552,96,669,2000-08
553,603,669,2000-08
554,57,547,2000-08
555,603,547,2000-08
556,19,133,2000-08
557,294,133,2000-08
558,19,153,2000-08
559,603,153,2000-08
560,19,151,2000-08
561,571,151,2000-08
562,294,287,2000-08
563,414,287,2000-08
564,57,539,2000-08
565,294,539,2000-08
566,19,137,2000-08
567,333,137,2000-08
568,19,154,2000-08
569,607,154,2000-08
570,19,138,2000-08
571,414,138,2000-08
572,19,143,2000-08
573,57,143,2000-08
574,160,79,2001-02
575,202,79,2001-02
576,288,79,2001-02
577,368,79,2001-02
578,160,87,2001-02
579,288,87,2001-02
580,453,87,2001-02
581,57,533,2001-02
582,160,533,2001-02
583,368,533,2001-02
584,555,533,2001-02
585,160,83,2001-02
586,244,83,2001-02
587,368,83,2001-02
588,57,530,2001-02
589,160,530,2001-02
590,244,530,2001-02
591,160,86,2001-02
592,288,86,2001-02
593,368,86,2001-02
594,546,86,2001-02
595,57,535,2001-02
596,216,535,2001-02
597,288,280,2001-02
598,474,280,2001-02
599,115,23,2001-02
600,368,23,2001-02
601,368,374,2001-02
602,546,374,2001-02
603,474,490,2001-02
604,546,490,2001-02
605,57,531,2001-02
606,160,531,2001-02
607,288,531,2001-02
608,160,82,2001-02
609,244,82,2001-02
610,288,82,2001-02
611,160,90,2001-02
612,368,90,2001-02
613,555,90,2001-02
614,288,279,2001-02
615,368,279,2001-02
616,555,279,2001-02
617,57,534,2001-02
618,160,534,2001-02
619,453,534,2001-02
620,160,78,2001-02
621,202,78,2001-02
622,288,78,2001-02
623,160,88,2001-02
624,288,88,2001-02
625,546,88,2001-02
626,288,282,2001-02
627,546,282,2001-02
628,160,85,2001-02
629,288,85,2001-02
630,368,85,2001-02
631,57,532,2001-02
632,160,532,2001-02
633,368,532,2001-02
634,160,92,2001-02
635,453,92,2001-02
636,216,190,2001-02
637,288,190,2001-02
638,57,544,2001-02
639,453,544,2001-02
640,288,277,2001-02
641,292,277,2001-02
642,292,285,2001-02
643,546,285,2001-02
644,202,181,2001-02
645,555,181,2001-02
646,160,81,2001-02
647,244,81,2001-02
648,57,538,2001-02
649,288,538,2001-02
650,160,94,2001-02
651,546,94,2001-02
652,160,93,2001-02
653,474,93,2001-02
654,368,373,2001-02
655,474,373,2001-02
656,244,232,2001-02
657,368,232,2001-02
658,368,372,2001-02
659,453,372,2001-02
660,57,546,2001-02
661,474,546,2001-02
662,290,284,2001-02
663,555,284,2001-02
664,160,80,2001-02
665,216,80,2001-02
666,101,6,2001-02
667,160,6,2001-02
668,244,231,2001-02
669,288,231,2001-02
670,57,529,2001-02
671,160,529,2001-02
672,195,162,2001-02
673,368,162,2001-02
674,79,615,2001-02
675,160,615,2001-02
676,160,84,2001-02
677,288,84,2001-02
678,202,180,2001-02
679,288,180,2001-02
680,160,95,2001-02
681,555,95,2001-02
682,368,375,2001-02
683,555,375,2001-02
684,160,89,2001-02
685,368,89,2001-02
686,288,283,2001-02
687,555,283,2001-02
688,57,540,2001-02
689,368,540,2001-02
690,216,191,2001-02
691,555,191,2001-02
692,288,278,2001-02
693,368,278,2001-02
694,42,456,2001-08
695,384,456,2001-08
696,42,457,2001-08
697,422,457,2001-08
698,384,407,2001-08
699,474,407,2001-08
700,135,42,2002-02
701,234,42,2002-02
702,313,325,2002-08
703,392,325,2002-08
704,313,326,2002-08
705,448,326,2002-08
706,313,324,2002-08
707,391,324,2002-08
708,391,423,2002-08
709,448,423,2002-08
710,198,164,2003-02
711,325,164,2003-02
712,325,336,2003-02
713,391,336,2003-02
714,198,163,2003-02
715,312,163,2003-02
716,198,165,2003-02
717,391,165,2003-02
718,325,337,2003-02
719,448,337,2003-02
720,325,338,2003-02
721,479,338,2003-02
722,20,173,2003-08
723,182,173,2003-08
724,449,173,2003-08
725,182,114,2003-08
726,449,114,2003-08
727,20,177,2003-08
728,449,177,2003-08
729,20,174,2003-08
730,182,174,2003-08
731,474,174,2003-08
732,311,323,2003-08
733,474,323,2003-08
734,303,296,2003-08
735,311,296,2003-08
736,104,10,2003-08
737,182,10,2003-08
738,104,11,2003-08
739,474,11,2003-08
740,448,472,2003-08
741,474,472,2003-08
742,20,171,2003-08
743,104,171,2003-08
744,20,176,2003-08
745,448,176,2003-08
746,20,175,2003-08
747,275,175,2003-08
748,182,115,2003-08
749,474,115,2003-08
750,182,113,2003-08
751,448,113,2003-08
752,275,265,2003-08
753,474,265,2003-08
754,427,459,2003-08
755,474,459,2003-08
756,182,112,2003-08
757,427,112,2003-08
758,275,264,2003-08
759,427,264,2003-08
760,20,172,2003-08
761,182,172,2003-08
762,414,445,2003-08
763,427,445,2003-08
764,414,449,2003-08
765,474,449,2003-08
766,414,447,2003-08
767,448,447,2003-08
768,427,458,2003-08
769,448,458,2003-08
770,160,91,2004-02
771,414,91,2004-02
772,182,115,2004-02
773,474,115,2004-02
774,160,77,2004-02
775,182,77,2004-02
776,82,625,2004-08
777,425,625,2004-08
778,310,322,2004-08
779,474,322,2004-08
780,414,447,2004-08
781,448,447,2004-08
782,156,76,2005-02
783,387,76,2005-02
784,36,365,2005-02
785,387,365,2005-02
786,36,364,2005-02
787,260,364,2005-02
788,226,212,2005-02
789,387,212,2005-02
790,226,215,2005-02
791,438,215,2005-02
792,36,366,2005-02
793,438,366,2005-02
794,438,469,2005-02
795,448,469,2005-02
796,387,418,2005-02
797,438,418,2005-02
798,414,446,2005-02
799,438,446,2005-02
800,7,606,2005-02
801,226,606,2005-02
802,287,270,2005-08
803,316,270,2005-08
804,608,270,2005-08
805,194,161,2005-08
806,287,161,2005-08
807,287,272,2005-08
808,428,272,2005-08
809,608,272,2005-08
810,91,636,2005-08
811,287,636,2005-08
812,428,636,2005-08
813,91,643,2005-08
814,428,643,2005-08
815,502,643,2005-08
816,226,213,2005-08
817,428,213,2005-08
818,552,213,2005-08
819,608,213,2005-08
820,226,214,2005-08
821,428,214,2005-08
822,608,214,2005-08
823,221,207,2005-08
824,478,207,2005-08
825,91,647,2005-08
826,462,647,2005-08
827,478,647,2005-08
828,91,648,2005-08
829,462,648,2005-08
830,608,648,2005-08
831,91,653,2005-08
832,552,653,2005-08
833,608,653,2005-08
834,91,644,2005-08
835,428,644,2005-08
836,552,644,2005-08
837,91,637,2005-08
838,287,637,2005-08
839,478,637,2005-08
840,91,649,2005-08
841,478,649,2005-08
842,287,274,2005-08
843,488,274,2005-08
844,608,274,2005-08
845,226,216,2005-08
846,552,216,2005-08
847,91,645,2005-08
848,428,645,2005-08
849,608,645,2005-08
850,91,638,2005-08
851,287,638,2005-08
852,608,638,2005-08
853,91,641,2005-08
854,316,641,2005-08
855,608,641,2005-08
856,286,269,2005-08
857,608,269,2005-08
858,316,333,2005-08
859,428,333,2005-08
860,608,333,2005-08
861,428,463,2005-08
862,552,463,2005-08
863,608,463,2005-08
864,226,215,2005-08
865,438,215,2005-08
866,226,211,2005-08
867,287,211,2005-08
868,91,640,2005-08
869,316,640,2005-08
870,428,640,2005-08
871,91,639,2005-08
872,316,639,2005-08
873,428,461,2005-08
874,448,461,2005-08
875,608,461,2005-08
876,448,475,2005-08
877,608,475,2005-08
878,91,651,2005-08
879,502,651,2005-08
880,316,332,2005-08
881,428,332,2005-08
882,226,217,2005-08
883,608,217,2005-08
884,396,427,2005-08
885,608,427,2005-08
886,287,275,2005-08
887,552,275,2005-08
888,91,650,2005-08
889,488,650,2005-08
890,462,480,2005-08
891,608,480,2005-08
892,387,417,2005-08
893,428,417,2005-08
894,478,491,2005-08
895,608,491,2005-08
896,396,425,2005-08
897,428,425,2005-08
898,396,426,2005-08
899,502,426,2005-08
900,428,460,2005-08
901,448,460,2005-08
902,66,584,2005-08
903,608,584,2005-08
904,91,642,2005-08
905,428,642,2005-08
906,316,334,2005-08
907,608,334,2005-08
908,221,208,2005-08
909,608,208,2005-08
910,221,206,2005-08
911,428,206,2005-08
912,287,276,2005-08
913,608,276,2005-08
914,287,273,2005-08
915,462,273,2005-08
916,387,420,2005-08
917,552,420,2005-08
918,462,479,2005-08
919,478,479,2005-08
920,488,502,2005-08
921,608,502,2005-08
922,552,524,2005-08
923,608,524,2005-08
924,428,462,2005-08
925,552,462,2005-08
926,387,421,2005-08
927,608,421,2005-08
928,91,654,2005-08
929,608,654,2005-08
930,287,271,2005-08
931,428,271,2005-08
932,91,635,2005-08
933,287,635,2005-08
934,91,652,2005-08
935,552,652,2005-08
936,428,464,2005-08
937,608,464,2005-08
938,502,513,2005-08
939,608,513,2005-08
940,91,646,2005-08
941,462,646,2005-08
942,7,605,2005-08
943,182,605,2005-08
944,34,350,2007-02
945,187,350,2007-02
946,606,350,2007-02
947,34,355,2007-02
948,68,355,2007-02
949,132,355,2007-02
950,187,117,2007-02
951,309,117,2007-02
952,606,117,2007-02
953,187,120,2007-02
954,606,120,2007-02
955,542,523,2007-02
956,606,523,2007-02
957,68,587,2007-02
958,132,587,2007-02
959,274,587,2007-02
960,68,597,2007-02
961,381,597,2007-02
962,606,597,2007-02
963,34,349,2007-02
964,187,349,2007-02
965,274,349,2007-02
966,34,348,2007-02
967,187,348,2007-02
968,68,594,2007-02
969,274,594,2007-02
970,580,594,2007-02
971,68,588,2007-02
972,132,588,2007-02
973,381,588,2007-02
974,68,590,2007-02
975,187,590,2007-02
976,381,590,2007-02
977,381,404,2007-02
978,580,404,2007-02
979,64,583,2007-02
980,68,583,2007-02
981,274,583,2007-02
982,64,580,2007-02
983,542,580,2007-02
984,132,39,2007-02
985,580,39,2007-02
986,132,33,2007-02
987,274,33,2007-02
988,381,33,2007-02
989,132,36,2007-02
990,381,36,2007-02
991,274,255,2007-02
992,370,255,2007-02
993,34,353,2007-02
994,606,353,2007-02
995,381,405,2007-02
996,606,405,2007-02
997,68,593,2007-02
998,274,593,2007-02
999,381,593,2007-02
1000,34,354,2007-02
1001,68,354,2007-02
1002,64,581,2007-02
1003,580,581,2007-02
1004,132,31,2007-02
1005,187,31,2007-02
1006,68,595,2007-02
1007,370,595,2007-02
1008,64,582,2007-02
1009,68,582,2007-02
1010,132,35,2007-02
1011,370,35,2007-02
1012,132,40,2007-02
1013,606,40,2007-02
1014,68,600,2007-02
1015,580,600,2007-02
1016,64,578,2007-02
1017,132,578,2007-02
1018,274,259,2007-02
1019,473,259,2007-02
1020,34,347,2007-02
1021,132,347,2007-02
1022,274,261,2007-02
1023,542,261,2007-02
1024,132,32,2007-02
1025,274,32,2007-02
1026,381,402,2007-02
1027,473,402,2007-02
1028,187,116,2007-02
1029,274,116,2007-02
1030,68,586,2007-02
1031,132,586,2007-02
1032,64,579,2007-02
1033,381,579,2007-02
1034,68,603,2007-02
1035,606,603,2007-02
1036,34,351,2007-02
1037,274,351,2007-02
1038,68,585,2007-02
1039,129,585,2007-02
1040,132,38,2007-02
1041,542,38,2007-02
1042,226,210,2007-02
1043,274,210,2007-02
1044,187,118,2007-02
1045,381,118,2007-02
1046,381,403,2007-02
1047,542,403,2007-02
1048,274,263,2007-02
1049,606,263,2007-02
1050,68,604,2007-02
1051,75,604,2007-02
1052,68,598,2007-02
1053,387,598,2007-02
1054,274,256,2007-02
1055,381,256,2007-02
1056,7,607,2007-02
1057,274,607,2007-02
1058,75,609,2007-02
1059,381,609,2007-02
1060,68,591,2007-02
1061,226,591,2007-02
1062,68,596,2007-02
1063,381,596,2007-02
1064,34,352,2007-02
1065,381,352,2007-02
1066,68,599,2007-02
1067,542,599,2007-02
1068,274,262,2007-02
1069,580,262,2007-02
1070,274,258,2007-02
1071,448,258,2007-02
1072,274,257,2007-02
1073,414,257,2007-02
1074,232,220,2007-02
1075,274,220,2007-02
1076,68,592,2007-02
1077,274,592,2007-02
1078,307,308,2007-08
1079,480,308,2007-08
1080,483,308,2007-08
1081,570,308,2007-08
1082,307,310,2007-08
1083,480,310,2007-08
1084,570,310,2007-08
1085,573,310,2007-08
1086,307,304,2007-08
1087,416,304,2007-08
1088,483,304,2007-08
1089,307,307,2007-08
1090,480,307,2007-08
1091,483,307,2007-08
1092,480,493,2007-08
1093,483,493,2007-08
1094,570,493,2007-08
1095,307,312,2007-08
1096,483,312,2007-08
1097,570,312,2007-08
1098,307,313,2007-08
1099,483,313,2007-08
1100,573,313,2007-08
1101,307,316,2007-08
1102,573,316,2007-08
1103,187,119,2007-08
1104,593,119,2007-08
1105,480,496,2007-08
1106,593,496,2007-08
1107,307,318,2007-08
1108,593,318,2007-08
1109,606,318,2007-08
1110,307,309,2007-08
1111,480,309,2007-08
1112,570,309,2007-08
1113,274,254,2007-08
1114,307,254,2007-08
1115,480,254,2007-08
1116,274,263,2007-08
1117,606,263,2007-08
1118,307,314,2007-08
1119,483,314,2007-08
1120,593,314,2007-08
1121,416,454,2007-08
1122,483,454,2007-08
1123,232,222,2007-08
1124,307,222,2007-08
1125,480,222,2007-08
1126,232,220,2007-08
1127,274,220,2007-08
1128,307,315,2007-08
1129,570,315,2007-08
1130,480,494,2007-08
1131,570,494,2007-08
1132,307,317,2007-08
1133,593,317,2007-08
1134,483,498,2007-08
1135,570,498,2007-08
1136,570,548,2007-08
1137,593,548,2007-08
1138,132,37,2007-08
1139,480,37,2007-08
1140,132,34,2007-08
1141,307,34,2007-08
1142,232,224,2007-08
1143,480,224,2007-08
1144,307,303,2007-08
1145,416,303,2007-08
1146,416,453,2007-08
1147,480,453,2007-08
1148,307,311,2007-08
1149,483,311,2007-08
1150,254,236,2007-08
1151,307,236,2007-08
1152,416,455,2007-08
1153,593,455,2007-08
1154,307,302,2007-08
1155,387,302,2007-08
1156,480,492,2007-08
1157,483,492,2007-08
1158,480,495,2007-08
1159,573,495,2007-08
1160,307,319,2007-08
1161,606,319,2007-08
1162,274,260,2007-08
1163,480,260,2007-08
1164,448,473,2007-08
1165,480,473,2007-08
1166,387,419,2007-08
1167,480,419,2007-08
1168,288,281,2007-08
1169,480,281,2007-08
1170,232,221,2007-08
1171,307,221,2007-08
1172,307,305,2007-08
1173,448,305,2007-08
1174,307,306,2007-08
1175,480,306,2007-08
1176,480,497,2007-08
1177,606,497,2007-08
1178,274,253,2007-08
1179,307,253,2007-08
1180,230,219,2008-02
1181,361,219,2008-02
1182,219,202,2008-02
1183,230,202,2008-02
1184,230,218,2008-02
1185,307,218,2008-02
1186,166,96,2008-02
1187,219,96,2008-02
1188,219,205,2008-02
1189,477,205,2008-02
1190,219,203,2008-02
1191,354,203,2008-02
1192,219,201,2008-02
1193,226,201,2008-02
1194,219,204,2008-02
1195,448,204,2008-02
1196,414,447,2008-08
1197,448,447,2008-08
1198,232,223,2008-08
1199,414,223,2008-08
1200,51,514,2009-02
1201,271,514,2009-02
1202,200,178,2009-02
1203,223,178,2009-02
1204,28,266,2009-02
1205,51,266,2009-02
1206,138,55,2009-02
1207,271,55,2009-02
1208,200,179,2009-02
1209,448,179,2009-02
1210,390,422,2009-08
1211,600,422,2009-08
1212,369,376,2009-08
1213,600,376,2009-08
1214,68,602,2009-08
1215,600,602,2009-08
1216,28,267,2009-08
1217,600,267,2009-08
1218,335,346,2010-02
1219,590,346,2010-02
1220,68,601,2010-02
1221,590,601,2010-02
1222,434,467,2010-08
1223,605,467,2010-08
1224,232,223,2010-08
1225,414,223,2010-08
1226,330,345,2011-02
1227,464,345,2011-02
1228,432,466,2012-02
1229,520,466,2012-02
1230,432,465,2012-02
1231,490,465,2012-02
1232,442,470,2012-08
1233,489,470,2012-08
1234,377,384,2012-08
1235,489,384,2012-08
1236,116,25,2012-08
1237,489,25,2012-08
1238,484,499,2012-08
1239,489,499,2012-08
1240,83,626,2012-08
1241,489,626,2012-08
1242,246,233,2013-02
1243,332,233,2013-02
1244,222,209,2014-02
1245,448,209,2014-02
1246,237,230,2015-02
1247,308,230,2015-02
1248,308,320,2015-02
1249,323,320,2015-02
1250,21,184,2015-02
1251,308,184,2015-02
1252,21,185,2015-02
1253,323,185,2015-02
1254,76,613,2015-08
1255,497,613,2015-08
1256,76,611,2015-08
1257,193,611,2015-08
1258,76,610,2015-08
1259,177,610,2015-08
1260,21,183,2015-08
1261,177,183,2015-08
1262,177,97,2015-08
1263,249,97,2015-08
1264,103,9,2015-08
1265,177,9,2015-08
1266,177,100,2015-08
1267,497,100,2015-08
1268,76,612,2015-08
1269,317,612,2015-08
1270,177,99,2015-08
1271,466,99,2015-08
1272,76,614,2015-08
1273,509,614,2015-08
1274,317,335,2015-08
1275,509,335,2015-08
1276,487,501,2015-08
1277,497,501,2015-08
1278,177,98,2015-08
1279,393,98,2015-08
1280,177,101,2015-08
1281,509,101,2015-08
1282,18,103,2016-02
1283,139,103,2016-02
1284,298,103,2016-02
1285,63,574,2016-02
1286,139,574,2016-02
1287,298,574,2016-02
1288,10,5,2016-02
1289,298,5,2016-02
1290,563,5,2016-02
1291,18,105,2016-02
1292,63,105,2016-02
1293,10,3,2016-02
1294,21,3,2016-02
1295,63,575,2016-02
1296,143,575,2016-02
1297,63,577,2016-02
1298,426,577,2016-02
1299,298,294,2016-02
1300,445,294,2016-02
1301,105,12,2016-02
1302,298,12,2016-02
1303,143,65,2016-02
1304,298,65,2016-02
1305,256,237,2016-02
1306,298,237,2016-02
1307,63,576,2016-02
1308,298,576,2016-02
1309,63,573,2016-02
1310,139,573,2016-02
1311,18,102,2016-02
1312,139,102,2016-02
1313,298,293,2016-02
1314,426,293,2016-02
1315,298,295,2016-02
1316,563,295,2016-02
1317,139,58,2016-02
1318,426,58,2016-02
1319,10,4,2016-02
1320,298,4,2016-02
1321,139,56,2016-02
1322,143,56,2016-02
1323,2,170,2016-02
1324,298,170,2016-02
1325,18,104,2016-02
1326,298,104,2016-02
1327,139,57,2016-02
1328,298,57,2016-02
1329,139,59,2016-02
1330,582,59,2016-02
1331,10,2,2016-02
1332,139,2,2016-02
1333,41,437,2016-08
1334,247,437,2016-08
1335,41,439,2016-08
1336,424,439,2016-08
1337,495,504,2016-08
1338,560,504,2016-08
1339,305,299,2016-08
1340,495,299,2016-08
1341,534,520,2016-08
1342,560,520,2016-08
1343,495,503,2016-08
1344,534,503,2016-08
1345,305,300,2016-08
1346,534,300,2016-08
1347,41,440,2016-08
1348,73,440,2016-08
1349,305,298,2016-08
1350,339,298,2016-08
1351,247,234,2016-08
1352,305,234,2016-08
1353,448,474,2016-08
1354,534,474,2016-08
1355,41,438,2016-08
1356,339,438,2016-08
1357,73,608,2016-08
1358,298,608,2016-08
1359,413,444,2017-02
1360,517,444,2017-02
1361,517,516,2017-02
1362,525,516,2017-02
1363,125,28,2017-02
1364,517,28,2017-02
1365,525,519,2017-02
1366,564,519,2017-02
1367,47,484,2017-08
1368,212,484,2017-08
1369,365,484,2017-08
1370,328,342,2017-08
1371,561,342,2017-08
1372,599,342,2017-08
1373,380,400,2017-08
1374,599,400,2017-08
1375,610,400,2017-08
1376,352,357,2017-08
1377,365,357,2017-08
1378,305,297,2017-08
1379,328,297,2017-08
1380,363,367,2017-08
1381,599,367,2017-08
1382,328,340,2017-08
1383,517,340,2017-08
1384,47,486,2017-08
1385,352,486,2017-08
1386,212,186,2017-08
1387,328,186,2017-08
1388,47,488,2017-08
1389,561,488,2017-08
1390,365,371,2017-08
1391,610,371,2017-08
1392,365,368,2017-08
1393,517,368,2017-08
1394,365,369,2017-08
1395,561,369,2017-08
1396,517,517,2017-08
1397,599,517,2017-08
1398,380,398,2017-08
1399,561,398,2017-08
1400,352,360,2017-08
1401,610,360,2017-08
1402,400,436,2017-08
1403,561,436,2017-08
1404,328,343,2017-08
1405,599,343,2017-08
1406,47,489,2017-08
1407,599,489,2017-08
1408,328,339,2017-08
1409,365,339,2017-08
1410,47,485,2017-08
1411,328,485,2017-08
1412,352,359,2017-08
1413,599,359,2017-08
1414,328,341,2017-08
1415,561,341,2017-08
1416,599,559,2017-08
1417,610,559,2017-08
1418,380,397,2017-08
1419,517,397,2017-08
1420,47,487,2017-08
1421,365,487,2017-08
1422,365,370,2017-08
1423,599,370,2017-08
1424,212,187,2017-08
1425,365,187,2017-08
1426,212,189,2017-08
1427,599,189,2017-08
1428,380,401,2017-08
1429,610,401,2017-08
1430,561,527,2017-08
1431,610,527,2017-08
1432,352,358,2017-08
1433,561,358,2017-08
1434,561,526,2017-08
1435,599,526,2017-08
1436,414,452,2017-08
1437,610,452,2017-08
1438,380,399,2017-08
1439,599,399,2017-08
1440,111,16,2018-02
1441,279,16,2018-02
1442,111,18,2018-02
1443,461,18,2018-02
1444,111,17,2018-02
1445,282,17,2018-02
1446,382,406,2018-02
1447,599,406,2018-02
1448,111,15,2018-02
1449,159,15,2018-02
1450,15,66,2018-02
1451,111,66,2018-02
1452,111,19,2018-02
1453,599,19,2018-02
1454,111,14,2018-02
1455,141,14,2018-02
1456,50,508,2018-02
1457,141,508,2018-02
1458,50,510,2018-02
1459,461,510,2018-02
1460,15,67,2018-02
1461,50,67,2018-02
1462,50,507,2018-02
1463,111,507,2018-02
1464,89,632,2018-08
1465,338,632,2018-08
1466,62,572,2018-08
1467,98,572,2018-08
1468,89,629,2018-08
1469,153,629,2018-08
1470,567,629,2018-08
1471,248,235,2018-08
1472,338,235,2018-08
1473,153,73,2018-08
1474,586,73,2018-08
1475,153,70,2018-08
1476,329,70,2018-08
1477,329,344,2018-08
1478,567,344,2018-08
1479,153,69,2018-08
1480,272,69,2018-08
1481,89,631,2018-08
1482,329,631,2018-08
1483,153,71,2018-08
1484,514,71,2018-08
1485,89,634,2018-08
1486,596,634,2018-08
1487,153,74,2018-08
1488,596,74,2018-08
1489,50,512,2018-08
1490,89,512,2018-08
1491,89,628,2018-08
1492,153,628,2018-08
1493,98,671,2018-08
1494,567,671,2018-08
1495,98,670,2018-08
1496,153,670,2018-08
1497,89,633,2018-08
1498,567,633,2018-08
1499,68,589,2018-08
1500,153,589,2018-08
1501,89,630,2018-08
1502,233,630,2018-08
1503,305,301,2018-08
1504,567,301,2018-08
1505,50,509,2018-08
1506,153,509,2018-08
1507,514,515,2018-08
1508,567,515,2018-08
1509,567,528,2018-08
1510,596,528,2018-08
1511,62,571,2018-08
1512,567,571,2018-08
1513,50,511,2018-08
1514,567,511,2018-08
1515,153,72,2018-08
1516,567,72,2018-08
1517,296,292,2018-08
1518,567,292,2018-08
1519,212,188,2018-08
1520,567,188,2018-08
1521,153,68,2018-08
1522,233,68,2018-08
