,user_id,group_id,period
0,38,150,1996-08
1,107,150,1996-08
2,109,150,1996-08
3,130,150,1996-08
4,176,150,1996-08
5,179,150,1996-08
6,229,150,1996-08
7,447,150,1996-08
8,486,150,1996-08
9,498,150,1996-08
10,512,150,1996-08
11,574,150,1996-08
12,588,150,1996-08
13,602,150,1996-08
14,109,27,1996-08
15,179,27,1996-08
16,284,27,1996-08
17,486,27,1996-08
18,498,27,1996-08
19,512,27,1996-08
20,536,27,1996-08
21,541,27,1996-08
22,584,27,1996-08
23,592,27,1996-08
24,109,25,1996-08
25,162,25,1996-08
26,179,25,1996-08
27,455,25,1996-08
28,476,25,1996-08
29,486,25,1996-08
30,498,25,1996-08
31,512,25,1996-08
32,109,28,1996-08
33,179,28,1996-08
34,486,28,1996-08
35,498,28,1996-08
36,512,28,1996-08
37,46,179,1996-08
38,134,179,1996-08
39,176,179,1996-08
40,512,179,1996-08
41,574,179,1996-08
42,588,179,1996-08
43,592,179,1996-08
44,602,179,1996-08
45,176,60,1996-08
46,353,60,1996-08
47,455,60,1996-08
48,512,60,1996-08
49,574,60,1996-08
50,588,60,1996-08
51,602,60,1996-08
52,176,63,1996-08
53,512,63,1996-08
54,574,63,1996-08
55,588,63,1996-08
56,602,63,1996-08
57,56,214,1996-08
58,235,214,1996-08
59,349,214,1996-08
60,411,214,1996-08
61,444,214,1996-08
62,455,214,1996-08
63,485,214,1996-08
64,512,214,1996-08
65,592,214,1996-08
66,107,24,1996-08
67,229,24,1996-08
68,486,24,1996-08
69,498,24,1996-08
70,536,24,1996-08
71,584,24,1996-08
72,592,24,1996-08
73,40,163,1996-08
74,99,163,1996-08
75,107,163,1996-08
76,229,163,1996-08
77,385,163,1996-08
78,486,163,1996-08
79,498,163,1996-08
80,192,103,1996-08
81,235,103,1996-08
82,411,103,1996-08
83,485,103,1996-08
84,486,103,1996-08
85,498,103,1996-08
86,536,103,1996-08
87,584,103,1996-08
88,592,103,1996-08
89,486,196,1996-08
90,498,196,1996-08
91,536,196,1996-08
92,584,196,1996-08
93,592,196,1996-08
94,142,44,1996-08
95,235,44,1996-08
96,411,44,1996-08
97,485,44,1996-08
98,592,44,1996-08
99,40,164,1996-08
100,99,164,1996-08
101,109,164,1996-08
102,229,164,1996-08
103,353,164,1996-08
104,447,164,1996-08
105,486,164,1996-08
106,512,164,1996-08
107,588,164,1996-08
108,602,164,1996-08
109,109,29,1996-08
110,229,29,1996-08
111,447,29,1996-08
112,486,29,1996-08
113,512,29,1996-08
114,588,29,1996-08
115,602,29,1996-08
116,102,18,1996-08
117,109,18,1996-08
118,411,18,1996-08
119,444,18,1996-08
120,486,18,1996-08
121,512,18,1996-08
122,142,45,1996-08
123,242,45,1996-08
124,353,45,1996-08
125,411,45,1996-08
126,444,45,1996-08
127,512,45,1996-08
128,588,45,1996-08
129,602,45,1996-08
130,604,45,1996-08
131,40,165,1996-08
132,99,165,1996-08
133,142,165,1996-08
134,229,165,1996-08
135,411,165,1996-08
136,486,165,1996-08
137,38,153,1996-08
138,46,153,1996-08
139,136,153,1996-08
140,176,153,1996-08
141,229,153,1996-08
142,486,153,1996-08
143,498,153,1996-08
144,512,153,1996-08
145,541,153,1996-08
146,588,153,1996-08
147,592,153,1996-08
148,602,153,1996-08
149,38,151,1996-08
150,176,151,1996-08
151,229,151,1996-08
152,353,151,1996-08
153,476,151,1996-08
154,486,151,1996-08
155,498,151,1996-08
156,512,151,1996-08
157,588,151,1996-08
158,602,151,1996-08
159,38,152,1996-08
160,176,152,1996-08
161,229,152,1996-08
162,486,152,1996-08
163,498,152,1996-08
164,512,152,1996-08
165,588,152,1996-08
166,602,152,1996-08
167,476,194,1996-08
168,486,194,1996-08
169,498,194,1996-08
170,512,194,1996-08
171,541,194,1996-08
172,592,194,1996-08
173,486,195,1996-08
174,498,195,1996-08
175,512,195,1996-08
176,541,195,1996-08
177,592,195,1996-08
178,46,185,1996-08
179,176,185,1996-08
180,242,185,1996-08
181,353,185,1996-08
182,512,185,1996-08
183,588,185,1996-08
184,592,185,1996-08
185,602,185,1996-08
186,46,186,1996-08
187,176,186,1996-08
188,512,186,1996-08
189,588,186,1996-08
190,592,186,1996-08
191,602,186,1996-08
192,176,62,1996-08
193,353,62,1996-08
194,512,62,1996-08
195,588,62,1996-08
196,602,62,1996-08
197,229,112,1996-08
198,242,112,1996-08
199,353,112,1996-08
200,486,112,1996-08
201,512,112,1996-08
202,588,112,1996-08
203,602,112,1996-08
204,229,113,1996-08
205,353,113,1996-08
206,486,113,1996-08
207,512,113,1996-08
208,588,113,1996-08
209,602,113,1996-08
210,229,115,1996-08
211,486,115,1996-08
212,512,115,1996-08
213,588,115,1996-08
214,602,115,1996-08
215,242,119,1996-08
216,353,119,1996-08
217,512,119,1996-08
218,588,119,1996-08
219,602,119,1996-08
220,38,154,1996-08
221,46,154,1996-08
222,394,154,1996-08
223,512,154,1996-08
224,541,154,1996-08
225,588,154,1996-08
226,602,154,1996-08
227,8,266,1996-08
228,38,266,1996-08
229,512,266,1996-08
230,588,266,1996-08
231,602,266,1996-08
232,46,184,1996-08
233,142,184,1996-08
234,444,184,1996-08
235,512,184,1996-08
236,588,184,1996-08
237,602,184,1996-08
238,142,42,1996-08
239,191,42,1996-08
240,444,42,1996-08
241,512,42,1996-08
242,588,42,1996-08
243,602,42,1996-08
244,142,48,1996-08
245,444,48,1996-08
246,512,48,1996-08
247,588,48,1996-08
248,602,48,1996-08
249,38,155,1996-08
250,46,155,1996-08
251,512,155,1996-08
252,541,155,1996-08
253,588,155,1996-08
254,602,155,1996-08
255,8,265,1996-08
256,38,265,1996-08
257,162,265,1996-08
258,314,265,1996-08
259,455,265,1996-08
260,512,265,1996-08
261,602,265,1996-08
262,162,51,1996-08
263,235,51,1996-08
264,411,51,1996-08
265,444,51,1996-08
266,455,51,1996-08
267,512,51,1996-08
268,536,51,1996-08
269,142,43,1996-08
270,235,43,1996-08
271,411,43,1996-08
272,444,43,1996-08
273,455,43,1996-08
274,512,43,1996-08
275,602,43,1996-08
276,235,116,1996-08
277,411,116,1996-08
278,444,116,1996-08
279,455,116,1996-08
280,512,116,1996-08
281,142,46,1996-08
282,411,46,1996-08
283,444,46,1996-08
284,512,46,1996-08
285,602,46,1996-08
286,8,264,1996-08
287,38,264,1996-08
288,142,264,1996-08
289,444,264,1996-08
290,512,264,1996-08
291,602,264,1996-08
292,14,41,1996-08
293,136,41,1996-08
294,176,41,1996-08
295,512,41,1996-08
296,574,41,1996-08
297,584,41,1996-08
298,602,41,1996-08
299,56,212,1996-08
300,176,212,1996-08
301,242,212,1996-08
302,353,212,1996-08
303,512,212,1996-08
304,574,212,1996-08
305,602,212,1996-08
306,176,61,1996-08
307,353,61,1996-08
308,512,61,1996-08
309,574,61,1996-08
310,602,61,1996-08
311,102,19,1996-08
312,242,19,1996-08
313,353,19,1996-08
314,512,19,1996-08
315,602,19,1996-08
316,136,37,1996-08
317,176,37,1996-08
318,242,37,1996-08
319,353,37,1996-08
320,512,37,1996-08
321,602,37,1996-08
322,176,59,1996-08
323,242,59,1996-08
324,353,59,1996-08
325,512,59,1996-08
326,602,59,1996-08
327,46,189,1996-08
328,284,189,1996-08
329,447,189,1996-08
330,498,189,1996-08
331,574,189,1996-08
332,588,189,1996-08
333,592,189,1996-08
334,99,280,1996-08
335,447,280,1996-08
336,476,280,1996-08
337,498,280,1996-08
338,574,280,1996-08
339,588,280,1996-08
340,46,183,1996-08
341,142,183,1996-08
342,273,183,1996-08
343,574,183,1996-08
344,588,183,1996-08
345,592,183,1996-08
346,99,276,1996-08
347,142,276,1996-08
348,429,276,1996-08
349,498,276,1996-08
350,592,276,1996-08
351,46,190,1996-08
352,476,190,1996-08
353,498,190,1996-08
354,588,190,1996-08
355,592,190,1996-08
356,176,53,1996-08
357,179,53,1996-08
358,229,53,1996-08
359,284,53,1996-08
360,486,53,1996-08
361,584,53,1996-08
362,592,53,1996-08
363,602,53,1996-08
364,176,54,1996-08
365,179,54,1996-08
366,229,54,1996-08
367,314,54,1996-08
368,385,54,1996-08
369,476,54,1996-08
370,486,54,1996-08
371,602,54,1996-08
372,176,55,1996-08
373,179,55,1996-08
374,229,55,1996-08
375,486,55,1996-08
376,602,55,1996-08
377,179,69,1996-08
378,284,69,1996-08
379,476,69,1996-08
380,486,69,1996-08
381,584,69,1996-08
382,592,69,1996-08
383,179,70,1996-08
384,284,70,1996-08
385,486,70,1996-08
386,584,70,1996-08
387,592,70,1996-08
388,229,114,1996-08
389,385,114,1996-08
390,486,114,1996-08
391,584,114,1996-08
392,592,114,1996-08
393,176,56,1996-08
394,229,56,1996-08
395,476,56,1996-08
396,486,56,1996-08
397,592,56,1996-08
398,602,56,1996-08
399,176,58,1996-08
400,229,58,1996-08
401,486,58,1996-08
402,592,58,1996-08
403,602,58,1996-08
404,176,57,1996-08
405,229,57,1996-08
406,476,57,1996-08
407,486,57,1996-08
408,602,57,1996-08
409,46,178,1996-08
410,107,178,1996-08
411,134,178,1996-08
412,541,178,1996-08
413,584,178,1996-08
414,411,168,1996-08
415,476,168,1996-08
416,485,168,1996-08
417,541,168,1996-08
418,584,168,1996-08
419,35,146,1996-08
420,107,146,1996-08
421,411,146,1996-08
422,429,146,1996-08
423,468,146,1996-08
424,485,146,1996-08
425,584,146,1996-08
426,40,161,1996-08
427,107,161,1996-08
428,109,161,1996-08
429,162,161,1996-08
430,498,161,1996-08
431,109,26,1996-08
432,162,26,1996-08
433,235,26,1996-08
434,411,26,1996-08
435,498,26,1996-08
436,35,148,1996-08
437,40,148,1996-08
438,107,148,1996-08
439,235,148,1996-08
440,411,148,1996-08
441,498,148,1996-08
442,179,71,1996-08
443,485,71,1996-08
444,486,71,1996-08
445,498,71,1996-08
446,541,71,1996-08
447,584,71,1996-08
448,179,72,1996-08
449,486,72,1996-08
450,498,72,1996-08
451,541,72,1996-08
452,584,72,1996-08
453,142,47,1996-08
454,429,47,1996-08
455,485,47,1996-08
456,486,47,1996-08
457,498,47,1996-08
458,584,47,1996-08
459,136,40,1996-08
460,498,40,1996-08
461,536,40,1996-08
462,541,40,1996-08
463,584,40,1996-08
464,192,104,1996-08
465,349,104,1996-08
466,485,104,1996-08
467,498,104,1996-08
468,536,104,1996-08
469,541,104,1996-08
470,584,104,1996-08
471,99,279,1996-08
472,192,279,1996-08
473,485,279,1996-08
474,498,279,1996-08
475,536,279,1996-08
476,584,279,1996-08
477,192,106,1996-08
478,485,106,1996-08
479,498,106,1996-08
480,536,106,1996-08
481,584,106,1996-08
482,46,182,1996-08
483,136,182,1996-08
484,498,182,1996-08
485,584,182,1996-08
486,592,182,1996-08
487,56,215,1996-08
488,235,215,1996-08
489,498,215,1996-08
490,584,215,1996-08
491,592,215,1996-08
492,46,191,1996-08
493,56,191,1996-08
494,235,191,1996-08
495,273,191,1996-08
496,592,191,1996-08
497,40,162,1996-08
498,235,162,1996-08
499,498,162,1996-08
500,584,162,1996-08
501,592,162,1996-08
502,8,267,1996-08
503,40,267,1996-08
504,170,267,1996-08
505,179,267,1996-08
506,229,267,1996-08
507,353,267,1996-08
508,136,38,1996-08
509,284,38,1996-08
510,512,38,1996-08
511,584,38,1996-08
512,602,38,1996-08
513,136,39,1996-08
514,353,39,1996-08
515,512,39,1996-08
516,584,39,1996-08
517,602,39,1996-08
518,99,278,1996-08
519,192,278,1996-08
520,429,278,1996-08
521,485,278,1996-08
522,584,278,1996-08
523,592,278,1996-08
524,8,268,1996-08
525,46,268,1996-08
526,429,268,1996-08
527,485,268,1996-08
528,584,268,1996-08
529,46,180,1996-08
530,134,180,1996-08
531,235,180,1996-08
532,273,180,1996-08
533,592,180,1996-08
534,235,117,1996-08
535,429,117,1996-08
536,468,117,1996-08
537,584,117,1996-08
538,592,117,1996-08
539,46,188,1996-08
540,273,188,1996-08
541,429,188,1996-08
542,476,188,1996-08
543,592,188,1996-08
544,46,181,1996-08
545,134,181,1996-08
546,429,181,1996-08
547,468,181,1996-08
548,476,181,1996-08
549,584,181,1996-08
550,46,187,1996-08
551,235,187,1996-08
552,273,187,1996-08
553,584,187,1996-08
554,592,187,1996-08
555,40,160,1996-08
556,102,160,1996-08
557,191,160,1996-08
558,353,160,1996-08
559,588,160,1996-08
560,56,213,1996-08
561,192,213,1996-08
562,284,213,1996-08
563,411,213,1996-08
564,486,213,1996-08
565,541,213,1996-08
566,584,213,1996-08
567,592,213,1996-08
568,284,127,1996-08
569,486,127,1996-08
570,541,127,1996-08
571,584,127,1996-08
572,592,127,1996-08
573,192,105,1996-08
574,411,105,1996-08
575,486,105,1996-08
576,584,105,1996-08
577,592,105,1996-08
578,191,102,1996-08
579,242,102,1996-08
580,353,102,1996-08
581,486,102,1996-08
582,512,102,1996-08
583,179,68,1996-08
584,235,68,1996-08
585,284,68,1996-08
586,349,68,1996-08
587,584,68,1996-08
588,35,147,1996-08
589,192,147,1996-08
590,429,147,1996-08
591,485,147,1996-08
592,584,147,1996-08
593,8,263,1996-08
594,35,263,1996-08
595,429,263,1996-08
596,485,263,1996-08
597,584,263,1996-08
598,8,262,1996-08
599,192,262,1996-08
600,429,262,1996-08
601,485,262,1996-08
602,584,262,1996-08
603,46,192,1996-08
604,99,192,1996-08
605,429,192,1996-08
606,485,192,1996-08
607,584,192,1996-08
608,35,149,1996-08
609,99,149,1996-08
610,429,149,1996-08
611,498,149,1996-08
612,592,149,1996-08
613,46,193,1996-08
614,99,193,1996-08
615,429,193,1996-08
616,498,193,1996-08
617,592,193,1996-08
618,99,277,1996-08
619,191,277,1996-08
620,353,277,1996-08
621,447,277,1996-08
622,486,277,1996-08
623,6,234,1997-02
624,58,234,1997-02
625,94,234,1997-02
626,117,234,1997-02
627,340,234,1997-02
628,566,234,1997-02
629,6,228,1997-02
630,240,228,1997-02
631,379,228,1997-02
632,458,228,1997-02
633,470,228,1997-02
634,566,228,1997-02
635,6,231,1997-02
636,43,231,1997-02
637,379,231,1997-02
638,458,231,1997-02
639,530,231,1997-02
640,6,233,1997-02
641,58,233,1997-02
642,340,233,1997-02
643,379,233,1997-02
644,458,233,1997-02
645,5,197,1997-02
646,58,197,1997-02
647,373,197,1997-02
648,565,197,1997-02
649,589,197,1997-02
650,58,224,1997-02
651,117,224,1997-02
652,373,224,1997-02
653,566,224,1997-02
654,589,224,1997-02
655,6,232,1997-02
656,58,232,1997-02
657,126,232,1997-02
658,458,232,1997-02
659,524,232,1997-02
660,6,230,1997-02
661,43,230,1997-02
662,181,230,1997-02
663,458,230,1997-02
664,470,230,1997-02
665,530,230,1997-02
666,589,230,1997-02
667,6,229,1997-02
668,43,229,1997-02
669,174,229,1997-02
670,458,229,1997-02
671,530,229,1997-02
672,43,169,1997-02
673,174,169,1997-02
674,340,169,1997-02
675,379,169,1997-02
676,458,169,1997-02
677,524,169,1997-02
678,6,226,1997-02
679,174,226,1997-02
680,181,226,1997-02
681,458,226,1997-02
682,470,226,1997-02
683,32,137,1997-02
684,37,137,1997-02
685,373,137,1997-02
686,402,137,1997-02
687,589,137,1997-02
688,90,269,1997-02
689,206,269,1997-02
690,302,269,1997-02
691,451,269,1997-02
692,521,269,1997-02
693,6,227,1997-02
694,179,227,1997-02
695,240,227,1997-02
696,501,227,1997-02
697,544,227,1997-02
698,589,227,1997-02
699,44,170,1997-08
700,120,170,1997-08
701,276,170,1997-08
702,337,170,1997-08
703,437,170,1997-08
704,45,172,2000-02
705,140,172,2000-02
706,554,172,2000-02
707,572,172,2000-02
708,577,172,2000-02
709,597,172,2000-02
710,33,144,2000-02
711,93,144,2000-02
712,140,144,2000-02
713,554,144,2000-02
714,572,144,2000-02
715,577,144,2000-02
716,45,171,2000-02
717,115,171,2000-02
718,201,171,2000-02
719,554,171,2000-02
720,572,171,2000-02
721,597,171,2000-02
722,45,174,2000-02
723,268,174,2000-02
724,554,174,2000-02
725,572,174,2000-02
726,597,174,2000-02
727,45,176,2000-02
728,93,176,2000-02
729,201,176,2000-02
730,572,176,2000-02
731,577,176,2000-02
732,597,176,2000-02
733,33,141,2000-02
734,45,141,2000-02
735,93,141,2000-02
736,201,141,2000-02
737,577,141,2000-02
738,597,141,2000-02
739,45,177,2000-02
740,93,177,2000-02
741,201,177,2000-02
742,577,177,2000-02
743,597,177,2000-02
744,156,50,2000-02
745,412,50,2000-02
746,554,50,2000-02
747,572,50,2000-02
748,577,50,2000-02
749,33,140,2000-02
750,45,140,2000-02
751,201,140,2000-02
752,554,140,2000-02
753,572,140,2000-02
754,597,140,2000-02
755,45,173,2000-02
756,201,173,2000-02
757,554,173,2000-02
758,572,173,2000-02
759,597,173,2000-02
760,33,143,2000-02
761,45,143,2000-02
762,93,143,2000-02
763,572,143,2000-02
764,597,143,2000-02
765,33,142,2000-02
766,45,142,2000-02
767,93,142,2000-02
768,201,142,2000-02
769,597,142,2000-02
770,93,272,2000-02
771,115,272,2000-02
772,201,272,2000-02
773,577,272,2000-02
774,597,272,2000-02
775,4,159,2000-02
776,156,159,2000-02
777,554,159,2000-02
778,572,159,2000-02
779,577,159,2000-02
780,1,11,2000-08
781,57,11,2000-08
782,96,11,2000-08
783,217,11,2000-08
784,265,11,2000-08
785,267,11,2000-08
786,414,11,2000-08
787,1,6,2000-08
788,4,6,2000-08
789,414,6,2000-08
790,469,6,2000-08
791,603,6,2000-08
792,1,7,2000-08
793,4,7,2000-08
794,57,7,2000-08
795,414,7,2000-08
796,469,7,2000-08
797,1,1,2000-08
798,19,1,2000-08
799,27,1,2000-08
800,57,1,2000-08
801,267,1,2000-08
802,414,1,2000-08
803,57,216,2000-08
804,265,216,2000-08
805,267,216,2000-08
806,603,216,2000-08
807,607,216,2000-08
808,1,9,2000-08
809,57,9,2000-08
810,265,9,2000-08
811,267,9,2000-08
812,414,9,2000-08
813,1,2,2000-08
814,217,2,2000-08
815,265,2,2000-08
816,267,2,2000-08
817,414,2,2000-08
818,1,4,2000-08
819,4,4,2000-08
820,217,4,2000-08
821,414,4,2000-08
822,469,4,2000-08
823,1,5,2000-08
824,4,5,2000-08
825,267,5,2000-08
826,414,5,2000-08
827,469,5,2000-08
828,1,12,2000-08
829,57,12,2000-08
830,96,12,2000-08
831,414,12,2000-08
832,469,12,2000-08
833,603,12,2000-08
834,45,175,2000-08
835,57,175,2000-08
836,430,175,2000-08
837,469,175,2000-08
838,603,175,2000-08
839,1,15,2000-08
840,96,15,2000-08
841,414,15,2000-08
842,465,15,2000-08
843,469,15,2000-08
844,603,15,2000-08
845,1,16,2000-08
846,96,16,2000-08
847,414,16,2000-08
848,469,16,2000-08
849,603,16,2000-08
850,1,8,2000-08
851,414,8,2000-08
852,465,8,2000-08
853,469,8,2000-08
854,603,8,2000-08
855,1,0,2000-08
856,115,0,2000-08
857,265,0,2000-08
858,267,0,2000-08
859,414,0,2000-08
860,1,3,2000-08
861,265,3,2000-08
862,267,3,2000-08
863,414,3,2000-08
864,607,3,2000-08
865,57,219,2000-08
866,59,219,2000-08
867,414,219,2000-08
868,465,219,2000-08
869,469,219,2000-08
870,603,219,2000-08
871,57,222,2000-08
872,59,222,2000-08
873,465,222,2000-08
874,469,222,2000-08
875,603,222,2000-08
876,57,217,2000-08
877,414,217,2000-08
878,465,217,2000-08
879,469,217,2000-08
880,603,217,2000-08
881,57,221,2000-08
882,59,221,2000-08
883,414,221,2000-08
884,469,221,2000-08
885,603,221,2000-08
886,57,223,2000-08
887,59,223,2000-08
888,465,223,2000-08
889,603,223,2000-08
890,607,223,2000-08
891,57,220,2000-08
892,59,220,2000-08
893,414,220,2000-08
894,465,220,2000-08
895,603,220,2000-08
896,59,225,2000-08
897,414,225,2000-08
898,465,225,2000-08
899,469,225,2000-08
900,603,225,2000-08
901,96,275,2000-08
902,414,275,2000-08
903,469,275,2000-08
904,587,275,2000-08
905,603,275,2000-08
906,19,101,2000-08
907,57,101,2000-08
908,59,101,2000-08
909,188,101,2000-08
910,603,101,2000-08
911,1,10,2000-08
912,57,10,2000-08
913,414,10,2000-08
914,430,10,2000-08
915,469,10,2000-08
916,57,218,2000-08
917,59,218,2000-08
918,414,218,2000-08
919,465,218,2000-08
920,469,218,2000-08
921,1,14,2000-08
922,96,14,2000-08
923,217,14,2000-08
924,267,14,2000-08
925,414,14,2000-08
926,96,274,2000-08
927,414,274,2000-08
928,465,274,2000-08
929,469,274,2000-08
930,603,274,2000-08
931,1,13,2000-08
932,57,13,2000-08
933,96,13,2000-08
934,414,13,2000-08
935,587,13,2000-08
936,39,156,2001-02
937,160,156,2001-02
938,195,156,2001-02
939,290,156,2001-02
940,409,156,2001-02
941,39,158,2001-02
942,79,158,2001-02
943,288,158,2001-02
944,290,158,2001-02
945,450,158,2001-02
946,39,157,2001-02
947,79,157,2001-02
948,160,157,2001-02
949,555,157,2001-02
950,591,157,2001-02
951,95,273,2003-02
952,198,273,2003-02
953,312,273,2003-02
954,391,273,2003-02
955,527,273,2003-02
956,91,270,2005-08
957,221,270,2005-08
958,286,270,2005-08
959,336,270,2005-08
960,608,270,2005-08
961,91,271,2005-08
962,286,271,2005-08
963,336,271,2005-08
964,552,271,2005-08
965,608,271,2005-08
966,68,259,2007-02
967,129,259,2007-02
968,132,259,2007-02
969,399,259,2007-02
970,580,259,2007-02
971,606,259,2007-02
972,68,258,2007-02
973,129,258,2007-02
974,132,258,2007-02
975,178,258,2007-02
976,542,258,2007-02
977,580,258,2007-02
978,606,258,2007-02
979,68,260,2007-02
980,129,260,2007-02
981,132,260,2007-02
982,580,260,2007-02
983,606,260,2007-02
984,64,246,2007-02
985,178,246,2007-02
986,274,246,2007-02
987,370,246,2007-02
988,580,246,2007-02
989,606,246,2007-02
990,178,67,2007-02
991,381,67,2007-02
992,542,67,2007-02
993,580,67,2007-02
994,606,67,2007-02
995,178,65,2007-02
996,274,65,2007-02
997,542,65,2007-02
998,580,65,2007-02
999,606,65,2007-02
1000,64,248,2007-02
1001,178,248,2007-02
1002,274,248,2007-02
1003,513,248,2007-02
1004,580,248,2007-02
1005,64,247,2007-02
1006,178,247,2007-02
1007,274,247,2007-02
1008,381,247,2007-02
1009,542,247,2007-02
1010,580,247,2007-02
1011,64,249,2007-02
1012,178,249,2007-02
1013,274,249,2007-02
1014,542,249,2007-02
1015,580,249,2007-02
1016,64,243,2007-02
1017,129,243,2007-02
1018,187,243,2007-02
1019,370,243,2007-02
1020,399,243,2007-02
1021,580,243,2007-02
1022,606,243,2007-02
1023,64,252,2007-02
1024,187,252,2007-02
1025,370,252,2007-02
1026,399,252,2007-02
1027,580,252,2007-02
1028,606,252,2007-02
1029,64,245,2007-02
1030,178,245,2007-02
1031,187,245,2007-02
1032,370,245,2007-02
1033,606,245,2007-02
1034,64,253,2007-02
1035,68,253,2007-02
1036,129,253,2007-02
1037,187,253,2007-02
1038,370,253,2007-02
1039,606,253,2007-02
1040,64,244,2007-02
1041,129,244,2007-02
1042,187,244,2007-02
1043,370,244,2007-02
1044,606,244,2007-02
1045,178,64,2007-02
1046,187,64,2007-02
1047,370,64,2007-02
1048,580,64,2007-02
1049,606,64,2007-02
1050,178,66,2007-02
1051,370,66,2007-02
1052,381,66,2007-02
1053,580,66,2007-02
1054,606,66,2007-02
1055,129,36,2007-02
1056,132,36,2007-02
1057,274,36,2007-02
1058,580,36,2007-02
1059,606,36,2007-02
1060,64,251,2007-02
1061,178,251,2007-02
1062,399,251,2007-02
1063,580,251,2007-02
1064,606,251,2007-02
1065,64,250,2007-02
1066,178,250,2007-02
1067,370,250,2007-02
1068,580,250,2007-02
1069,606,250,2007-02
1070,34,145,2007-02
1071,132,145,2007-02
1072,274,145,2007-02
1073,580,145,2007-02
1074,606,145,2007-02
1075,110,30,2007-08
1076,254,30,2007-08
1077,480,30,2007-08
1078,540,30,2007-08
1079,573,30,2007-08
1080,166,52,2008-02
1081,219,52,2008-02
1082,278,52,2008-02
1083,343,52,2008-02
1084,354,52,2008-02
1085,220,111,2009-02
1086,239,111,2009-02
1087,318,111,2009-02
1088,327,111,2009-02
1089,356,111,2009-02
1090,375,111,2009-02
1091,200,107,2009-02
1092,220,107,2009-02
1093,223,107,2009-02
1094,239,107,2009-02
1095,356,107,2009-02
1096,18,100,2016-02
1097,63,100,2016-02
1098,105,100,2016-02
1099,511,100,2016-02
1100,581,100,2016-02
1101,601,100,2016-02
1102,18,90,2016-02
1103,227,90,2016-02
1104,441,90,2016-02
1105,445,90,2016-02
1106,511,90,2016-02
1107,601,90,2016-02
1108,18,91,2016-02
1109,256,91,2016-02
1110,511,91,2016-02
1111,557,91,2016-02
1112,601,91,2016-02
1113,18,77,2016-02
1114,105,77,2016-02
1115,366,77,2016-02
1116,441,77,2016-02
1117,445,77,2016-02
1118,511,77,2016-02
1119,581,77,2016-02
1120,601,77,2016-02
1121,18,76,2016-02
1122,105,76,2016-02
1123,233,76,2016-02
1124,256,76,2016-02
1125,378,76,2016-02
1126,18,83,2016-02
1127,112,83,2016-02
1128,366,83,2016-02
1129,378,83,2016-02
1130,441,83,2016-02
1131,445,83,2016-02
1132,511,83,2016-02
1133,581,83,2016-02
1134,601,83,2016-02
1135,18,92,2016-02
1136,366,92,2016-02
1137,441,92,2016-02
1138,445,92,2016-02
1139,511,92,2016-02
1140,581,92,2016-02
1141,601,92,2016-02
1142,18,85,2016-02
1143,112,85,2016-02
1144,441,85,2016-02
1145,445,85,2016-02
1146,511,85,2016-02
1147,601,85,2016-02
1148,18,96,2016-02
1149,441,96,2016-02
1150,445,96,2016-02
1151,511,96,2016-02
1152,601,96,2016-02
1153,18,88,2016-02
1154,123,88,2016-02
1155,366,88,2016-02
1156,511,88,2016-02
1157,581,88,2016-02
1158,601,88,2016-02
1159,18,86,2016-02
1160,112,86,2016-02
1161,511,86,2016-02
1162,582,86,2016-02
1163,601,86,2016-02
1164,18,84,2016-02
1165,112,84,2016-02
1166,366,84,2016-02
1167,378,84,2016-02
1168,511,84,2016-02
1169,581,84,2016-02
1170,601,84,2016-02
1171,18,93,2016-02
1172,366,93,2016-02
1173,511,93,2016-02
1174,581,93,2016-02
1175,601,93,2016-02
1176,18,74,2016-02
1177,105,74,2016-02
1178,123,74,2016-02
1179,152,74,2016-02
1180,227,74,2016-02
1181,441,74,2016-02
1182,445,74,2016-02
1183,18,82,2016-02
1184,112,82,2016-02
1185,227,82,2016-02
1186,441,82,2016-02
1187,445,82,2016-02
1188,18,73,2016-02
1189,105,73,2016-02
1190,112,73,2016-02
1191,441,73,2016-02
1192,445,73,2016-02
1193,18,75,2016-02
1194,105,75,2016-02
1195,152,75,2016-02
1196,227,75,2016-02
1197,441,75,2016-02
1198,18,98,2016-02
1199,445,98,2016-02
1200,511,98,2016-02
1201,582,98,2016-02
1202,601,98,2016-02
1203,18,78,2016-02
1204,105,78,2016-02
1205,378,78,2016-02
1206,445,78,2016-02
1207,511,78,2016-02
1208,581,78,2016-02
1209,601,78,2016-02
1210,18,80,2016-02
1211,105,80,2016-02
1212,445,80,2016-02
1213,511,80,2016-02
1214,581,80,2016-02
1215,601,80,2016-02
1216,18,79,2016-02
1217,105,79,2016-02
1218,378,79,2016-02
1219,511,79,2016-02
1220,581,79,2016-02
1221,601,79,2016-02
1222,18,81,2016-02
1223,105,81,2016-02
1224,511,81,2016-02
1225,581,81,2016-02
1226,601,81,2016-02
1227,18,94,2016-02
1228,378,94,2016-02
1229,445,94,2016-02
1230,511,94,2016-02
1231,581,94,2016-02
1232,601,94,2016-02
1233,18,97,2016-02
1234,445,97,2016-02
1235,511,97,2016-02
1236,581,97,2016-02
1237,601,97,2016-02
1238,18,95,2016-02
1239,378,95,2016-02
1240,511,95,2016-02
1241,581,95,2016-02
1242,582,95,2016-02
1243,601,95,2016-02
1244,105,23,2016-02
1245,445,23,2016-02
1246,511,23,2016-02
1247,581,23,2016-02
1248,582,23,2016-02
1249,63,240,2016-02
1250,105,240,2016-02
1251,152,240,2016-02
1252,227,240,2016-02
1253,298,240,2016-02
1254,441,240,2016-02
1255,105,21,2016-02
1256,152,21,2016-02
1257,227,21,2016-02
1258,241,21,2016-02
1259,441,21,2016-02
1260,105,22,2016-02
1261,152,22,2016-02
1262,227,22,2016-02
1263,298,22,2016-02
1264,601,22,2016-02
1265,105,20,2016-02
1266,152,20,2016-02
1267,227,20,2016-02
1268,241,20,2016-02
1269,298,20,2016-02
1270,63,241,2016-02
1271,105,241,2016-02
1272,152,241,2016-02
1273,581,241,2016-02
1274,601,241,2016-02
1275,63,242,2016-02
1276,105,242,2016-02
1277,233,242,2016-02
1278,256,242,2016-02
1279,581,242,2016-02
1280,601,242,2016-02
1281,18,99,2016-02
1282,63,99,2016-02
1283,105,99,2016-02
1284,152,99,2016-02
1285,601,99,2016-02
1286,18,89,2016-02
1287,152,89,2016-02
1288,511,89,2016-02
1289,581,89,2016-02
1290,601,89,2016-02
1291,10,17,2016-02
1292,63,17,2016-02
1293,378,17,2016-02
1294,441,17,2016-02
1295,582,17,2016-02
1296,52,201,2016-08
1297,122,201,2016-08
1298,251,201,2016-08
1299,305,201,2016-08
1300,319,201,2016-08
1301,408,201,2016-08
1302,495,201,2016-08
1303,52,200,2016-08
1304,122,200,2016-08
1305,247,200,2016-08
1306,251,200,2016-08
1307,305,200,2016-08
1308,418,200,2016-08
1309,495,200,2016-08
1310,52,203,2016-08
1311,122,203,2016-08
1312,251,203,2016-08
1313,305,203,2016-08
1314,495,203,2016-08
1315,549,203,2016-08
1316,560,203,2016-08
1317,52,202,2016-08
1318,122,202,2016-08
1319,251,202,2016-08
1320,305,202,2016-08
1321,495,202,2016-08
1322,52,208,2016-08
1323,196,208,2016-08
1324,305,208,2016-08
1325,319,208,2016-08
1326,408,208,2016-08
1327,495,208,2016-08
1328,560,208,2016-08
1329,52,210,2016-08
1330,305,210,2016-08
1331,319,210,2016-08
1332,408,210,2016-08
1333,495,210,2016-08
1334,52,205,2016-08
1335,122,205,2016-08
1336,305,205,2016-08
1337,319,205,2016-08
1338,495,205,2016-08
1339,549,205,2016-08
1340,52,204,2016-08
1341,122,204,2016-08
1342,305,204,2016-08
1343,319,204,2016-08
1344,495,204,2016-08
1345,52,207,2016-08
1346,122,207,2016-08
1347,305,207,2016-08
1348,495,207,2016-08
1349,549,207,2016-08
1350,24,118,2016-08
1351,52,118,2016-08
1352,122,118,2016-08
1353,247,118,2016-08
1354,251,118,2016-08
1355,305,118,2016-08
1356,52,199,2016-08
1357,122,199,2016-08
1358,247,199,2016-08
1359,251,199,2016-08
1360,305,199,2016-08
1361,122,32,2016-08
1362,247,32,2016-08
1363,305,32,2016-08
1364,424,32,2016-08
1365,495,32,2016-08
1366,549,32,2016-08
1367,122,35,2016-08
1368,305,35,2016-08
1369,339,35,2016-08
1370,495,35,2016-08
1371,549,35,2016-08
1372,122,33,2016-08
1373,251,33,2016-08
1374,305,33,2016-08
1375,418,33,2016-08
1376,424,33,2016-08
1377,52,206,2016-08
1378,122,206,2016-08
1379,305,206,2016-08
1380,495,206,2016-08
1381,534,206,2016-08
1382,41,166,2016-08
1383,52,166,2016-08
1384,305,166,2016-08
1385,495,166,2016-08
1386,534,166,2016-08
1387,52,211,2016-08
1388,73,211,2016-08
1389,305,211,2016-08
1390,495,211,2016-08
1391,534,211,2016-08
1392,122,31,2016-08
1393,247,31,2016-08
1394,305,31,2016-08
1395,418,31,2016-08
1396,424,31,2016-08
1397,122,34,2016-08
1398,305,34,2016-08
1399,319,34,2016-08
1400,339,34,2016-08
1401,495,34,2016-08
1402,41,167,2016-08
1403,73,167,2016-08
1404,305,167,2016-08
1405,339,167,2016-08
1406,418,167,2016-08
1407,52,209,2016-08
1408,247,209,2016-08
1409,251,209,2016-08
1410,418,209,2016-08
1411,495,209,2016-08
1412,18,87,2016-08
1413,122,87,2016-08
1414,305,87,2016-08
1415,339,87,2016-08
1416,495,87,2016-08
1417,73,261,2016-08
1418,122,261,2016-08
1419,305,261,2016-08
1420,339,261,2016-08
1421,495,261,2016-08
1422,52,198,2016-08
1423,106,198,2016-08
1424,122,198,2016-08
1425,305,198,2016-08
1426,495,198,2016-08
1427,67,257,2017-08
1428,352,257,2017-08
1429,365,257,2017-08
1430,400,257,2017-08
1431,443,257,2017-08
1432,523,257,2017-08
1433,67,255,2017-08
1434,328,255,2017-08
1435,352,255,2017-08
1436,400,255,2017-08
1437,561,255,2017-08
1438,30,136,2017-08
1439,67,136,2017-08
1440,352,136,2017-08
1441,400,136,2017-08
1442,550,136,2017-08
1443,67,254,2017-08
1444,212,254,2017-08
1445,328,254,2017-08
1446,352,254,2017-08
1447,400,254,2017-08
1448,523,254,2017-08
1449,67,256,2017-08
1450,328,256,2017-08
1451,352,256,2017-08
1452,400,256,2017-08
1453,599,256,2017-08
1454,328,139,2017-08
1455,380,139,2017-08
1456,400,139,2017-08
1457,561,139,2017-08
1458,599,139,2017-08
1459,30,129,2017-08
1460,352,129,2017-08
1461,380,129,2017-08
1462,443,129,2017-08
1463,475,129,2017-08
1464,523,129,2017-08
1465,561,129,2017-08
1466,30,131,2017-08
1467,352,131,2017-08
1468,443,131,2017-08
1469,523,131,2017-08
1470,561,131,2017-08
1471,30,134,2017-08
1472,49,134,2017-08
1473,352,134,2017-08
1474,380,134,2017-08
1475,400,134,2017-08
1476,550,134,2017-08
1477,328,138,2017-08
1478,352,138,2017-08
1479,380,138,2017-08
1480,400,138,2017-08
1481,561,138,2017-08
1482,30,128,2017-08
1483,328,128,2017-08
1484,380,128,2017-08
1485,400,128,2017-08
1486,475,128,2017-08
1487,561,128,2017-08
1488,30,133,2017-08
1489,380,133,2017-08
1490,400,133,2017-08
1491,475,133,2017-08
1492,561,133,2017-08
1493,599,133,2017-08
1494,30,132,2017-08
1495,380,132,2017-08
1496,400,132,2017-08
1497,475,132,2017-08
1498,561,132,2017-08
1499,30,130,2017-08
1500,352,130,2017-08
1501,380,130,2017-08
1502,475,130,2017-08
1503,523,130,2017-08
1504,561,130,2017-08
1505,30,135,2017-08
1506,49,135,2017-08
1507,65,135,2017-08
1508,352,135,2017-08
1509,550,135,2017-08
1510,15,49,2018-02
1511,111,49,2018-02
1512,382,49,2018-02
1513,461,49,2018-02
1514,515,49,2018-02
1515,519,49,2018-02
1516,209,110,2018-08
1517,258,110,2018-08
1518,296,110,2018-08
1519,362,110,2018-08
1520,417,110,2018-08
1521,586,110,2018-08
1522,62,235,2018-08
1523,209,235,2018-08
1524,233,235,2018-08
1525,296,235,2018-08
1526,362,235,2018-08
1527,62,236,2018-08
1528,209,236,2018-08
1529,258,236,2018-08
1530,296,236,2018-08
1531,362,236,2018-08
1532,417,236,2018-08
1533,209,108,2018-08
1534,258,108,2018-08
1535,296,108,2018-08
1536,338,108,2018-08
1537,362,108,2018-08
1538,417,108,2018-08
1539,209,109,2018-08
1540,258,109,2018-08
1541,296,109,2018-08
1542,362,109,2018-08
1543,417,109,2018-08
1544,25,121,2018-08
1545,62,121,2018-08
1546,77,121,2018-08
1547,209,121,2018-08
1548,362,121,2018-08
1549,417,121,2018-08
1550,586,121,2018-08
1551,25,124,2018-08
1552,62,124,2018-08
1553,77,124,2018-08
1554,362,124,2018-08
1555,586,124,2018-08
1556,62,238,2018-08
1557,296,238,2018-08
1558,338,238,2018-08
1559,362,238,2018-08
1560,417,238,2018-08
1561,25,126,2018-08
1562,62,126,2018-08
1563,77,126,2018-08
1564,514,126,2018-08
1565,586,126,2018-08
1566,25,122,2018-08
1567,62,122,2018-08
1568,77,122,2018-08
1569,209,122,2018-08
1570,586,122,2018-08
1571,62,237,2018-08
1572,209,237,2018-08
1573,296,237,2018-08
1574,417,237,2018-08
1575,586,237,2018-08
1576,25,125,2018-08
1577,62,125,2018-08
1578,77,125,2018-08
1579,417,125,2018-08
1580,586,125,2018-08
1581,25,120,2018-08
1582,62,120,2018-08
1583,209,120,2018-08
1584,296,120,2018-08
1585,417,120,2018-08
1586,62,239,2018-08
1587,77,239,2018-08
1588,362,239,2018-08
1589,514,239,2018-08
1590,586,239,2018-08
1591,25,123,2018-08
1592,62,123,2018-08
1593,77,123,2018-08
1594,233,123,2018-08
1595,586,123,2018-08
