,user_id,group_id,period
0,54,819,1996-04
1,191,819,1996-04
2,54,820,1996-04
3,99,820,1996-04
4,40,657,1996-05
5,107,657,1996-05
6,136,657,1996-05
7,145,657,1996-05
8,353,657,1996-05
9,468,657,1996-05
10,107,38,1996-05
11,130,38,1996-05
12,136,38,1996-05
13,145,38,1996-05
14,468,38,1996-05
15,107,45,1996-05
16,136,45,1996-05
17,145,45,1996-05
18,468,45,1996-05
19,604,45,1996-05
20,107,44,1996-05
21,136,44,1996-05
22,145,44,1996-05
23,468,44,1996-05
24,40,655,1996-05
25,107,655,1996-05
26,130,655,1996-05
27,145,655,1996-05
28,40,662,1996-05
29,107,662,1996-05
30,145,662,1996-05
31,284,662,1996-05
32,604,662,1996-05
33,40,661,1996-05
34,107,661,1996-05
35,145,661,1996-05
36,107,40,1996-05
37,130,40,1996-05
38,145,40,1996-05
39,604,40,1996-05
40,107,39,1996-05
41,130,39,1996-05
42,145,39,1996-05
43,107,49,1996-05
44,145,49,1996-05
45,604,49,1996-05
46,40,666,1996-05
47,130,666,1996-05
48,136,666,1996-05
49,145,666,1996-05
50,353,666,1996-05
51,436,666,1996-05
52,40,673,1996-05
53,136,673,1996-05
54,145,673,1996-05
55,353,673,1996-05
56,604,673,1996-05
57,40,672,1996-05
58,136,672,1996-05
59,145,672,1996-05
60,353,672,1996-05
61,40,668,1996-05
62,130,668,1996-05
63,145,668,1996-05
64,604,668,1996-05
65,40,667,1996-05
66,130,667,1996-05
67,145,667,1996-05
68,40,659,1996-05
69,107,659,1996-05
70,136,659,1996-05
71,436,659,1996-05
72,468,659,1996-05
73,40,658,1996-05
74,107,658,1996-05
75,136,658,1996-05
76,284,658,1996-05
77,468,658,1996-05
78,40,660,1996-05
79,107,660,1996-05
80,136,660,1996-05
81,468,660,1996-05
82,107,46,1996-05
83,136,46,1996-05
84,468,46,1996-05
85,40,663,1996-05
86,107,663,1996-05
87,284,663,1996-05
88,40,678,1996-05
89,136,678,1996-05
90,284,678,1996-05
91,353,678,1996-05
92,604,678,1996-05
93,40,689,1996-05
94,284,689,1996-05
95,604,689,1996-05
96,40,682,1996-05
97,136,682,1996-05
98,353,682,1996-05
99,436,682,1996-05
100,604,682,1996-05
101,40,681,1996-05
102,136,681,1996-05
103,353,681,1996-05
104,436,681,1996-05
105,40,683,1996-05
106,136,683,1996-05
107,353,683,1996-05
108,604,683,1996-05
109,40,680,1996-05
110,136,680,1996-05
111,353,680,1996-05
112,40,679,1996-05
113,136,679,1996-05
114,284,679,1996-05
115,436,679,1996-05
116,40,677,1996-05
117,136,677,1996-05
118,284,677,1996-05
119,134,180,1996-05
120,136,180,1996-05
121,353,180,1996-05
122,436,180,1996-05
123,468,180,1996-05
124,136,202,1996-05
125,353,202,1996-05
126,468,202,1996-05
127,604,202,1996-05
128,136,201,1996-05
129,353,201,1996-05
130,468,201,1996-05
131,136,200,1996-05
132,353,200,1996-05
133,436,200,1996-05
134,604,200,1996-05
135,136,190,1996-05
136,145,190,1996-05
137,284,190,1996-05
138,353,190,1996-05
139,145,247,1996-05
140,284,247,1996-05
141,136,192,1996-05
142,145,192,1996-05
143,353,192,1996-05
144,436,192,1996-05
145,136,191,1996-05
146,145,191,1996-05
147,353,191,1996-05
148,136,196,1996-05
149,284,196,1996-05
150,353,196,1996-05
151,436,196,1996-05
152,136,195,1996-05
153,284,195,1996-05
154,353,195,1996-05
155,40,675,1996-05
156,136,675,1996-05
157,145,675,1996-05
158,436,675,1996-05
159,604,675,1996-05
160,40,674,1996-05
161,136,674,1996-05
162,145,674,1996-05
163,436,674,1996-05
164,40,676,1996-05
165,136,676,1996-05
166,145,676,1996-05
167,604,676,1996-05
168,40,671,1996-05
169,136,671,1996-05
170,145,671,1996-05
171,136,193,1996-05
172,145,193,1996-05
173,436,193,1996-05
174,130,150,1996-05
175,136,150,1996-05
176,145,150,1996-05
177,444,150,1996-05
178,604,150,1996-05
179,130,151,1996-05
180,136,151,1996-05
181,145,151,1996-05
182,604,151,1996-05
183,130,149,1996-05
184,136,149,1996-05
185,145,149,1996-05
186,130,162,1996-05
187,145,162,1996-05
188,604,162,1996-05
189,136,194,1996-05
190,145,194,1996-05
191,604,194,1996-05
192,134,179,1996-05
193,136,179,1996-05
194,353,179,1996-05
195,436,179,1996-05
196,40,656,1996-05
197,107,656,1996-05
198,130,656,1996-05
199,353,656,1996-05
200,40,664,1996-05
201,107,664,1996-05
202,353,664,1996-05
203,40,654,1996-05
204,107,654,1996-05
205,130,654,1996-05
206,107,37,1996-05
207,130,37,1996-05
208,40,669,1996-05
209,130,669,1996-05
210,353,669,1996-05
211,40,665,1996-05
212,130,665,1996-05
213,40,653,1996-05
214,107,653,1996-05
215,130,153,1996-05
216,136,153,1996-05
217,436,153,1996-05
218,468,153,1996-05
219,130,158,1996-05
220,136,158,1996-05
221,468,158,1996-05
222,604,158,1996-05
223,130,154,1996-05
224,136,154,1996-05
225,436,154,1996-05
226,604,154,1996-05
227,130,152,1996-05
228,136,152,1996-05
229,436,152,1996-05
230,136,204,1996-05
231,436,204,1996-05
232,468,204,1996-05
233,604,204,1996-05
234,136,205,1996-05
235,468,205,1996-05
236,604,205,1996-05
237,136,203,1996-05
238,436,203,1996-05
239,468,203,1996-05
240,130,159,1996-05
241,136,159,1996-05
242,604,159,1996-05
243,130,148,1996-05
244,134,148,1996-05
245,145,148,1996-05
246,436,148,1996-05
247,468,148,1996-05
248,130,161,1996-05
249,145,161,1996-05
250,468,161,1996-05
251,130,160,1996-05
252,145,160,1996-05
253,436,160,1996-05
254,134,188,1996-05
255,436,188,1996-05
256,468,188,1996-05
257,130,164,1996-05
258,436,164,1996-05
259,468,164,1996-05
260,130,163,1996-05
261,436,163,1996-05
262,40,684,1996-05
263,136,684,1996-05
264,436,684,1996-05
265,604,684,1996-05
266,35,546,1996-05
267,40,546,1996-05
268,107,47,1996-05
269,145,47,1996-05
270,436,47,1996-05
271,468,47,1996-05
272,107,48,1996-05
273,145,48,1996-05
274,468,48,1996-05
275,107,50,1996-05
276,436,50,1996-05
277,468,50,1996-05
278,145,248,1996-05
279,436,248,1996-05
280,468,248,1996-05
281,134,181,1996-05
282,136,181,1996-05
283,353,181,1996-05
284,604,181,1996-05
285,134,178,1996-05
286,136,178,1996-05
287,353,178,1996-05
288,130,156,1996-05
289,136,156,1996-05
290,444,156,1996-05
291,468,156,1996-05
292,130,155,1996-05
293,136,155,1996-05
294,444,155,1996-05
295,130,157,1996-05
296,136,157,1996-05
297,468,157,1996-05
298,130,165,1996-05
299,468,165,1996-05
300,107,42,1996-05
301,134,42,1996-05
302,145,42,1996-05
303,35,545,1996-05
304,107,545,1996-05
305,134,184,1996-05
306,145,184,1996-05
307,40,686,1996-05
308,145,686,1996-05
309,436,686,1996-05
310,604,686,1996-05
311,40,685,1996-05
312,145,685,1996-05
313,436,685,1996-05
314,40,687,1996-05
315,145,687,1996-05
316,604,687,1996-05
317,40,691,1996-05
318,436,691,1996-05
319,604,691,1996-05
320,107,43,1996-05
321,134,43,1996-05
322,468,43,1996-05
323,107,51,1996-05
324,444,51,1996-05
325,468,51,1996-05
326,134,189,1996-05
327,468,189,1996-05
328,444,726,1996-05
329,468,726,1996-05
330,107,41,1996-05
331,134,41,1996-05
332,40,688,1996-05
333,284,688,1996-05
334,353,688,1996-05
335,134,186,1996-05
336,353,186,1996-05
337,436,186,1996-05
338,604,186,1996-05
339,353,550,1996-05
340,436,550,1996-05
341,604,550,1996-05
342,134,185,1996-05
343,353,185,1996-05
344,436,185,1996-05
345,134,187,1996-05
346,353,187,1996-05
347,604,187,1996-05
348,136,198,1996-05
349,284,198,1996-05
350,436,198,1996-05
351,604,198,1996-05
352,136,199,1996-05
353,284,199,1996-05
354,604,199,1996-05
355,130,147,1996-05
356,134,147,1996-05
357,40,670,1996-05
358,134,670,1996-05
359,134,182,1996-05
360,136,182,1996-05
361,436,182,1996-05
362,284,464,1996-05
363,436,464,1996-05
364,604,464,1996-05
365,40,690,1996-05
366,353,690,1996-05
367,604,690,1996-05
368,134,183,1996-05
369,136,183,1996-05
370,604,183,1996-05
371,136,197,1996-05
372,284,197,1996-05
373,436,197,1996-05
374,130,166,1996-05
375,536,166,1996-05
376,136,206,1996-05
377,536,206,1996-05
378,536,810,1996-05
379,604,810,1996-05
380,35,547,1996-05
381,604,547,1996-05
382,284,463,1996-05
383,353,463,1996-05
384,284,465,1996-05
385,536,465,1996-05
386,40,692,1996-05
387,536,692,1996-05
388,436,722,1996-05
389,536,722,1996-05
390,46,742,1996-06
391,242,742,1996-06
392,314,742,1996-06
393,385,742,1996-06
394,411,742,1996-06
395,102,20,1996-06
396,385,20,1996-06
397,541,20,1996-06
398,574,20,1996-06
399,584,20,1996-06
400,56,822,1996-06
401,102,822,1996-06
402,273,822,1996-06
403,411,822,1996-06
404,584,822,1996-06
405,102,13,1996-06
406,314,13,1996-06
407,411,13,1996-06
408,541,13,1996-06
409,349,542,1996-06
410,411,542,1996-06
411,476,542,1996-06
412,56,823,1996-06
413,102,823,1996-06
414,349,823,1996-06
415,411,823,1996-06
416,314,491,1996-06
417,411,491,1996-06
418,541,491,1996-06
419,584,491,1996-06
420,476,765,1996-06
421,541,765,1996-06
422,584,765,1996-06
423,14,211,1996-06
424,314,211,1996-06
425,411,211,1996-06
426,476,211,1996-06
427,541,211,1996-06
428,314,490,1996-06
429,411,490,1996-06
430,541,490,1996-06
431,46,747,1996-06
432,314,747,1996-06
433,385,747,1996-06
434,411,747,1996-06
435,476,747,1996-06
436,46,746,1996-06
437,314,746,1996-06
438,385,746,1996-06
439,411,746,1996-06
440,46,738,1996-06
441,102,738,1996-06
442,242,738,1996-06
443,314,738,1996-06
444,46,741,1996-06
445,242,741,1996-06
446,314,741,1996-06
447,46,745,1996-06
448,314,745,1996-06
449,56,825,1996-06
450,102,825,1996-06
451,411,825,1996-06
452,476,825,1996-06
453,541,825,1996-06
454,56,826,1996-06
455,102,826,1996-06
456,411,826,1996-06
457,541,826,1996-06
458,102,21,1996-06
459,411,21,1996-06
460,476,21,1996-06
461,541,21,1996-06
462,102,22,1996-06
463,411,22,1996-06
464,541,22,1996-06
465,102,23,1996-06
466,476,23,1996-06
467,541,23,1996-06
468,411,699,1996-06
469,476,699,1996-06
470,541,699,1996-06
471,102,5,1996-06
472,242,5,1996-06
473,314,5,1996-06
474,411,5,1996-06
475,476,766,1996-06
476,574,766,1996-06
477,584,766,1996-06
478,14,218,1996-06
479,476,218,1996-06
480,584,218,1996-06
481,476,767,1996-06
482,584,767,1996-06
483,56,828,1996-06
484,242,828,1996-06
485,314,828,1996-06
486,411,828,1996-06
487,56,838,1996-06
488,411,838,1996-06
489,476,838,1996-06
490,242,415,1996-06
491,314,415,1996-06
492,411,415,1996-06
493,476,415,1996-06
494,242,414,1996-06
495,314,414,1996-06
496,411,414,1996-06
497,56,829,1996-06
498,242,829,1996-06
499,314,829,1996-06
500,541,829,1996-06
501,584,829,1996-06
502,314,493,1996-06
503,541,493,1996-06
504,584,493,1996-06
505,56,827,1996-06
506,242,827,1996-06
507,314,827,1996-06
508,102,9,1996-06
509,273,9,1996-06
510,385,9,1996-06
511,541,9,1996-06
512,102,19,1996-06
513,385,19,1996-06
514,541,19,1996-06
515,14,209,1996-06
516,102,209,1996-06
517,541,209,1996-06
518,56,833,1996-06
519,314,833,1996-06
520,385,833,1996-06
521,541,833,1996-06
522,56,835,1996-06
523,314,835,1996-06
524,541,835,1996-06
525,56,840,1996-06
526,541,840,1996-06
527,14,216,1996-06
528,46,216,1996-06
529,102,216,1996-06
530,242,216,1996-06
531,46,737,1996-06
532,102,737,1996-06
533,242,737,1996-06
534,242,417,1996-06
535,349,417,1996-06
536,411,417,1996-06
537,102,6,1996-06
538,242,6,1996-06
539,411,6,1996-06
540,46,750,1996-06
541,56,750,1996-06
542,411,750,1996-06
543,46,749,1996-06
544,411,749,1996-06
545,574,749,1996-06
546,584,749,1996-06
547,574,850,1996-06
548,584,850,1996-06
549,46,744,1996-06
550,242,744,1996-06
551,385,744,1996-06
552,541,744,1996-06
553,46,743,1996-06
554,242,743,1996-06
555,385,743,1996-06
556,46,740,1996-06
557,242,740,1996-06
558,56,834,1996-06
559,314,834,1996-06
560,385,834,1996-06
561,584,834,1996-06
562,385,629,1996-06
563,584,629,1996-06
564,56,836,1996-06
565,314,836,1996-06
566,584,836,1996-06
567,56,832,1996-06
568,314,832,1996-06
569,385,832,1996-06
570,102,12,1996-06
571,314,12,1996-06
572,411,12,1996-06
573,476,12,1996-06
574,102,11,1996-06
575,314,11,1996-06
576,411,11,1996-06
577,14,208,1996-06
578,102,208,1996-06
579,314,208,1996-06
580,14,210,1996-06
581,314,210,1996-06
582,14,207,1996-06
583,102,207,1996-06
584,314,487,1996-06
585,349,487,1996-06
586,385,487,1996-06
587,476,487,1996-06
588,314,488,1996-06
589,385,488,1996-06
590,476,488,1996-06
591,102,8,1996-06
592,273,8,1996-06
593,349,8,1996-06
594,411,8,1996-06
595,102,10,1996-06
596,273,10,1996-06
597,411,10,1996-06
598,102,16,1996-06
599,349,16,1996-06
600,411,16,1996-06
601,349,541,1996-06
602,411,541,1996-06
603,102,15,1996-06
604,349,15,1996-06
605,385,627,1996-06
606,411,627,1996-06
607,541,627,1996-06
608,14,215,1996-06
609,411,215,1996-06
610,541,215,1996-06
611,14,214,1996-06
612,385,214,1996-06
613,541,214,1996-06
614,349,544,1996-06
615,541,544,1996-06
616,314,486,1996-06
617,349,486,1996-06
618,385,486,1996-06
619,314,485,1996-06
620,349,485,1996-06
621,102,4,1996-06
622,242,4,1996-06
623,314,4,1996-06
624,102,3,1996-06
625,242,3,1996-06
626,273,3,1996-06
627,102,7,1996-06
628,273,7,1996-06
629,56,824,1996-06
630,102,824,1996-06
631,411,824,1996-06
632,56,830,1996-06
633,242,830,1996-06
634,476,830,1996-06
635,56,839,1996-06
636,476,839,1996-06
637,314,492,1996-06
638,411,492,1996-06
639,584,492,1996-06
640,314,494,1996-06
641,584,494,1996-06
642,349,540,1996-06
643,385,540,1996-06
644,476,540,1996-06
645,349,539,1996-06
646,385,539,1996-06
647,102,24,1996-06
648,541,24,1996-06
649,584,24,1996-06
650,102,25,1996-06
651,584,25,1996-06
652,541,821,1996-06
653,584,821,1996-06
654,56,831,1996-06
655,242,831,1996-06
656,584,831,1996-06
657,56,841,1996-06
658,584,841,1996-06
659,192,344,1996-06
660,476,344,1996-06
661,242,419,1996-06
662,476,419,1996-06
663,102,14,1996-06
664,314,14,1996-06
665,476,14,1996-06
666,102,18,1996-06
667,385,18,1996-06
668,476,18,1996-06
669,46,739,1996-06
670,102,739,1996-06
671,411,739,1996-06
672,14,217,1996-06
673,476,217,1996-06
674,14,212,1996-06
675,349,212,1996-06
676,349,543,1996-06
677,476,543,1996-06
678,242,416,1996-06
679,314,416,1996-06
680,541,416,1996-06
681,242,420,1996-06
682,541,420,1996-06
683,314,489,1996-06
684,385,489,1996-06
685,541,489,1996-06
686,14,213,1996-06
687,385,213,1996-06
688,102,17,1996-06
689,385,17,1996-06
690,273,451,1996-06
691,411,451,1996-06
692,46,748,1996-06
693,385,748,1996-06
694,242,421,1996-06
695,584,421,1996-06
696,56,837,1996-06
697,385,837,1996-06
698,46,751,1996-06
699,584,751,1996-06
700,14,219,1996-06
701,541,219,1996-06
702,273,449,1996-06
703,314,449,1996-06
704,242,418,1996-06
705,385,418,1996-06
706,273,452,1996-06
707,541,452,1996-06
708,229,388,1996-07
709,485,388,1996-07
710,26,429,1996-07
711,162,429,1996-07
712,447,730,1996-07
713,455,730,1996-07
714,485,730,1996-07
715,229,386,1996-07
716,447,386,1996-07
717,455,386,1996-07
718,229,383,1996-07
719,404,383,1996-07
720,455,383,1996-07
721,592,383,1996-07
722,229,387,1996-07
723,455,387,1996-07
724,592,387,1996-07
725,162,265,1996-07
726,229,265,1996-07
727,26,431,1996-07
728,447,431,1996-07
729,26,430,1996-07
730,229,430,1996-07
731,404,695,1996-07
732,447,695,1996-07
733,455,695,1996-07
734,229,382,1996-07
735,404,382,1996-07
736,455,382,1996-07
737,447,731,1996-07
738,455,731,1996-07
739,592,731,1996-07
740,404,696,1996-07
741,455,696,1996-07
742,592,696,1996-07
743,243,423,1996-07
744,485,423,1996-07
745,592,423,1996-07
746,229,384,1996-07
747,404,384,1996-07
748,592,384,1996-07
749,26,432,1996-07
750,455,432,1996-07
751,243,424,1996-07
752,592,424,1996-07
753,26,433,1996-07
754,592,433,1996-07
755,273,450,1996-07
756,404,450,1996-07
757,162,266,1996-07
758,404,266,1996-07
759,447,732,1996-07
760,592,732,1996-07
761,229,381,1996-07
762,273,381,1996-07
763,404,694,1996-07
764,447,694,1996-07
765,229,380,1996-07
766,243,380,1996-07
767,229,385,1996-07
768,447,385,1996-07
769,243,422,1996-07
770,455,422,1996-07
771,38,583,1996-08
772,109,583,1996-08
773,394,583,1996-08
774,498,583,1996-08
775,170,269,1996-08
776,176,269,1996-08
777,179,269,1996-08
778,235,269,1996-08
779,394,269,1996-08
780,498,269,1996-08
781,38,615,1996-08
782,498,615,1996-08
783,512,615,1996-08
784,588,615,1996-08
785,602,615,1996-08
786,8,914,1996-08
787,142,914,1996-08
788,170,914,1996-08
789,176,914,1996-08
790,498,914,1996-08
791,38,594,1996-08
792,170,594,1996-08
793,176,594,1996-08
794,498,594,1996-08
795,38,614,1996-08
796,498,614,1996-08
797,170,270,1996-08
798,176,270,1996-08
799,498,270,1996-08
800,109,59,1996-08
801,170,59,1996-08
802,235,59,1996-08
803,507,59,1996-08
804,38,584,1996-08
805,109,584,1996-08
806,394,584,1996-08
807,588,584,1996-08
808,142,229,1996-08
809,170,229,1996-08
810,394,229,1996-08
811,444,229,1996-08
812,38,571,1996-08
813,109,571,1996-08
814,170,571,1996-08
815,394,571,1996-08
816,38,582,1996-08
817,109,582,1996-08
818,394,582,1996-08
819,38,592,1996-08
820,142,592,1996-08
821,170,592,1996-08
822,588,592,1996-08
823,54,812,1996-08
824,109,812,1996-08
825,170,812,1996-08
826,444,812,1996-08
827,588,812,1996-08
828,8,916,1996-08
829,170,916,1996-08
830,235,916,1996-08
831,395,916,1996-08
832,444,916,1996-08
833,38,570,1996-08
834,109,570,1996-08
835,170,570,1996-08
836,235,570,1996-08
837,8,930,1996-08
838,38,930,1996-08
839,170,930,1996-08
840,512,930,1996-08
841,109,58,1996-08
842,170,58,1996-08
843,235,58,1996-08
844,444,58,1996-08
845,170,274,1996-08
846,235,274,1996-08
847,444,274,1996-08
848,109,57,1996-08
849,170,57,1996-08
850,235,57,1996-08
851,38,572,1996-08
852,109,572,1996-08
853,170,572,1996-08
854,444,572,1996-08
855,109,64,1996-08
856,170,64,1996-08
857,444,64,1996-08
858,170,282,1996-08
859,444,282,1996-08
860,8,918,1996-08
861,176,918,1996-08
862,235,918,1996-08
863,38,576,1996-08
864,109,576,1996-08
865,176,576,1996-08
866,235,576,1996-08
867,507,576,1996-08
868,8,931,1996-08
869,38,931,1996-08
870,176,931,1996-08
871,8,917,1996-08
872,176,917,1996-08
873,8,928,1996-08
874,38,928,1996-08
875,109,928,1996-08
876,235,928,1996-08
877,486,769,1996-08
878,498,769,1996-08
879,512,769,1996-08
880,588,769,1996-08
881,602,769,1996-08
882,142,234,1996-08
883,235,234,1996-08
884,498,234,1996-08
885,235,398,1996-08
886,498,398,1996-08
887,142,241,1996-08
888,498,241,1996-08
889,512,241,1996-08
890,588,241,1996-08
891,602,241,1996-08
892,142,240,1996-08
893,498,240,1996-08
894,235,397,1996-08
895,486,397,1996-08
896,38,589,1996-08
897,109,589,1996-08
898,486,589,1996-08
899,512,589,1996-08
900,588,589,1996-08
901,38,569,1996-08
902,109,569,1996-08
903,170,569,1996-08
904,176,569,1996-08
905,38,595,1996-08
906,170,595,1996-08
907,176,595,1996-08
908,512,595,1996-08
909,588,595,1996-08
910,38,617,1996-08
911,512,617,1996-08
912,588,617,1996-08
913,38,593,1996-08
914,170,593,1996-08
915,176,593,1996-08
916,170,268,1996-08
917,176,268,1996-08
918,38,574,1996-08
919,109,574,1996-08
920,170,574,1996-08
921,588,574,1996-08
922,38,597,1996-08
923,170,597,1996-08
924,588,597,1996-08
925,38,573,1996-08
926,109,573,1996-08
927,170,573,1996-08
928,512,573,1996-08
929,38,596,1996-08
930,170,596,1996-08
931,512,596,1996-08
932,38,568,1996-08
933,109,568,1996-08
934,170,568,1996-08
935,38,577,1996-08
936,109,577,1996-08
937,176,577,1996-08
938,486,577,1996-08
939,38,588,1996-08
940,109,588,1996-08
941,486,588,1996-08
942,38,575,1996-08
943,109,575,1996-08
944,176,575,1996-08
945,486,773,1996-08
946,512,773,1996-08
947,588,773,1996-08
948,54,811,1996-08
949,109,811,1996-08
950,142,811,1996-08
951,588,811,1996-08
952,142,243,1996-08
953,512,243,1996-08
954,588,243,1996-08
955,142,244,1996-08
956,588,244,1996-08
957,109,84,1996-08
958,395,84,1996-08
959,498,84,1996-08
960,512,84,1996-08
961,588,84,1996-08
962,602,84,1996-08
963,109,103,1996-08
964,507,103,1996-08
965,588,103,1996-08
966,602,103,1996-08
967,498,779,1996-08
968,512,779,1996-08
969,588,779,1996-08
970,602,779,1996-08
971,109,86,1996-08
972,395,86,1996-08
973,507,86,1996-08
974,512,86,1996-08
975,588,86,1996-08
976,109,88,1996-08
977,395,88,1996-08
978,512,88,1996-08
979,588,88,1996-08
980,109,105,1996-08
981,512,105,1996-08
982,588,105,1996-08
983,109,92,1996-08
984,486,92,1996-08
985,498,92,1996-08
986,588,92,1996-08
987,486,770,1996-08
988,498,770,1996-08
989,588,770,1996-08
990,109,96,1996-08
991,486,96,1996-08
992,588,96,1996-08
993,54,816,1996-08
994,109,816,1996-08
995,507,816,1996-08
996,588,816,1996-08
997,109,99,1996-08
998,498,99,1996-08
999,507,99,1996-08
1000,588,99,1996-08
1001,109,100,1996-08
1002,498,100,1996-08
1003,588,100,1996-08
1004,109,98,1996-08
1005,498,98,1996-08
1006,507,98,1996-08
1007,395,643,1996-08
1008,486,643,1996-08
1009,512,643,1996-08
1010,602,643,1996-08
1011,179,328,1996-08
1012,507,328,1996-08
1013,395,649,1996-08
1014,507,649,1996-08
1015,512,649,1996-08
1016,602,649,1996-08
1017,395,650,1996-08
1018,512,650,1996-08
1019,602,650,1996-08
1020,395,648,1996-08
1021,507,648,1996-08
1022,512,648,1996-08
1023,109,76,1996-08
1024,262,76,1996-08
1025,394,76,1996-08
1026,512,76,1996-08
1027,109,72,1996-08
1028,179,72,1996-08
1029,394,72,1996-08
1030,8,913,1996-08
1031,109,913,1996-08
1032,512,913,1996-08
1033,38,621,1996-08
1034,54,621,1996-08
1035,109,621,1996-08
1036,444,621,1996-08
1037,54,815,1996-08
1038,109,815,1996-08
1039,444,815,1996-08
1040,38,585,1996-08
1041,109,585,1996-08
1042,395,585,1996-08
1043,444,585,1996-08
1044,512,585,1996-08
1045,38,586,1996-08
1046,109,586,1996-08
1047,395,586,1996-08
1048,512,586,1996-08
1049,395,640,1996-08
1050,444,640,1996-08
1051,38,587,1996-08
1052,109,587,1996-08
1053,444,587,1996-08
1054,38,590,1996-08
1055,109,590,1996-08
1056,512,590,1996-08
1057,54,814,1996-08
1058,109,814,1996-08
1059,395,814,1996-08
1060,512,814,1996-08
1061,109,87,1996-08
1062,395,87,1996-08
1063,512,87,1996-08
1064,170,279,1996-08
1065,395,279,1996-08
1066,498,279,1996-08
1067,170,287,1996-08
1068,498,287,1996-08
1069,588,287,1996-08
1070,602,287,1996-08
1071,395,646,1996-08
1072,498,646,1996-08
1073,588,646,1996-08
1074,602,646,1996-08
1075,498,780,1996-08
1076,588,780,1996-08
1077,602,780,1996-08
1078,38,581,1996-08
1079,109,581,1996-08
1080,262,581,1996-08
1081,588,581,1996-08
1082,38,622,1996-08
1083,54,622,1996-08
1084,109,622,1996-08
1085,588,622,1996-08
1086,38,591,1996-08
1087,109,591,1996-08
1088,588,591,1996-08
1089,54,817,1996-08
1090,109,817,1996-08
1091,588,817,1996-08
1092,142,230,1996-08
1093,170,230,1996-08
1094,395,230,1996-08
1095,142,231,1996-08
1096,170,231,1996-08
1097,602,231,1996-08
1098,142,228,1996-08
1099,170,228,1996-08
1100,142,239,1996-08
1101,486,239,1996-08
1102,602,239,1996-08
1103,395,644,1996-08
1104,486,644,1996-08
1105,602,644,1996-08
1106,170,281,1996-08
1107,395,281,1996-08
1108,602,281,1996-08
1109,109,61,1996-08
1110,170,61,1996-08
1111,394,61,1996-08
1112,507,61,1996-08
1113,109,66,1996-08
1114,170,66,1996-08
1115,507,66,1996-08
1116,588,66,1996-08
1117,109,65,1996-08
1118,170,65,1996-08
1119,507,65,1996-08
1120,109,62,1996-08
1121,170,62,1996-08
1122,394,62,1996-08
1123,588,62,1996-08
1124,109,81,1996-08
1125,394,81,1996-08
1126,588,81,1996-08
1127,109,60,1996-08
1128,170,60,1996-08
1129,394,60,1996-08
1130,109,102,1996-08
1131,507,102,1996-08
1132,588,102,1996-08
1133,109,54,1996-08
1134,142,54,1996-08
1135,395,54,1996-08
1136,507,54,1996-08
1137,109,85,1996-08
1138,395,85,1996-08
1139,507,85,1996-08
1140,109,93,1996-08
1141,486,93,1996-08
1142,507,93,1996-08
1143,395,642,1996-08
1144,486,642,1996-08
1145,507,642,1996-08
1146,394,637,1996-08
1147,498,637,1996-08
1148,512,637,1996-08
1149,602,637,1996-08
1150,170,278,1996-08
1151,394,278,1996-08
1152,498,278,1996-08
1153,170,286,1996-08
1154,498,286,1996-08
1155,512,286,1996-08
1156,602,286,1996-08
1157,394,638,1996-08
1158,512,638,1996-08
1159,170,288,1996-08
1160,498,288,1996-08
1161,602,288,1996-08
1162,170,285,1996-08
1163,498,285,1996-08
1164,170,277,1996-08
1165,394,277,1996-08
1166,8,921,1996-08
1167,179,921,1996-08
1168,498,921,1996-08
1169,179,327,1996-08
1170,498,327,1996-08
1171,8,940,1996-08
1172,498,940,1996-08
1173,512,940,1996-08
1174,602,940,1996-08
1175,8,939,1996-08
1176,498,939,1996-08
1177,179,330,1996-08
1178,512,330,1996-08
1179,602,330,1996-08
1180,8,922,1996-08
1181,179,922,1996-08
1182,512,922,1996-08
1183,179,329,1996-08
1184,512,329,1996-08
1185,142,232,1996-08
1186,179,232,1996-08
1187,395,232,1996-08
1188,179,323,1996-08
1189,395,323,1996-08
1190,486,323,1996-08
1191,109,53,1996-08
1192,142,53,1996-08
1193,395,53,1996-08
1194,486,53,1996-08
1195,109,82,1996-08
1196,395,82,1996-08
1197,486,82,1996-08
1198,109,52,1996-08
1199,142,52,1996-08
1200,395,52,1996-08
1201,142,237,1996-08
1202,395,237,1996-08
1203,486,237,1996-08
1204,142,238,1996-08
1205,486,238,1996-08
1206,142,236,1996-08
1207,395,236,1996-08
1208,395,641,1996-08
1209,486,641,1996-08
1210,38,606,1996-08
1211,262,606,1996-08
1212,395,606,1996-08
1213,512,606,1996-08
1214,8,933,1996-08
1215,38,933,1996-08
1216,395,933,1996-08
1217,512,933,1996-08
1218,8,926,1996-08
1219,262,926,1996-08
1220,512,926,1996-08
1221,38,609,1996-08
1222,395,609,1996-08
1223,512,609,1996-08
1224,179,318,1996-08
1225,235,318,1996-08
1226,395,318,1996-08
1227,38,599,1996-08
1228,179,599,1996-08
1229,235,599,1996-08
1230,179,317,1996-08
1231,235,317,1996-08
1232,179,324,1996-08
1233,395,324,1996-08
1234,602,324,1996-08
1235,38,608,1996-08
1236,394,608,1996-08
1237,602,608,1996-08
1238,38,600,1996-08
1239,179,600,1996-08
1240,394,600,1996-08
1241,38,607,1996-08
1242,394,607,1996-08
1243,8,920,1996-08
1244,179,920,1996-08
1245,394,920,1996-08
1246,179,322,1996-08
1247,394,322,1996-08
1248,394,639,1996-08
1249,602,639,1996-08
1250,8,923,1996-08
1251,179,923,1996-08
1252,602,923,1996-08
1253,8,919,1996-08
1254,179,919,1996-08
1255,38,602,1996-08
1256,179,602,1996-08
1257,602,602,1996-08
1258,179,332,1996-08
1259,602,332,1996-08
1260,109,75,1996-08
1261,235,75,1996-08
1262,512,75,1996-08
1263,109,74,1996-08
1264,235,74,1996-08
1265,507,74,1996-08
1266,142,235,1996-08
1267,235,235,1996-08
1268,512,235,1996-08
1269,142,233,1996-08
1270,235,233,1996-08
1271,109,56,1996-08
1272,142,56,1996-08
1273,507,56,1996-08
1274,512,56,1996-08
1275,142,242,1996-08
1276,512,242,1996-08
1277,109,101,1996-08
1278,507,101,1996-08
1279,512,101,1996-08
1280,507,805,1996-08
1281,512,805,1996-08
1282,109,55,1996-08
1283,142,55,1996-08
1284,507,55,1996-08
1285,170,292,1996-08
1286,512,292,1996-08
1287,588,292,1996-08
1288,602,292,1996-08
1289,170,276,1996-08
1290,235,276,1996-08
1291,588,276,1996-08
1292,602,276,1996-08
1293,170,275,1996-08
1294,235,275,1996-08
1295,512,275,1996-08
1296,170,273,1996-08
1297,235,273,1996-08
1298,235,400,1996-08
1299,512,400,1996-08
1300,588,400,1996-08
1301,602,400,1996-08
1302,235,401,1996-08
1303,588,401,1996-08
1304,602,401,1996-08
1305,170,291,1996-08
1306,512,291,1996-08
1307,588,291,1996-08
1308,170,294,1996-08
1309,588,294,1996-08
1310,602,294,1996-08
1311,170,293,1996-08
1312,512,293,1996-08
1313,602,293,1996-08
1314,170,290,1996-08
1315,512,290,1996-08
1316,235,399,1996-08
1317,512,399,1996-08
1318,38,610,1996-08
1319,395,610,1996-08
1320,588,610,1996-08
1321,602,610,1996-08
1322,8,936,1996-08
1323,38,936,1996-08
1324,588,936,1996-08
1325,602,936,1996-08
1326,38,623,1996-08
1327,588,623,1996-08
1328,602,623,1996-08
1329,395,651,1996-08
1330,588,651,1996-08
1331,602,651,1996-08
1332,38,611,1996-08
1333,395,611,1996-08
1334,602,611,1996-08
1335,38,578,1996-08
1336,109,578,1996-08
1337,179,578,1996-08
1338,109,73,1996-08
1339,179,73,1996-08
1340,395,73,1996-08
1341,38,601,1996-08
1342,179,601,1996-08
1343,395,601,1996-08
1344,38,598,1996-08
1345,179,598,1996-08
1346,109,79,1996-08
1347,394,79,1996-08
1348,395,79,1996-08
1349,498,79,1996-08
1350,394,635,1996-08
1351,395,635,1996-08
1352,498,635,1996-08
1353,109,80,1996-08
1354,394,80,1996-08
1355,498,80,1996-08
1356,109,83,1996-08
1357,395,83,1996-08
1358,498,83,1996-08
1359,109,97,1996-08
1360,498,97,1996-08
1361,395,645,1996-08
1362,498,645,1996-08
1363,394,636,1996-08
1364,498,636,1996-08
1365,262,435,1996-08
1366,512,435,1996-08
1367,588,435,1996-08
1368,602,435,1996-08
1369,262,434,1996-08
1370,512,434,1996-08
1371,176,315,1996-08
1372,395,315,1996-08
1373,38,605,1996-08
1374,262,605,1996-08
1375,395,605,1996-08
1376,170,284,1996-08
1377,486,284,1996-08
1378,588,284,1996-08
1379,486,775,1996-08
1380,588,775,1996-08
1381,170,283,1996-08
1382,486,283,1996-08
1383,179,326,1996-08
1384,486,326,1996-08
1385,38,580,1996-08
1386,109,580,1996-08
1387,235,580,1996-08
1388,395,580,1996-08
1389,38,579,1996-08
1390,109,579,1996-08
1391,235,579,1996-08
1392,38,603,1996-08
1393,235,603,1996-08
1394,395,603,1996-08
1395,235,396,1996-08
1396,395,396,1996-08
1397,109,63,1996-08
1398,170,63,1996-08
1399,395,63,1996-08
1400,109,89,1996-08
1401,395,89,1996-08
1402,588,89,1996-08
1403,170,280,1996-08
1404,395,280,1996-08
1405,588,280,1996-08
1406,109,67,1996-08
1407,170,67,1996-08
1408,588,67,1996-08
1409,38,620,1996-08
1410,54,620,1996-08
1411,109,620,1996-08
1412,395,620,1996-08
1413,54,813,1996-08
1414,109,813,1996-08
1415,395,813,1996-08
1416,38,619,1996-08
1417,54,619,1996-08
1418,109,619,1996-08
1419,8,929,1996-08
1420,38,929,1996-08
1421,109,929,1996-08
1422,395,929,1996-08
1423,8,927,1996-08
1424,38,927,1996-08
1425,109,927,1996-08
1426,8,932,1996-08
1427,38,932,1996-08
1428,395,932,1996-08
1429,8,938,1996-08
1430,395,938,1996-08
1431,109,95,1996-08
1432,486,95,1996-08
1433,512,95,1996-08
1434,602,95,1996-08
1435,109,94,1996-08
1436,486,94,1996-08
1437,512,94,1996-08
1438,109,106,1996-08
1439,512,106,1996-08
1440,602,106,1996-08
1441,486,774,1996-08
1442,512,774,1996-08
1443,602,774,1996-08
1444,486,772,1996-08
1445,512,772,1996-08
1446,8,935,1996-08
1447,38,935,1996-08
1448,512,935,1996-08
1449,602,935,1996-08
1450,38,618,1996-08
1451,512,618,1996-08
1452,602,618,1996-08
1453,8,942,1996-08
1454,512,942,1996-08
1455,602,942,1996-08
1456,8,934,1996-08
1457,38,934,1996-08
1458,512,934,1996-08
1459,8,937,1996-08
1460,38,937,1996-08
1461,602,937,1996-08
1462,109,107,1996-08
1463,588,107,1996-08
1464,602,107,1996-08
1465,235,402,1996-08
1466,602,402,1996-08
1467,8,912,1996-08
1468,109,912,1996-08
1469,235,912,1996-08
1470,8,924,1996-08
1471,235,924,1996-08
1472,109,104,1996-08
1473,507,104,1996-08
1474,602,104,1996-08
1475,507,806,1996-08
1476,602,806,1996-08
1477,109,91,1996-08
1478,444,91,1996-08
1479,507,91,1996-08
1480,109,90,1996-08
1481,444,90,1996-08
1482,444,728,1996-08
1483,588,728,1996-08
1484,602,728,1996-08
1485,444,727,1996-08
1486,588,727,1996-08
1487,109,71,1996-08
1488,179,71,1996-08
1489,262,71,1996-08
1490,109,70,1996-08
1491,179,70,1996-08
1492,109,69,1996-08
1493,176,69,1996-08
1494,235,69,1996-08
1495,176,314,1996-08
1496,235,314,1996-08
1497,109,68,1996-08
1498,176,68,1996-08
1499,170,272,1996-08
1500,179,272,1996-08
1501,395,272,1996-08
1502,170,271,1996-08
1503,179,271,1996-08
1504,54,818,1996-08
1505,170,818,1996-08
1506,8,915,1996-08
1507,170,915,1996-08
1508,142,245,1996-08
1509,602,245,1996-08
1510,385,630,1996-08
1511,602,630,1996-08
1512,38,613,1996-08
1513,486,613,1996-08
1514,507,613,1996-08
1515,38,616,1996-08
1516,507,616,1996-08
1517,38,612,1996-08
1518,486,612,1996-08
1519,486,771,1996-08
1520,507,771,1996-08
1521,170,289,1996-08
1522,507,289,1996-08
1523,395,647,1996-08
1524,507,647,1996-08
1525,38,604,1996-08
1526,262,604,1996-08
1527,262,436,1996-08
1528,588,436,1996-08
1529,444,729,1996-08
1530,602,729,1996-08
1531,8,941,1996-08
1532,507,941,1996-08
1533,8,925,1996-08
1534,262,925,1996-08
1535,262,437,1996-08
1536,602,437,1996-08
1537,235,395,1996-08
1538,262,395,1996-08
1539,109,77,1996-08
1540,385,77,1996-08
1541,94,960,1996-09
1542,173,960,1996-09
1543,321,960,1996-09
1544,386,960,1996-09
1545,446,960,1996-09
1546,530,960,1996-09
1547,94,963,1996-09
1548,173,963,1996-09
1549,386,963,1996-09
1550,446,963,1996-09
1551,133,177,1996-09
1552,386,177,1996-09
1553,446,177,1996-09
1554,530,177,1996-09
1555,94,959,1996-09
1556,173,959,1996-09
1557,321,959,1996-09
1558,386,959,1996-09
1559,94,962,1996-09
1560,173,962,1996-09
1561,386,962,1996-09
1562,94,961,1996-09
1563,173,961,1996-09
1564,321,961,1996-09
1565,446,961,1996-09
1566,94,958,1996-09
1567,173,958,1996-09
1568,321,958,1996-09
1569,133,171,1996-09
1570,173,171,1996-09
1571,321,171,1996-09
1572,446,171,1996-09
1573,133,175,1996-09
1574,321,175,1996-09
1575,446,175,1996-09
1576,133,170,1996-09
1577,173,170,1996-09
1578,321,170,1996-09
1579,386,170,1996-09
1580,173,295,1996-09
1581,321,295,1996-09
1582,386,295,1996-09
1583,133,169,1996-09
1584,173,169,1996-09
1585,321,169,1996-09
1586,133,174,1996-09
1587,321,174,1996-09
1588,94,955,1996-09
1589,133,955,1996-09
1590,173,955,1996-09
1591,446,955,1996-09
1592,94,964,1996-09
1593,173,964,1996-09
1594,446,964,1996-09
1595,133,173,1996-09
1596,173,173,1996-09
1597,446,173,1996-09
1598,94,965,1996-09
1599,321,965,1996-09
1600,446,965,1996-09
1601,133,172,1996-09
1602,173,172,1996-09
1603,386,172,1996-09
1604,133,168,1996-09
1605,173,168,1996-09
1606,94,966,1996-09
1607,386,966,1996-09
1608,446,966,1996-09
1609,321,508,1996-09
1610,386,508,1996-09
1611,530,508,1996-09
1612,386,631,1996-09
1613,446,631,1996-09
1614,530,631,1996-09
1615,386,632,1996-09
1616,530,632,1996-09
1617,94,957,1996-09
1618,133,957,1996-09
1619,446,957,1996-09
1620,94,956,1996-09
1621,133,956,1996-09
1622,386,956,1996-09
1623,321,507,1996-09
1624,386,507,1996-09
1625,446,507,1996-09
1626,94,967,1996-09
1627,446,967,1996-09
1628,530,967,1996-09
1629,321,509,1996-09
1630,530,509,1996-09
1631,94,954,1996-09
1632,133,954,1996-09
1633,109,78,1996-09
1634,386,78,1996-09
1635,133,176,1996-09
1636,385,176,1996-09
1637,6,885,1996-10
1638,37,885,1996-10
1639,81,885,1996-10
1640,117,885,1996-10
1641,559,885,1996-10
1642,6,888,1996-10
1643,81,888,1996-10
1644,117,888,1996-10
1645,126,888,1996-10
1646,559,888,1996-10
1647,6,889,1996-10
1648,81,889,1996-10
1649,117,889,1996-10
1650,559,889,1996-10
1651,6,886,1996-10
1652,458,886,1996-10
1653,559,886,1996-10
1654,6,884,1996-10
1655,181,884,1996-10
1656,559,884,1996-10
1657,565,884,1996-10
1658,181,335,1996-10
1659,458,335,1996-10
1660,559,335,1996-10
1661,565,335,1996-10
1662,117,109,1996-10
1663,181,109,1996-10
1664,458,109,1996-10
1665,117,110,1996-10
1666,181,110,1996-10
1667,501,110,1996-10
1668,6,879,1996-10
1669,117,879,1996-10
1670,126,879,1996-10
1671,559,879,1996-10
1672,117,111,1996-10
1673,181,111,1996-10
1674,559,111,1996-10
1675,565,111,1996-10
1676,181,337,1996-10
1677,559,337,1996-10
1678,565,337,1996-10
1679,6,880,1996-10
1680,117,880,1996-10
1681,181,880,1996-10
1682,559,880,1996-10
1683,6,883,1996-10
1684,181,883,1996-10
1685,501,883,1996-10
1686,117,113,1996-10
1687,458,113,1996-10
1688,559,113,1996-10
1689,81,946,1996-10
1690,559,946,1996-10
1691,565,946,1996-10
1692,37,557,1996-10
1693,117,557,1996-10
1694,559,557,1996-10
1695,81,944,1996-10
1696,117,944,1996-10
1697,181,944,1996-10
1698,81,943,1996-10
1699,117,943,1996-10
1700,181,334,1996-10
1701,458,334,1996-10
1702,559,334,1996-10
1703,181,333,1996-10
1704,458,333,1996-10
1705,6,882,1996-10
1706,126,882,1996-10
1707,458,882,1996-10
1708,117,114,1996-10
1709,559,114,1996-10
1710,565,114,1996-10
1711,181,336,1996-10
1712,501,336,1996-10
1713,81,945,1996-10
1714,181,945,1996-10
1715,6,881,1996-10
1716,126,881,1996-10
1717,117,112,1996-10
1718,458,112,1996-10
1719,126,145,1996-10
1720,559,145,1996-10
1721,385,628,1996-10
1722,501,628,1996-10
1723,6,887,1996-10
1724,565,887,1996-10
1725,501,803,1996-10
1726,559,803,1996-10
1727,37,556,1996-10
1728,117,556,1996-10
1729,58,856,1996-11
1730,121,856,1996-11
1731,240,856,1996-11
1732,347,856,1996-11
1733,566,856,1996-11
1734,569,856,1996-11
1735,121,120,1996-11
1736,240,120,1996-11
1737,347,120,1996-11
1738,373,120,1996-11
1739,374,120,1996-11
1740,379,120,1996-11
1741,470,120,1996-11
1742,609,120,1996-11
1743,5,800,1996-11
1744,58,800,1996-11
1745,240,800,1996-11
1746,347,800,1996-11
1747,373,800,1996-11
1748,379,800,1996-11
1749,240,405,1996-11
1750,347,405,1996-11
1751,373,405,1996-11
1752,379,405,1996-11
1753,58,868,1996-11
1754,347,868,1996-11
1755,373,868,1996-11
1756,374,868,1996-11
1757,470,868,1996-11
1758,609,868,1996-11
1759,347,528,1996-11
1760,373,528,1996-11
1761,374,528,1996-11
1762,470,528,1996-11
1763,609,528,1996-11
1764,5,798,1996-11
1765,58,798,1996-11
1766,121,798,1996-11
1767,240,798,1996-11
1768,374,798,1996-11
1769,566,798,1996-11
1770,43,717,1996-11
1771,58,717,1996-11
1772,121,717,1996-11
1773,240,717,1996-11
1774,566,717,1996-11
1775,58,857,1996-11
1776,121,857,1996-11
1777,240,857,1996-11
1778,566,857,1996-11
1779,5,799,1996-11
1780,58,799,1996-11
1781,240,799,1996-11
1782,58,855,1996-11
1783,121,855,1996-11
1784,240,855,1996-11
1785,347,855,1996-11
1786,470,855,1996-11
1787,609,855,1996-11
1788,58,854,1996-11
1789,121,854,1996-11
1790,240,854,1996-11
1791,347,854,1996-11
1792,121,121,1996-11
1793,240,121,1996-11
1794,347,121,1996-11
1795,470,121,1996-11
1796,609,121,1996-11
1797,121,119,1996-11
1798,240,119,1996-11
1799,347,119,1996-11
1800,58,866,1996-11
1801,340,866,1996-11
1802,347,866,1996-11
1803,470,866,1996-11
1804,609,866,1996-11
1805,58,872,1996-11
1806,347,872,1996-11
1807,470,872,1996-11
1808,609,872,1996-11
1809,5,784,1996-11
1810,121,784,1996-11
1811,374,784,1996-11
1812,470,784,1996-11
1813,566,784,1996-11
1814,609,784,1996-11
1815,121,136,1996-11
1816,374,136,1996-11
1817,470,136,1996-11
1818,609,136,1996-11
1819,5,785,1996-11
1820,121,785,1996-11
1821,374,785,1996-11
1822,566,785,1996-11
1823,347,533,1996-11
1824,374,533,1996-11
1825,379,533,1996-11
1826,470,533,1996-11
1827,609,533,1996-11
1828,340,522,1996-11
1829,347,522,1996-11
1830,374,522,1996-11
1831,470,522,1996-11
1832,609,522,1996-11
1833,347,535,1996-11
1834,374,535,1996-11
1835,470,535,1996-11
1836,609,535,1996-11
1837,340,523,1996-11
1838,347,523,1996-11
1839,470,523,1996-11
1840,609,523,1996-11
1841,347,537,1996-11
1842,470,537,1996-11
1843,609,537,1996-11
1844,374,564,1996-11
1845,470,564,1996-11
1846,609,564,1996-11
1847,43,718,1996-11
1848,58,718,1996-11
1849,174,718,1996-11
1850,58,874,1996-11
1851,373,874,1996-11
1852,470,874,1996-11
1853,609,874,1996-11
1854,373,561,1996-11
1855,470,561,1996-11
1856,609,561,1996-11
1857,43,716,1996-11
1858,58,716,1996-11
1859,58,876,1996-11
1860,470,876,1996-11
1861,609,876,1996-11
1862,347,534,1996-11
1863,374,534,1996-11
1864,470,534,1996-11
1865,566,534,1996-11
1866,174,302,1996-11
1867,347,302,1996-11
1868,566,302,1996-11
1869,470,760,1996-11
1870,569,760,1996-11
1871,609,760,1996-11
1872,43,711,1996-11
1873,174,711,1996-11
1874,569,711,1996-11
1875,43,710,1996-11
1876,174,710,1996-11
1877,470,710,1996-11
1878,609,710,1996-11
1879,121,128,1996-11
1880,347,128,1996-11
1881,373,128,1996-11
1882,566,128,1996-11
1883,609,128,1996-11
1884,121,132,1996-11
1885,347,132,1996-11
1886,566,132,1996-11
1887,121,129,1996-11
1888,347,129,1996-11
1889,373,129,1996-11
1890,609,129,1996-11
1891,121,133,1996-11
1892,347,133,1996-11
1893,609,133,1996-11
1894,121,139,1996-11
1895,566,139,1996-11
1896,609,139,1996-11
1897,5,783,1996-11
1898,121,783,1996-11
1899,373,783,1996-11
1900,566,783,1996-11
1901,5,797,1996-11
1902,43,797,1996-11
1903,121,797,1996-11
1904,566,797,1996-11
1905,43,707,1996-11
1906,121,707,1996-11
1907,566,707,1996-11
1908,121,134,1996-11
1909,373,134,1996-11
1910,566,134,1996-11
1911,121,130,1996-11
1912,347,130,1996-11
1913,374,130,1996-11
1914,379,130,1996-11
1915,470,130,1996-11
1916,347,532,1996-11
1917,374,532,1996-11
1918,379,532,1996-11
1919,470,532,1996-11
1920,240,407,1996-11
1921,374,407,1996-11
1922,566,407,1996-11
1923,609,407,1996-11
1924,240,408,1996-11
1925,374,408,1996-11
1926,609,408,1996-11
1927,240,406,1996-11
1928,374,406,1996-11
1929,566,406,1996-11
1930,374,565,1996-11
1931,566,565,1996-11
1932,609,565,1996-11
1933,174,306,1996-11
1934,374,306,1996-11
1935,566,306,1996-11
1936,566,843,1996-11
1937,609,843,1996-11
1938,5,781,1996-11
1939,121,781,1996-11
1940,347,781,1996-11
1941,373,781,1996-11
1942,470,781,1996-11
1943,121,127,1996-11
1944,347,127,1996-11
1945,373,127,1996-11
1946,470,127,1996-11
1947,121,126,1996-11
1948,347,126,1996-11
1949,373,126,1996-11
1950,5,782,1996-11
1951,121,782,1996-11
1952,373,782,1996-11
1953,121,124,1996-11
1954,240,124,1996-11
1955,374,124,1996-11
1956,470,124,1996-11
1957,121,125,1996-11
1958,240,125,1996-11
1959,470,125,1996-11
1960,174,305,1996-11
1961,374,305,1996-11
1962,470,305,1996-11
1963,121,135,1996-11
1964,374,135,1996-11
1965,470,135,1996-11
1966,174,296,1996-11
1967,240,296,1996-11
1968,374,296,1996-11
1969,174,304,1996-11
1970,374,304,1996-11
1971,240,411,1996-11
1972,470,411,1996-11
1973,566,411,1996-11
1974,174,308,1996-11
1975,470,308,1996-11
1976,566,308,1996-11
1977,174,299,1996-11
1978,240,299,1996-11
1979,566,299,1996-11
1980,240,412,1996-11
1981,566,412,1996-11
1982,174,298,1996-11
1983,240,298,1996-11
1984,470,298,1996-11
1985,121,131,1996-11
1986,347,131,1996-11
1987,379,131,1996-11
1988,470,131,1996-11
1989,347,536,1996-11
1990,379,536,1996-11
1991,470,536,1996-11
1992,121,138,1996-11
1993,470,138,1996-11
1994,609,138,1996-11
1995,174,310,1996-11
1996,470,310,1996-11
1997,609,310,1996-11
1998,58,852,1996-11
1999,121,852,1996-11
2000,174,852,1996-11
2001,240,852,1996-11
2002,58,853,1996-11
2003,121,853,1996-11
2004,240,853,1996-11
2005,121,117,1996-11
2006,174,117,1996-11
2007,240,117,1996-11
2008,58,860,1996-11
2009,121,860,1996-11
2010,470,860,1996-11
2011,58,864,1996-11
2012,174,864,1996-11
2013,470,864,1996-11
2014,121,118,1996-11
2015,174,118,1996-11
2016,470,118,1996-11
2017,58,851,1996-11
2018,121,851,1996-11
2019,174,851,1996-11
2020,5,787,1996-11
2021,121,787,1996-11
2022,379,787,1996-11
2023,470,787,1996-11
2024,121,137,1996-11
2025,379,137,1996-11
2026,470,137,1996-11
2027,240,410,1996-11
2028,379,410,1996-11
2029,609,410,1996-11
2030,174,297,1996-11
2031,240,297,1996-11
2032,379,297,1996-11
2033,379,567,1996-11
2034,609,567,1996-11
2035,174,300,1996-11
2036,240,300,1996-11
2037,609,300,1996-11
2038,240,413,1996-11
2039,609,413,1996-11
2040,174,313,1996-11
2041,609,313,1996-11
2042,58,869,1996-11
2043,347,869,1996-11
2044,373,869,1996-11
2045,566,869,1996-11
2046,58,873,1996-11
2047,347,873,1996-11
2048,566,873,1996-11
2049,58,867,1996-11
2050,347,867,1996-11
2051,373,867,1996-11
2052,58,877,1996-11
2053,566,877,1996-11
2054,347,530,1996-11
2055,373,530,1996-11
2056,566,530,1996-11
2057,347,538,1996-11
2058,566,538,1996-11
2059,5,791,1996-11
2060,174,791,1996-11
2061,240,791,1996-11
2062,373,791,1996-11
2063,5,793,1996-11
2064,240,793,1996-11
2065,373,793,1996-11
2066,58,862,1996-11
2067,174,862,1996-11
2068,240,862,1996-11
2069,347,862,1996-11
2070,58,865,1996-11
2071,240,865,1996-11
2072,347,865,1996-11
2073,58,861,1996-11
2074,174,861,1996-11
2075,240,861,1996-11
2076,121,122,1996-11
2077,240,122,1996-11
2078,373,122,1996-11
2079,374,122,1996-11
2080,373,558,1996-11
2081,374,558,1996-11
2082,121,123,1996-11
2083,240,123,1996-11
2084,374,123,1996-11
2085,5,796,1996-11
2086,347,796,1996-11
2087,373,796,1996-11
2088,609,796,1996-11
2089,5,801,1996-11
2090,609,801,1996-11
2091,347,531,1996-11
2092,373,531,1996-11
2093,609,531,1996-11
2094,5,795,1996-11
2095,347,795,1996-11
2096,373,795,1996-11
2097,5,788,1996-11
2098,121,788,1996-11
2099,379,788,1996-11
2100,566,788,1996-11
2101,5,790,1996-11
2102,121,790,1996-11
2103,566,790,1996-11
2104,5,786,1996-11
2105,121,786,1996-11
2106,379,786,1996-11
2107,347,529,1996-11
2108,373,529,1996-11
2109,470,529,1996-11
2110,5,789,1996-11
2111,121,789,1996-11
2112,470,789,1996-11
2113,174,301,1996-11
2114,347,301,1996-11
2115,470,301,1996-11
2116,174,309,1996-11
2117,470,309,1996-11
2118,569,309,1996-11
2119,470,759,1996-11
2120,569,759,1996-11
2121,43,713,1996-11
2122,347,713,1996-11
2123,43,719,1996-11
2124,609,719,1996-11
2125,58,863,1996-11
2126,174,863,1996-11
2127,373,863,1996-11
2128,58,858,1996-11
2129,121,858,1996-11
2130,347,858,1996-11
2131,43,709,1996-11
2132,174,709,1996-11
2133,470,709,1996-11
2134,43,708,1996-11
2135,174,708,1996-11
2136,5,794,1996-11
2137,240,794,1996-11
2138,379,794,1996-11
2139,240,409,1996-11
2140,379,409,1996-11
2141,5,792,1996-11
2142,240,792,1996-11
2143,58,859,1996-11
2144,121,859,1996-11
2145,373,859,1996-11
2146,174,312,1996-11
2147,569,312,1996-11
2148,58,871,1996-11
2149,347,871,1996-11
2150,379,871,1996-11
2151,174,307,1996-11
2152,379,307,1996-11
2153,373,560,1996-11
2154,379,560,1996-11
2155,566,560,1996-11
2156,373,559,1996-11
2157,379,559,1996-11
2158,373,562,1996-11
2159,566,562,1996-11
2160,379,566,1996-11
2161,566,566,1996-11
2162,374,563,1996-11
2163,470,563,1996-11
2164,566,563,1996-11
2165,470,758,1996-11
2166,566,758,1996-11
2167,58,870,1996-11
2168,347,870,1996-11
2169,374,870,1996-11
2170,58,875,1996-11
2171,374,875,1996-11
2172,43,715,1996-11
2173,470,715,1996-11
2174,174,303,1996-11
2175,373,303,1996-11
2176,43,712,1996-11
2177,240,712,1996-11
2178,43,714,1996-11
2179,373,714,1996-11
2180,43,706,1996-11
2181,121,706,1996-11
2182,174,311,1996-11
2183,566,311,1996-11
2184,206,357,1996-12
2185,269,357,1996-12
2186,402,693,1996-12
2187,524,693,1996-12
2188,206,358,1996-12
2189,470,358,1996-12
2190,269,442,1996-12
2191,402,442,1996-12
2192,206,359,1996-12
2193,524,359,1996-12
2194,31,484,1996-12
2195,524,484,1996-12
2196,150,256,1997-01
2197,270,256,1997-01
2198,451,256,1997-01
2199,521,256,1997-01
2200,150,252,1997-01
2201,179,252,1997-01
2202,521,252,1997-01
2203,150,259,1997-01
2204,521,259,1997-01
2205,179,321,1997-01
2206,302,321,1997-01
2207,214,366,1997-01
2208,270,366,1997-01
2209,302,366,1997-01
2210,179,320,1997-01
2211,270,320,1997-01
2212,451,320,1997-01
2213,521,320,1997-01
2214,270,446,1997-01
2215,451,446,1997-01
2216,521,446,1997-01
2217,150,255,1997-01
2218,270,255,1997-01
2219,302,255,1997-01
2220,150,254,1997-01
2221,270,254,1997-01
2222,150,257,1997-01
2223,302,257,1997-01
2224,270,444,1997-01
2225,302,444,1997-01
2226,270,447,1997-01
2227,521,447,1997-01
2228,524,447,1997-01
2229,150,251,1997-01
2230,179,251,1997-01
2231,451,251,1997-01
2232,179,325,1997-01
2233,451,325,1997-01
2234,179,319,1997-01
2235,270,319,1997-01
2236,302,475,1997-01
2237,521,475,1997-01
2238,150,258,1997-01
2239,451,258,1997-01
2240,179,331,1997-01
2241,521,331,1997-01
2242,150,260,1997-01
2243,524,260,1997-01
2244,521,809,1997-01
2245,524,809,1997-01
2246,270,445,1997-01
2247,451,445,1997-01
2248,179,316,1997-01
2249,214,316,1997-01
2250,150,250,1997-01
2251,179,250,1997-01
2252,150,253,1997-01
2253,214,253,1997-01
2254,214,367,1997-01
2255,451,367,1997-01
2256,32,503,1997-02
2257,151,503,1997-02
2258,529,503,1997-02
2259,151,262,1997-02
2260,529,262,1997-02
2261,32,506,1997-02
2262,90,506,1997-02
2263,90,950,1997-02
2264,151,950,1997-02
2265,32,505,1997-02
2266,529,505,1997-02
2267,32,504,1997-02
2268,456,504,1997-02
2269,90,951,1997-02
2270,529,951,1997-02
2271,151,261,1997-02
2272,456,261,1997-02
2273,456,736,1997-02
2274,529,736,1997-02
2275,84,949,1997-03
2276,276,949,1997-03
2277,389,633,1997-03
2278,437,633,1997-03
2279,277,456,1997-04
2280,337,456,1997-04
2281,120,116,1997-04
2282,337,116,1997-04
2283,71,905,1997-05
2284,350,905,1997-05
2285,492,905,1997-05
2286,71,907,1997-05
2287,559,907,1997-05
2288,492,778,1997-05
2289,559,778,1997-05
2290,71,904,1997-05
2291,350,904,1997-05
2292,350,548,1997-05
2293,559,548,1997-05
2294,71,906,1997-05
2295,492,906,1997-05
2296,263,438,1999-10
2297,597,438,1999-10
2298,33,516,1999-10
2299,268,516,1999-10
2300,199,348,1999-10
2301,597,348,1999-10
2302,268,441,1999-10
2303,412,441,1999-10
2304,33,514,1999-10
2305,156,514,1999-10
2306,33,517,1999-10
2307,597,517,1999-10
2308,33,515,1999-10
2309,263,515,1999-10
2310,140,223,1999-11
2311,383,223,1999-11
2312,266,440,1999-12
2313,577,440,1999-12
2314,156,264,2000-01
2315,225,264,2000-01
2316,45,735,2000-02
2317,140,735,2000-02
2318,59,878,2000-03
2319,603,878,2000-03
2320,1,1,2000-07
2321,96,1,2000-07
2322,1,0,2000-07
2323,607,0,2000-07
2324,430,720,2000-07
2325,607,720,2000-07
2326,96,970,2000-07
2327,603,970,2000-07
2328,27,443,2000-07
2329,607,443,2000-07
2330,19,342,2000-08
2331,57,342,2000-08
2332,294,342,2000-08
2333,469,342,2000-08
2334,19,341,2000-08
2335,57,341,2000-08
2336,294,341,2000-08
2337,19,340,2000-08
2338,57,340,2000-08
2339,265,340,2000-08
2340,57,844,2000-08
2341,265,844,2000-08
2342,294,844,2000-08
2343,265,439,2000-08
2344,294,439,2000-08
2345,469,439,2000-08
2346,57,846,2000-08
2347,294,846,2000-08
2348,469,846,2000-08
2349,57,845,2000-08
2350,265,845,2000-08
2351,469,845,2000-08
2352,140,225,2000-08
2353,469,225,2000-08
2354,19,343,2000-08
2355,571,343,2000-08
2356,469,753,2000-08
2357,571,753,2000-08
2358,19,339,2000-08
2359,265,339,2000-08
2360,57,848,2000-10
2361,453,848,2000-10
2362,368,555,2000-10
2363,591,555,2000-10
2364,368,554,2000-10
2365,453,554,2000-10
2366,57,847,2000-10
2367,368,847,2000-10
2368,216,368,2000-11
2369,474,368,2000-11
2370,202,355,2000-11
2371,216,355,2000-11
2372,474,761,2000-11
2373,546,761,2000-11
2374,39,634,2000-11
2375,202,634,2000-11
2376,195,346,2000-11
2377,202,346,2000-11
2378,202,356,2000-11
2379,290,356,2000-11
2380,195,347,2000-11
2381,244,347,2000-11
2382,288,468,2001-01
2383,474,468,2001-01
2384,474,762,2001-01
2385,555,762,2001-01
2386,113,108,2001-01
2387,555,108,2001-01
2388,384,626,2001-07
2389,516,626,2001-07
2390,42,702,2001-07
2391,384,702,2001-07
2392,42,703,2001-07
2393,516,703,2001-07
2394,164,267,2001-09
2395,493,267,2001-09
2396,414,700,2002-04
2397,448,700,2002-04
2398,288,467,2002-08
2399,313,467,2002-08
2400,325,511,2002-12
2401,479,511,2002-12
2402,104,28,2003-03
2403,275,28,2003-03
2404,104,29,2003-03
2405,474,29,2003-03
2406,275,455,2003-03
2407,474,455,2003-03
2408,20,352,2003-05
2409,449,352,2003-05
2410,20,351,2003-05
2411,448,351,2003-05
2412,20,350,2003-05
2413,427,350,2003-05
2414,427,705,2003-05
2415,474,705,2003-05
2416,20,353,2003-05
2417,474,353,2003-05
2418,140,220,2003-06
2419,182,220,2003-06
2420,95,969,2003-12
2421,474,969,2003-12
2422,82,947,2004-05
2423,140,947,2004-05
2424,140,224,2004-05
2425,425,224,2004-05
2426,309,483,2004-06
2427,474,483,2004-06
2428,414,701,2004-07
2429,474,701,2004-07
2430,226,379,2004-09
2431,346,379,2004-09
2432,346,527,2004-09
2433,387,527,2004-09
2434,7,901,2005-01
2435,156,901,2005-01
2436,438,724,2005-01
2437,482,724,2005-01
2438,95,968,2005-01
2439,438,968,2005-01
2440,7,903,2005-01
2441,438,903,2005-01
2442,438,723,2005-01
2443,448,723,2005-01
2444,7,902,2005-01
2445,425,902,2005-01
2446,425,704,2005-01
2447,438,704,2005-01
2448,316,495,2005-03
2449,428,495,2005-03
2450,552,495,2005-03
2451,221,376,2005-03
2452,552,376,2005-03
2453,194,345,2005-03
2454,428,345,2005-03
2455,396,652,2005-03
2456,502,652,2005-03
2457,218,369,2005-03
2458,316,369,2005-03
2459,502,804,2005-03
2460,552,804,2005-03
2461,316,496,2005-03
2462,552,496,2005-03
2463,218,370,2005-03
2464,428,370,2005-03
2465,287,466,2005-03
2466,428,466,2005-03
2467,221,375,2005-03
2468,428,375,2005-03
2469,91,953,2005-04
2470,488,953,2005-04
2471,91,952,2005-04
2472,438,952,2005-04
2473,140,226,2005-05
2474,608,226,2005-05
2475,474,764,2005-05
2476,608,764,2005-05
2477,462,752,2005-07
2478,478,752,2005-07
2479,144,246,2006-01
2480,264,246,2006-01
2481,75,909,2006-09
2482,132,909,2006-09
2483,68,900,2006-09
2484,75,900,2006-09
2485,232,391,2006-09
2486,414,391,2006-09
2487,64,894,2006-10
2488,513,894,2006-10
2489,64,893,2006-10
2490,226,893,2006-10
2491,64,892,2006-10
2492,187,892,2006-10
2493,34,521,2006-11
2494,381,521,2006-11
2495,381,625,2006-11
2496,542,625,2006-11
2497,129,146,2006-12
2498,399,146,2006-12
2499,140,222,2006-12
2500,381,222,2006-12
2501,140,221,2007-02
2502,274,221,2007-02
2503,274,454,2007-02
2504,387,454,2007-02
2505,274,454,2007-03
2506,387,454,2007-03
2507,288,469,2007-05
2508,480,469,2007-05
2509,254,428,2007-05
2510,483,428,2007-05
2511,474,763,2007-05
2512,606,763,2007-05
2513,232,392,2007-06
2514,593,392,2007-06
2515,483,768,2007-06
2516,570,768,2007-06
2517,570,849,2007-06
2518,606,849,2007-06
2519,68,899,2007-06
2520,570,899,2007-06
2521,307,481,2007-08
2522,573,481,2007-08
2523,274,453,2007-08
2524,307,453,2007-08
2525,226,378,2007-11
2526,230,378,2007-11
2527,219,371,2007-11
2528,226,371,2007-11
2529,354,551,2008-01
2530,381,551,2008-01
2531,219,372,2008-01
2532,354,372,2008-01
2533,381,624,2008-01
2534,477,624,2008-01
2535,343,525,2008-02
2536,361,525,2008-02
2537,72,908,2008-07
2538,483,908,2008-07
2539,232,391,2008-07
2540,414,391,2008-07
2541,232,390,2008-08
2542,322,390,2008-08
2543,420,390,2008-08
2544,232,389,2008-08
2545,292,389,2008-08
2546,68,895,2008-12
2547,200,895,2008-12
2548,200,354,2008-12
2549,220,354,2008-12
2550,68,897,2008-12
2551,356,897,2008-12
2552,28,460,2009-02
2553,334,460,2009-02
2554,28,458,2009-02
2555,271,458,2009-02
2556,28,459,2009-02
2557,318,459,2009-02
2558,440,725,2009-03
2559,600,725,2009-03
2560,318,498,2009-03
2561,369,498,2009-03
2562,28,461,2009-03
2563,369,461,2009-03
2564,334,519,2009-03
2565,600,519,2009-03
2566,318,502,2009-03
2567,600,502,2009-03
2568,28,462,2009-03
2569,600,462,2009-03
2570,78,911,2009-09
2571,522,911,2009-09
2572,207,360,2009-11
2573,590,360,2009-11
2574,220,374,2009-11
2575,590,374,2009-11
2576,431,721,2010-02
2577,590,721,2010-02
2578,292,471,2010-02
2579,590,471,2010-02
2580,318,501,2010-02
2581,590,501,2010-02
2582,22,373,2010-03
2583,68,373,2010-03
2584,68,896,2010-03
2585,318,896,2010-03
2586,318,499,2010-04
2587,434,499,2010-04
2588,330,518,2010-10
2589,464,518,2010-10
2590,132,167,2012-02
2591,351,167,2012-02
2592,351,549,2012-02
2593,490,549,2012-02
2594,489,777,2012-03
2595,539,777,2012-03
2596,292,470,2012-03
2597,489,470,2012-03
2598,83,948,2012-04
2599,503,948,2012-04
2600,249,426,2012-10
2601,606,426,2012-10
2602,222,377,2014-02
2603,528,377,2014-02
2604,318,500,2014-11
2605,483,500,2014-11
2606,308,482,2015-01
2607,323,482,2015-01
2608,323,510,2015-01
2609,344,510,2015-01
2610,344,526,2015-01
2611,443,526,2015-01
2612,487,776,2015-04
2613,497,776,2015-04
2614,317,497,2015-05
2615,393,497,2015-05
2616,103,27,2015-05
2617,393,27,2015-05
2618,103,26,2015-05
2619,249,26,2015-05
2620,21,362,2015-07
2621,509,362,2015-07
2622,119,115,2015-07
2623,509,115,2015-07
2624,448,733,2015-07
2625,509,733,2015-07
2626,76,910,2015-08
2627,466,910,2015-08
2628,63,891,2015-09
2629,112,891,2015-09
2630,21,364,2015-09
2631,63,364,2015-09
2632,2,349,2015-10
2633,378,349,2015-10
2634,233,393,2015-11
2635,241,393,2015-11
2636,105,33,2015-11
2637,233,33,2015-11
2638,298,33,2015-11
2639,105,31,2015-11
2640,227,31,2015-11
2641,298,31,2015-11
2642,105,34,2015-11
2643,241,34,2015-11
2644,123,142,2015-11
2645,241,142,2015-11
2646,105,32,2015-11
2647,233,32,2015-11
2648,123,144,2015-11
2649,582,144,2015-11
2650,298,473,2015-11
2651,581,473,2015-11
2652,105,35,2015-11
2653,581,35,2015-11
2654,298,472,2015-11
2655,318,472,2015-11
2656,298,474,2015-11
2657,582,474,2015-11
2658,105,30,2015-11
2659,227,30,2015-11
2660,123,143,2015-11
2661,298,143,2015-11
2662,10,2,2016-02
2663,445,2,2016-02
2664,24,403,2016-03
2665,424,403,2016-03
2666,41,698,2016-03
2667,495,698,2016-03
2668,24,404,2016-03
2669,495,404,2016-03
2670,305,478,2016-04
2671,339,478,2016-04
2672,534,478,2016-04
2673,305,477,2016-04
2674,319,477,2016-04
2675,339,520,2016-04
2676,418,520,2016-04
2677,122,141,2016-04
2678,534,141,2016-04
2679,448,734,2016-04
2680,534,734,2016-04
2681,122,140,2016-04
2682,305,140,2016-04
2683,408,697,2016-07
2684,560,697,2016-07
2685,52,808,2016-07
2686,560,808,2016-07
2687,21,361,2016-07
2688,247,361,2016-07
2689,106,36,2016-07
2690,560,36,2016-07
2691,21,363,2016-07
2692,560,363,2016-07
2693,564,842,2016-11
2694,610,842,2016-11
2695,341,524,2017-02
2696,517,524,2017-02
2697,365,553,2017-03
2698,548,553,2017-03
2699,365,552,2017-03
2700,517,552,2017-03
2701,212,365,2017-03
2702,414,365,2017-03
2703,47,757,2017-05
2704,380,757,2017-05
2705,610,757,2017-05
2706,47,755,2017-05
2707,352,755,2017-05
2708,610,755,2017-05
2709,328,513,2017-05
2710,380,513,2017-05
2711,610,513,2017-05
2712,47,756,2017-05
2713,380,756,2017-05
2714,47,754,2017-05
2715,352,754,2017-05
2716,328,512,2017-05
2717,352,512,2017-05
2718,252,427,2017-06
2719,599,427,2017-06
2720,279,457,2017-09
2721,551,457,2017-09
2722,15,249,2017-11
2723,401,249,2017-11
2724,50,802,2017-12
2725,401,802,2017-12
2726,141,227,2017-12
2727,401,227,2017-12
2728,306,480,2018-02
2729,599,480,2018-02
2730,305,476,2018-02
2731,306,476,2018-02
2732,62,890,2018-03
2733,89,890,2018-03
2734,153,263,2018-05
2735,567,263,2018-05
2736,68,898,2018-05
2737,567,898,2018-05
2738,305,479,2018-08
2739,514,479,2018-08
2740,233,394,2018-08
2741,596,394,2018-08
2742,272,448,2018-08
2743,596,448,2018-08
2744,248,425,2018-08
2745,596,425,2018-08
2746,514,807,2018-08
2747,596,807,2018-08
2748,184,338,2018-09
2749,331,338,2018-09
