,user_id,group_id,period
0,54,1034,1996-04
1,191,1034,1996-04
2,54,1035,1996-04
3,99,1035,1996-04
4,40,825,1996-05
5,107,825,1996-05
6,136,825,1996-05
7,145,825,1996-05
8,353,825,1996-05
9,468,825,1996-05
10,107,48,1996-05
11,130,48,1996-05
12,136,48,1996-05
13,145,48,1996-05
14,468,48,1996-05
15,107,55,1996-05
16,136,55,1996-05
17,145,55,1996-05
18,468,55,1996-05
19,604,55,1996-05
20,107,54,1996-05
21,136,54,1996-05
22,145,54,1996-05
23,468,54,1996-05
24,40,823,1996-05
25,107,823,1996-05
26,130,823,1996-05
27,145,823,1996-05
28,40,830,1996-05
29,107,830,1996-05
30,145,830,1996-05
31,284,830,1996-05
32,604,830,1996-05
33,40,829,1996-05
34,107,829,1996-05
35,145,829,1996-05
36,107,50,1996-05
37,130,50,1996-05
38,145,50,1996-05
39,604,50,1996-05
40,107,49,1996-05
41,130,49,1996-05
42,145,49,1996-05
43,107,60,1996-05
44,145,60,1996-05
45,604,60,1996-05
46,40,834,1996-05
47,130,834,1996-05
48,136,834,1996-05
49,145,834,1996-05
50,353,834,1996-05
51,436,834,1996-05
52,40,842,1996-05
53,136,842,1996-05
54,145,842,1996-05
55,353,842,1996-05
56,604,842,1996-05
57,40,841,1996-05
58,136,841,1996-05
59,145,841,1996-05
60,353,841,1996-05
61,40,836,1996-05
62,130,836,1996-05
63,145,836,1996-05
64,604,836,1996-05
65,40,835,1996-05
66,130,835,1996-05
67,145,835,1996-05
68,40,827,1996-05
69,107,827,1996-05
70,136,827,1996-05
71,436,827,1996-05
72,468,827,1996-05
73,40,826,1996-05
74,107,826,1996-05
75,136,826,1996-05
76,284,826,1996-05
77,468,826,1996-05
78,40,828,1996-05
79,107,828,1996-05
80,136,828,1996-05
81,468,828,1996-05
82,107,56,1996-05
83,136,56,1996-05
84,468,56,1996-05
85,40,831,1996-05
86,107,831,1996-05
87,284,831,1996-05
88,40,847,1996-05
89,136,847,1996-05
90,284,847,1996-05
91,353,847,1996-05
92,604,847,1996-05
93,40,862,1996-05
94,284,862,1996-05
95,604,862,1996-05
96,40,851,1996-05
97,136,851,1996-05
98,353,851,1996-05
99,436,851,1996-05
100,604,851,1996-05
101,40,850,1996-05
102,136,850,1996-05
103,353,850,1996-05
104,436,850,1996-05
105,40,852,1996-05
106,136,852,1996-05
107,353,852,1996-05
108,604,852,1996-05
109,40,849,1996-05
110,136,849,1996-05
111,353,849,1996-05
112,40,848,1996-05
113,136,848,1996-05
114,284,848,1996-05
115,436,848,1996-05
116,40,846,1996-05
117,136,846,1996-05
118,284,846,1996-05
119,134,226,1996-05
120,136,226,1996-05
121,353,226,1996-05
122,436,226,1996-05
123,468,226,1996-05
124,136,255,1996-05
125,353,255,1996-05
126,468,255,1996-05
127,604,255,1996-05
128,136,254,1996-05
129,353,254,1996-05
130,468,254,1996-05
131,136,253,1996-05
132,353,253,1996-05
133,436,253,1996-05
134,604,253,1996-05
135,136,240,1996-05
136,145,240,1996-05
137,284,240,1996-05
138,353,240,1996-05
139,145,307,1996-05
140,284,307,1996-05
141,136,242,1996-05
142,145,242,1996-05
143,353,242,1996-05
144,436,242,1996-05
145,136,241,1996-05
146,145,241,1996-05
147,353,241,1996-05
148,136,247,1996-05
149,284,247,1996-05
150,353,247,1996-05
151,436,247,1996-05
152,136,246,1996-05
153,284,246,1996-05
154,353,246,1996-05
155,40,844,1996-05
156,136,844,1996-05
157,145,844,1996-05
158,436,844,1996-05
159,604,844,1996-05
160,40,843,1996-05
161,136,843,1996-05
162,145,843,1996-05
163,436,843,1996-05
164,40,845,1996-05
165,136,845,1996-05
166,145,845,1996-05
167,604,845,1996-05
168,40,840,1996-05
169,136,840,1996-05
170,145,840,1996-05
171,136,243,1996-05
172,145,243,1996-05
173,436,243,1996-05
174,130,190,1996-05
175,136,190,1996-05
176,145,190,1996-05
177,444,190,1996-05
178,604,190,1996-05
179,130,191,1996-05
180,136,191,1996-05
181,145,191,1996-05
182,604,191,1996-05
183,130,189,1996-05
184,136,189,1996-05
185,145,189,1996-05
186,130,203,1996-05
187,145,203,1996-05
188,604,203,1996-05
189,136,244,1996-05
190,145,244,1996-05
191,604,244,1996-05
192,136,239,1996-05
193,145,239,1996-05
194,134,225,1996-05
195,136,225,1996-05
196,353,225,1996-05
197,436,225,1996-05
198,40,824,1996-05
199,107,824,1996-05
200,130,824,1996-05
201,353,824,1996-05
202,40,832,1996-05
203,107,832,1996-05
204,353,832,1996-05
205,40,822,1996-05
206,107,822,1996-05
207,130,822,1996-05
208,107,47,1996-05
209,130,47,1996-05
210,40,837,1996-05
211,130,837,1996-05
212,353,837,1996-05
213,40,833,1996-05
214,130,833,1996-05
215,40,821,1996-05
216,107,821,1996-05
217,130,193,1996-05
218,136,193,1996-05
219,436,193,1996-05
220,468,193,1996-05
221,130,198,1996-05
222,136,198,1996-05
223,468,198,1996-05
224,604,198,1996-05
225,130,194,1996-05
226,136,194,1996-05
227,436,194,1996-05
228,604,194,1996-05
229,130,192,1996-05
230,136,192,1996-05
231,436,192,1996-05
232,136,259,1996-05
233,436,259,1996-05
234,468,259,1996-05
235,604,259,1996-05
236,136,262,1996-05
237,468,262,1996-05
238,604,262,1996-05
239,136,258,1996-05
240,436,258,1996-05
241,468,258,1996-05
242,130,199,1996-05
243,136,199,1996-05
244,604,199,1996-05
245,130,187,1996-05
246,134,187,1996-05
247,145,187,1996-05
248,436,187,1996-05
249,468,187,1996-05
250,130,202,1996-05
251,145,202,1996-05
252,468,202,1996-05
253,130,201,1996-05
254,145,201,1996-05
255,436,201,1996-05
256,134,236,1996-05
257,436,236,1996-05
258,468,236,1996-05
259,130,200,1996-05
260,145,200,1996-05
261,130,205,1996-05
262,436,205,1996-05
263,468,205,1996-05
264,130,204,1996-05
265,436,204,1996-05
266,40,854,1996-05
267,136,854,1996-05
268,436,854,1996-05
269,604,854,1996-05
270,35,683,1996-05
271,40,683,1996-05
272,107,58,1996-05
273,145,58,1996-05
274,436,58,1996-05
275,468,58,1996-05
276,107,59,1996-05
277,145,59,1996-05
278,468,59,1996-05
279,107,61,1996-05
280,436,61,1996-05
281,468,61,1996-05
282,145,309,1996-05
283,436,309,1996-05
284,468,309,1996-05
285,436,906,1996-05
286,468,906,1996-05
287,134,227,1996-05
288,136,227,1996-05
289,353,227,1996-05
290,604,227,1996-05
291,134,224,1996-05
292,136,224,1996-05
293,353,224,1996-05
294,130,196,1996-05
295,136,196,1996-05
296,444,196,1996-05
297,468,196,1996-05
298,130,195,1996-05
299,136,195,1996-05
300,444,195,1996-05
301,130,197,1996-05
302,136,197,1996-05
303,468,197,1996-05
304,136,261,1996-05
305,468,261,1996-05
306,130,206,1996-05
307,468,206,1996-05
308,107,52,1996-05
309,134,52,1996-05
310,145,52,1996-05
311,35,682,1996-05
312,107,682,1996-05
313,134,230,1996-05
314,145,230,1996-05
315,107,57,1996-05
316,145,57,1996-05
317,40,858,1996-05
318,145,858,1996-05
319,436,858,1996-05
320,604,858,1996-05
321,40,857,1996-05
322,145,857,1996-05
323,436,857,1996-05
324,40,859,1996-05
325,145,859,1996-05
326,604,859,1996-05
327,40,856,1996-05
328,145,856,1996-05
329,145,311,1996-05
330,604,311,1996-05
331,40,866,1996-05
332,436,866,1996-05
333,604,866,1996-05
334,145,308,1996-05
335,436,308,1996-05
336,107,53,1996-05
337,134,53,1996-05
338,468,53,1996-05
339,107,62,1996-05
340,444,62,1996-05
341,468,62,1996-05
342,134,237,1996-05
343,468,237,1996-05
344,444,912,1996-05
345,468,912,1996-05
346,107,51,1996-05
347,134,51,1996-05
348,40,861,1996-05
349,284,861,1996-05
350,353,861,1996-05
351,134,233,1996-05
352,353,233,1996-05
353,436,233,1996-05
354,604,233,1996-05
355,353,691,1996-05
356,436,691,1996-05
357,604,691,1996-05
358,134,232,1996-05
359,353,232,1996-05
360,436,232,1996-05
361,134,234,1996-05
362,353,234,1996-05
363,604,234,1996-05
364,136,249,1996-05
365,284,249,1996-05
366,436,249,1996-05
367,604,249,1996-05
368,136,250,1996-05
369,284,250,1996-05
370,604,250,1996-05
371,136,260,1996-05
372,436,260,1996-05
373,604,260,1996-05
374,130,208,1996-05
375,604,208,1996-05
376,130,186,1996-05
377,134,186,1996-05
378,136,252,1996-05
379,353,252,1996-05
380,436,252,1996-05
381,353,690,1996-05
382,436,690,1996-05
383,40,838,1996-05
384,134,838,1996-05
385,136,256,1996-05
386,353,256,1996-05
387,604,256,1996-05
388,134,228,1996-05
389,136,228,1996-05
390,436,228,1996-05
391,134,235,1996-05
392,436,235,1996-05
393,284,573,1996-05
394,436,573,1996-05
395,604,573,1996-05
396,40,864,1996-05
397,353,864,1996-05
398,604,864,1996-05
399,134,229,1996-05
400,136,229,1996-05
401,604,229,1996-05
402,136,248,1996-05
403,284,248,1996-05
404,436,248,1996-05
405,40,853,1996-05
406,136,853,1996-05
407,436,853,1996-05
408,40,855,1996-05
409,136,855,1996-05
410,604,855,1996-05
411,136,264,1996-05
412,604,264,1996-05
413,40,839,1996-05
414,136,839,1996-05
415,130,207,1996-05
416,536,207,1996-05
417,136,263,1996-05
418,536,263,1996-05
419,130,188,1996-05
420,136,188,1996-05
421,40,860,1996-05
422,284,860,1996-05
423,134,223,1996-05
424,136,223,1996-05
425,134,231,1996-05
426,353,231,1996-05
427,353,692,1996-05
428,604,692,1996-05
429,134,238,1996-05
430,604,238,1996-05
431,284,575,1996-05
432,604,575,1996-05
433,536,1024,1996-05
434,604,1024,1996-05
435,35,684,1996-05
436,604,684,1996-05
437,284,571,1996-05
438,353,571,1996-05
439,136,251,1996-05
440,353,251,1996-05
441,284,574,1996-05
442,536,574,1996-05
443,436,908,1996-05
444,604,908,1996-05
445,107,63,1996-05
446,468,63,1996-05
447,145,310,1996-05
448,468,310,1996-05
449,40,867,1996-05
450,536,867,1996-05
451,284,572,1996-05
452,436,572,1996-05
453,40,863,1996-05
454,353,863,1996-05
455,436,907,1996-05
456,536,907,1996-05
457,136,245,1996-05
458,284,245,1996-05
459,40,865,1996-05
460,436,865,1996-05
461,136,257,1996-05
462,436,257,1996-05
463,40,868,1996-05
464,604,868,1996-05
465,46,933,1996-06
466,242,933,1996-06
467,314,933,1996-06
468,385,933,1996-06
469,411,933,1996-06
470,102,24,1996-06
471,385,24,1996-06
472,541,24,1996-06
473,574,24,1996-06
474,584,24,1996-06
475,56,1039,1996-06
476,102,1039,1996-06
477,273,1039,1996-06
478,411,1039,1996-06
479,584,1039,1996-06
480,102,17,1996-06
481,314,17,1996-06
482,411,17,1996-06
483,541,17,1996-06
484,349,679,1996-06
485,411,679,1996-06
486,476,679,1996-06
487,56,1040,1996-06
488,102,1040,1996-06
489,349,1040,1996-06
490,411,1040,1996-06
491,314,612,1996-06
492,411,612,1996-06
493,541,612,1996-06
494,584,612,1996-06
495,476,964,1996-06
496,541,964,1996-06
497,584,964,1996-06
498,14,269,1996-06
499,314,269,1996-06
500,411,269,1996-06
501,476,269,1996-06
502,541,269,1996-06
503,314,611,1996-06
504,411,611,1996-06
505,541,611,1996-06
506,46,938,1996-06
507,314,938,1996-06
508,385,938,1996-06
509,411,938,1996-06
510,476,938,1996-06
511,46,937,1996-06
512,314,937,1996-06
513,385,937,1996-06
514,411,937,1996-06
515,46,929,1996-06
516,102,929,1996-06
517,242,929,1996-06
518,314,929,1996-06
519,46,932,1996-06
520,242,932,1996-06
521,314,932,1996-06
522,46,936,1996-06
523,314,936,1996-06
524,56,1042,1996-06
525,102,1042,1996-06
526,411,1042,1996-06
527,476,1042,1996-06
528,541,1042,1996-06
529,56,1043,1996-06
530,102,1043,1996-06
531,411,1043,1996-06
532,541,1043,1996-06
533,102,27,1996-06
534,411,27,1996-06
535,476,27,1996-06
536,541,27,1996-06
537,102,28,1996-06
538,411,28,1996-06
539,541,28,1996-06
540,102,30,1996-06
541,476,30,1996-06
542,541,30,1996-06
543,411,879,1996-06
544,476,879,1996-06
545,541,879,1996-06
546,102,8,1996-06
547,242,8,1996-06
548,314,8,1996-06
549,411,8,1996-06
550,476,965,1996-06
551,574,965,1996-06
552,584,965,1996-06
553,14,277,1996-06
554,476,277,1996-06
555,584,277,1996-06
556,476,966,1996-06
557,584,966,1996-06
558,56,1046,1996-06
559,242,1046,1996-06
560,314,1046,1996-06
561,411,1046,1996-06
562,56,1058,1996-06
563,411,1058,1996-06
564,476,1058,1996-06
565,242,514,1996-06
566,314,514,1996-06
567,411,514,1996-06
568,476,514,1996-06
569,242,513,1996-06
570,314,513,1996-06
571,411,513,1996-06
572,56,1047,1996-06
573,242,1047,1996-06
574,314,1047,1996-06
575,541,1047,1996-06
576,584,1047,1996-06
577,314,616,1996-06
578,541,616,1996-06
579,584,616,1996-06
580,56,1045,1996-06
581,242,1045,1996-06
582,314,1045,1996-06
583,102,12,1996-06
584,273,12,1996-06
585,385,12,1996-06
586,541,12,1996-06
587,102,23,1996-06
588,385,23,1996-06
589,541,23,1996-06
590,14,267,1996-06
591,102,267,1996-06
592,541,267,1996-06
593,56,1052,1996-06
594,314,1052,1996-06
595,385,1052,1996-06
596,541,1052,1996-06
597,56,1054,1996-06
598,314,1054,1996-06
599,541,1054,1996-06
600,56,1060,1996-06
601,541,1060,1996-06
602,14,275,1996-06
603,46,275,1996-06
604,102,275,1996-06
605,242,275,1996-06
606,46,928,1996-06
607,102,928,1996-06
608,242,928,1996-06
609,242,516,1996-06
610,349,516,1996-06
611,411,516,1996-06
612,102,9,1996-06
613,242,9,1996-06
614,411,9,1996-06
615,46,942,1996-06
616,56,942,1996-06
617,411,942,1996-06
618,46,941,1996-06
619,411,941,1996-06
620,574,941,1996-06
621,584,941,1996-06
622,574,1074,1996-06
623,584,1074,1996-06
624,46,935,1996-06
625,242,935,1996-06
626,385,935,1996-06
627,541,935,1996-06
628,46,934,1996-06
629,242,934,1996-06
630,385,934,1996-06
631,46,931,1996-06
632,242,931,1996-06
633,56,1053,1996-06
634,314,1053,1996-06
635,385,1053,1996-06
636,584,1053,1996-06
637,385,792,1996-06
638,584,792,1996-06
639,56,1055,1996-06
640,314,1055,1996-06
641,584,1055,1996-06
642,56,1051,1996-06
643,314,1051,1996-06
644,385,1051,1996-06
645,102,16,1996-06
646,314,16,1996-06
647,411,16,1996-06
648,476,16,1996-06
649,102,15,1996-06
650,314,15,1996-06
651,411,15,1996-06
652,314,610,1996-06
653,411,610,1996-06
654,476,610,1996-06
655,14,266,1996-06
656,102,266,1996-06
657,314,266,1996-06
658,14,268,1996-06
659,314,268,1996-06
660,14,265,1996-06
661,102,265,1996-06
662,314,605,1996-06
663,349,605,1996-06
664,385,605,1996-06
665,476,605,1996-06
666,314,607,1996-06
667,385,607,1996-06
668,476,607,1996-06
669,102,11,1996-06
670,273,11,1996-06
671,349,11,1996-06
672,411,11,1996-06
673,102,13,1996-06
674,273,13,1996-06
675,411,13,1996-06
676,102,20,1996-06
677,349,20,1996-06
678,411,20,1996-06
679,349,678,1996-06
680,411,678,1996-06
681,102,19,1996-06
682,349,19,1996-06
683,385,788,1996-06
684,411,788,1996-06
685,541,788,1996-06
686,14,274,1996-06
687,411,274,1996-06
688,541,274,1996-06
689,14,272,1996-06
690,385,272,1996-06
691,541,272,1996-06
692,349,681,1996-06
693,541,681,1996-06
694,314,604,1996-06
695,349,604,1996-06
696,385,604,1996-06
697,314,603,1996-06
698,349,603,1996-06
699,102,7,1996-06
700,242,7,1996-06
701,314,7,1996-06
702,102,6,1996-06
703,242,6,1996-06
704,273,6,1996-06
705,102,10,1996-06
706,273,10,1996-06
707,102,5,1996-06
708,242,5,1996-06
709,102,26,1996-06
710,411,26,1996-06
711,476,26,1996-06
712,411,878,1996-06
713,476,878,1996-06
714,56,1041,1996-06
715,102,1041,1996-06
716,411,1041,1996-06
717,56,1057,1996-06
718,411,1057,1996-06
719,56,1048,1996-06
720,242,1048,1996-06
721,476,1048,1996-06
722,56,1059,1996-06
723,476,1059,1996-06
724,314,613,1996-06
725,411,613,1996-06
726,584,613,1996-06
727,314,617,1996-06
728,584,617,1996-06
729,349,677,1996-06
730,385,677,1996-06
731,476,677,1996-06
732,349,676,1996-06
733,385,676,1996-06
734,102,32,1996-06
735,541,32,1996-06
736,584,32,1996-06
737,102,33,1996-06
738,584,33,1996-06
739,541,1036,1996-06
740,584,1036,1996-06
741,102,31,1996-06
742,541,31,1996-06
743,56,1049,1996-06
744,242,1049,1996-06
745,584,1049,1996-06
746,56,1061,1996-06
747,584,1061,1996-06
748,192,426,1996-06
749,476,426,1996-06
750,242,519,1996-06
751,476,519,1996-06
752,102,18,1996-06
753,314,18,1996-06
754,476,18,1996-06
755,314,614,1996-06
756,476,614,1996-06
757,102,22,1996-06
758,385,22,1996-06
759,476,22,1996-06
760,385,789,1996-06
761,476,789,1996-06
762,102,29,1996-06
763,476,29,1996-06
764,46,930,1996-06
765,102,930,1996-06
766,411,930,1996-06
767,46,940,1996-06
768,411,940,1996-06
769,14,276,1996-06
770,476,276,1996-06
771,14,270,1996-06
772,349,270,1996-06
773,349,680,1996-06
774,476,680,1996-06
775,242,515,1996-06
776,314,515,1996-06
777,541,515,1996-06
778,242,520,1996-06
779,541,520,1996-06
780,242,512,1996-06
781,314,512,1996-06
782,314,608,1996-06
783,385,608,1996-06
784,541,608,1996-06
785,14,271,1996-06
786,385,271,1996-06
787,385,791,1996-06
788,541,791,1996-06
789,102,14,1996-06
790,314,14,1996-06
791,102,21,1996-06
792,385,21,1996-06
793,56,1050,1996-06
794,314,1050,1996-06
795,314,615,1996-06
796,541,615,1996-06
797,102,25,1996-06
798,411,25,1996-06
799,273,558,1996-06
800,411,558,1996-06
801,46,939,1996-06
802,385,939,1996-06
803,242,518,1996-06
804,411,518,1996-06
805,46,927,1996-06
806,102,927,1996-06
807,242,521,1996-06
808,584,521,1996-06
809,385,787,1996-06
810,411,787,1996-06
811,476,963,1996-06
812,541,963,1996-06
813,56,1056,1996-06
814,385,1056,1996-06
815,56,1038,1996-06
816,102,1038,1996-06
817,46,943,1996-06
818,584,943,1996-06
819,56,1044,1996-06
820,242,1044,1996-06
821,314,609,1996-06
822,411,609,1996-06
823,14,278,1996-06
824,541,278,1996-06
825,273,556,1996-06
826,314,556,1996-06
827,14,273,1996-06
828,411,273,1996-06
829,411,881,1996-06
830,584,881,1996-06
831,411,880,1996-06
832,541,880,1996-06
833,242,517,1996-06
834,385,517,1996-06
835,314,606,1996-06
836,385,606,1996-06
837,273,559,1996-06
838,541,559,1996-06
839,229,475,1996-07
840,485,475,1996-07
841,26,533,1996-07
842,162,533,1996-07
843,447,918,1996-07
844,455,918,1996-07
845,485,918,1996-07
846,229,472,1996-07
847,447,472,1996-07
848,455,472,1996-07
849,229,469,1996-07
850,404,469,1996-07
851,455,469,1996-07
852,592,469,1996-07
853,229,474,1996-07
854,455,474,1996-07
855,592,474,1996-07
856,162,330,1996-07
857,229,330,1996-07
858,26,535,1996-07
859,447,535,1996-07
860,26,534,1996-07
861,229,534,1996-07
862,404,871,1996-07
863,447,871,1996-07
864,455,871,1996-07
865,229,468,1996-07
866,404,468,1996-07
867,455,468,1996-07
868,447,919,1996-07
869,455,919,1996-07
870,592,919,1996-07
871,404,873,1996-07
872,455,873,1996-07
873,592,873,1996-07
874,243,523,1996-07
875,485,523,1996-07
876,592,523,1996-07
877,229,470,1996-07
878,404,470,1996-07
879,592,470,1996-07
880,26,536,1996-07
881,455,536,1996-07
882,243,524,1996-07
883,592,524,1996-07
884,26,537,1996-07
885,592,537,1996-07
886,273,557,1996-07
887,404,557,1996-07
888,162,331,1996-07
889,404,331,1996-07
890,404,872,1996-07
891,455,872,1996-07
892,404,874,1996-07
893,592,874,1996-07
894,447,920,1996-07
895,592,920,1996-07
896,455,924,1996-07
897,592,924,1996-07
898,229,466,1996-07
899,273,466,1996-07
900,229,467,1996-07
901,404,467,1996-07
902,229,473,1996-07
903,455,473,1996-07
904,229,476,1996-07
905,592,476,1996-07
906,447,917,1996-07
907,455,917,1996-07
908,404,870,1996-07
909,447,870,1996-07
910,229,465,1996-07
911,243,465,1996-07
912,229,471,1996-07
913,447,471,1996-07
914,243,522,1996-07
915,455,522,1996-07
916,38,734,1996-08
917,109,734,1996-08
918,394,734,1996-08
919,498,734,1996-08
920,170,334,1996-08
921,176,334,1996-08
922,179,334,1996-08
923,235,334,1996-08
924,394,334,1996-08
925,498,334,1996-08
926,38,771,1996-08
927,498,771,1996-08
928,512,771,1996-08
929,588,771,1996-08
930,602,771,1996-08
931,8,1154,1996-08
932,142,1154,1996-08
933,170,1154,1996-08
934,176,1154,1996-08
935,498,1154,1996-08
936,38,747,1996-08
937,170,747,1996-08
938,176,747,1996-08
939,498,747,1996-08
940,38,770,1996-08
941,498,770,1996-08
942,170,335,1996-08
943,176,335,1996-08
944,498,335,1996-08
945,109,73,1996-08
946,170,73,1996-08
947,235,73,1996-08
948,507,73,1996-08
949,38,735,1996-08
950,109,735,1996-08
951,394,735,1996-08
952,588,735,1996-08
953,142,289,1996-08
954,170,289,1996-08
955,394,289,1996-08
956,444,289,1996-08
957,38,722,1996-08
958,109,722,1996-08
959,170,722,1996-08
960,394,722,1996-08
961,38,733,1996-08
962,109,733,1996-08
963,394,733,1996-08
964,38,744,1996-08
965,142,744,1996-08
966,170,744,1996-08
967,588,744,1996-08
968,54,1027,1996-08
969,109,1027,1996-08
970,170,1027,1996-08
971,444,1027,1996-08
972,588,1027,1996-08
973,8,1156,1996-08
974,170,1156,1996-08
975,235,1156,1996-08
976,395,1156,1996-08
977,444,1156,1996-08
978,38,721,1996-08
979,109,721,1996-08
980,170,721,1996-08
981,235,721,1996-08
982,8,1171,1996-08
983,38,1171,1996-08
984,170,1171,1996-08
985,512,1171,1996-08
986,109,72,1996-08
987,170,72,1996-08
988,235,72,1996-08
989,444,72,1996-08
990,170,339,1996-08
991,235,339,1996-08
992,444,339,1996-08
993,109,71,1996-08
994,170,71,1996-08
995,235,71,1996-08
996,38,723,1996-08
997,109,723,1996-08
998,170,723,1996-08
999,444,723,1996-08
1000,109,78,1996-08
1001,170,78,1996-08
1002,444,78,1996-08
1003,170,348,1996-08
1004,444,348,1996-08
1005,8,1158,1996-08
1006,176,1158,1996-08
1007,235,1158,1996-08
1008,38,727,1996-08
1009,109,727,1996-08
1010,176,727,1996-08
1011,235,727,1996-08
1012,507,727,1996-08
1013,8,1172,1996-08
1014,38,1172,1996-08
1015,176,1172,1996-08
1016,8,1157,1996-08
1017,176,1157,1996-08
1018,8,1169,1996-08
1019,38,1169,1996-08
1020,109,1169,1996-08
1021,235,1169,1996-08
1022,486,970,1996-08
1023,498,970,1996-08
1024,512,970,1996-08
1025,588,970,1996-08
1026,602,970,1996-08
1027,142,294,1996-08
1028,235,294,1996-08
1029,498,294,1996-08
1030,235,490,1996-08
1031,498,490,1996-08
1032,142,301,1996-08
1033,498,301,1996-08
1034,512,301,1996-08
1035,588,301,1996-08
1036,602,301,1996-08
1037,142,300,1996-08
1038,498,300,1996-08
1039,235,489,1996-08
1040,486,489,1996-08
1041,38,741,1996-08
1042,109,741,1996-08
1043,486,741,1996-08
1044,512,741,1996-08
1045,588,741,1996-08
1046,38,720,1996-08
1047,109,720,1996-08
1048,170,720,1996-08
1049,176,720,1996-08
1050,38,748,1996-08
1051,170,748,1996-08
1052,176,748,1996-08
1053,512,748,1996-08
1054,588,748,1996-08
1055,38,774,1996-08
1056,512,774,1996-08
1057,588,774,1996-08
1058,38,746,1996-08
1059,170,746,1996-08
1060,176,746,1996-08
1061,170,333,1996-08
1062,176,333,1996-08
1063,38,725,1996-08
1064,109,725,1996-08
1065,170,725,1996-08
1066,588,725,1996-08
1067,38,750,1996-08
1068,170,750,1996-08
1069,588,750,1996-08
1070,38,724,1996-08
1071,109,724,1996-08
1072,170,724,1996-08
1073,512,724,1996-08
1074,38,749,1996-08
1075,170,749,1996-08
1076,512,749,1996-08
1077,38,719,1996-08
1078,109,719,1996-08
1079,170,719,1996-08
1080,38,728,1996-08
1081,109,728,1996-08
1082,176,728,1996-08
1083,486,728,1996-08
1084,38,740,1996-08
1085,109,740,1996-08
1086,486,740,1996-08
1087,38,726,1996-08
1088,109,726,1996-08
1089,176,726,1996-08
1090,486,974,1996-08
1091,512,974,1996-08
1092,588,974,1996-08
1093,54,1026,1996-08
1094,109,1026,1996-08
1095,142,1026,1996-08
1096,588,1026,1996-08
1097,142,303,1996-08
1098,512,303,1996-08
1099,588,303,1996-08
1100,142,304,1996-08
1101,588,304,1996-08
1102,109,102,1996-08
1103,395,102,1996-08
1104,498,102,1996-08
1105,512,102,1996-08
1106,588,102,1996-08
1107,602,102,1996-08
1108,109,123,1996-08
1109,507,123,1996-08
1110,588,123,1996-08
1111,602,123,1996-08
1112,498,981,1996-08
1113,512,981,1996-08
1114,588,981,1996-08
1115,602,981,1996-08
1116,109,104,1996-08
1117,395,104,1996-08
1118,507,104,1996-08
1119,512,104,1996-08
1120,588,104,1996-08
1121,109,106,1996-08
1122,395,106,1996-08
1123,512,106,1996-08
1124,588,106,1996-08
1125,109,126,1996-08
1126,512,126,1996-08
1127,588,126,1996-08
1128,109,111,1996-08
1129,486,111,1996-08
1130,498,111,1996-08
1131,588,111,1996-08
1132,486,971,1996-08
1133,498,971,1996-08
1134,588,971,1996-08
1135,109,115,1996-08
1136,486,115,1996-08
1137,588,115,1996-08
1138,54,1031,1996-08
1139,109,1031,1996-08
1140,507,1031,1996-08
1141,588,1031,1996-08
1142,109,118,1996-08
1143,498,118,1996-08
1144,507,118,1996-08
1145,588,118,1996-08
1146,109,119,1996-08
1147,498,119,1996-08
1148,588,119,1996-08
1149,109,117,1996-08
1150,498,117,1996-08
1151,507,117,1996-08
1152,395,808,1996-08
1153,486,808,1996-08
1154,512,808,1996-08
1155,602,808,1996-08
1156,179,405,1996-08
1157,507,405,1996-08
1158,395,814,1996-08
1159,507,814,1996-08
1160,512,814,1996-08
1161,602,814,1996-08
1162,395,816,1996-08
1163,512,816,1996-08
1164,602,816,1996-08
1165,395,813,1996-08
1166,507,813,1996-08
1167,512,813,1996-08
1168,109,92,1996-08
1169,262,92,1996-08
1170,394,92,1996-08
1171,512,92,1996-08
1172,109,86,1996-08
1173,179,86,1996-08
1174,394,86,1996-08
1175,8,1153,1996-08
1176,109,1153,1996-08
1177,512,1153,1996-08
1178,38,778,1996-08
1179,54,778,1996-08
1180,109,778,1996-08
1181,444,778,1996-08
1182,54,1030,1996-08
1183,109,1030,1996-08
1184,444,1030,1996-08
1185,38,737,1996-08
1186,109,737,1996-08
1187,395,737,1996-08
1188,444,737,1996-08
1189,512,737,1996-08
1190,38,738,1996-08
1191,109,738,1996-08
1192,395,738,1996-08
1193,512,738,1996-08
1194,395,805,1996-08
1195,444,805,1996-08
1196,38,739,1996-08
1197,109,739,1996-08
1198,444,739,1996-08
1199,38,742,1996-08
1200,109,742,1996-08
1201,512,742,1996-08
1202,54,1029,1996-08
1203,109,1029,1996-08
1204,395,1029,1996-08
1205,512,1029,1996-08
1206,109,105,1996-08
1207,395,105,1996-08
1208,512,105,1996-08
1209,170,345,1996-08
1210,395,345,1996-08
1211,498,345,1996-08
1212,170,353,1996-08
1213,498,353,1996-08
1214,588,353,1996-08
1215,602,353,1996-08
1216,395,811,1996-08
1217,498,811,1996-08
1218,588,811,1996-08
1219,602,811,1996-08
1220,498,984,1996-08
1221,588,984,1996-08
1222,602,984,1996-08
1223,498,983,1996-08
1224,588,983,1996-08
1225,38,732,1996-08
1226,109,732,1996-08
1227,262,732,1996-08
1228,588,732,1996-08
1229,38,779,1996-08
1230,54,779,1996-08
1231,109,779,1996-08
1232,588,779,1996-08
1233,38,743,1996-08
1234,109,743,1996-08
1235,588,743,1996-08
1236,54,1032,1996-08
1237,109,1032,1996-08
1238,588,1032,1996-08
1239,142,290,1996-08
1240,170,290,1996-08
1241,395,290,1996-08
1242,142,291,1996-08
1243,170,291,1996-08
1244,602,291,1996-08
1245,142,288,1996-08
1246,170,288,1996-08
1247,142,299,1996-08
1248,486,299,1996-08
1249,602,299,1996-08
1250,395,809,1996-08
1251,486,809,1996-08
1252,602,809,1996-08
1253,170,347,1996-08
1254,395,347,1996-08
1255,602,347,1996-08
1256,109,75,1996-08
1257,170,75,1996-08
1258,394,75,1996-08
1259,507,75,1996-08
1260,109,80,1996-08
1261,170,80,1996-08
1262,507,80,1996-08
1263,588,80,1996-08
1264,109,79,1996-08
1265,170,79,1996-08
1266,507,79,1996-08
1267,109,76,1996-08
1268,170,76,1996-08
1269,394,76,1996-08
1270,588,76,1996-08
1271,109,98,1996-08
1272,394,98,1996-08
1273,588,98,1996-08
1274,109,74,1996-08
1275,170,74,1996-08
1276,394,74,1996-08
1277,109,122,1996-08
1278,507,122,1996-08
1279,588,122,1996-08
1280,109,67,1996-08
1281,142,67,1996-08
1282,395,67,1996-08
1283,507,67,1996-08
1284,109,103,1996-08
1285,395,103,1996-08
1286,507,103,1996-08
1287,109,112,1996-08
1288,486,112,1996-08
1289,507,112,1996-08
1290,395,807,1996-08
1291,486,807,1996-08
1292,507,807,1996-08
1293,394,802,1996-08
1294,498,802,1996-08
1295,512,802,1996-08
1296,602,802,1996-08
1297,170,343,1996-08
1298,394,343,1996-08
1299,498,343,1996-08
1300,170,352,1996-08
1301,498,352,1996-08
1302,512,352,1996-08
1303,602,352,1996-08
1304,394,803,1996-08
1305,512,803,1996-08
1306,170,354,1996-08
1307,498,354,1996-08
1308,602,354,1996-08
1309,170,351,1996-08
1310,498,351,1996-08
1311,170,342,1996-08
1312,394,342,1996-08
1313,8,1161,1996-08
1314,179,1161,1996-08
1315,498,1161,1996-08
1316,179,404,1996-08
1317,498,404,1996-08
1318,8,1181,1996-08
1319,498,1181,1996-08
1320,512,1181,1996-08
1321,602,1181,1996-08
1322,8,1180,1996-08
1323,498,1180,1996-08
1324,179,407,1996-08
1325,512,407,1996-08
1326,602,407,1996-08
1327,8,1162,1996-08
1328,179,1162,1996-08
1329,512,1162,1996-08
1330,179,406,1996-08
1331,512,406,1996-08
1332,498,982,1996-08
1333,512,982,1996-08
1334,602,982,1996-08
1335,498,985,1996-08
1336,602,985,1996-08
1337,142,292,1996-08
1338,179,292,1996-08
1339,395,292,1996-08
1340,179,400,1996-08
1341,395,400,1996-08
1342,486,400,1996-08
1343,109,66,1996-08
1344,142,66,1996-08
1345,395,66,1996-08
1346,486,66,1996-08
1347,109,100,1996-08
1348,395,100,1996-08
1349,486,100,1996-08
1350,109,65,1996-08
1351,142,65,1996-08
1352,395,65,1996-08
1353,142,297,1996-08
1354,395,297,1996-08
1355,486,297,1996-08
1356,142,298,1996-08
1357,486,298,1996-08
1358,142,296,1996-08
1359,395,296,1996-08
1360,395,806,1996-08
1361,486,806,1996-08
1362,38,761,1996-08
1363,262,761,1996-08
1364,395,761,1996-08
1365,512,761,1996-08
1366,8,1174,1996-08
1367,38,1174,1996-08
1368,395,1174,1996-08
1369,512,1174,1996-08
1370,8,1166,1996-08
1371,262,1166,1996-08
1372,512,1166,1996-08
1373,38,765,1996-08
1374,395,765,1996-08
1375,512,765,1996-08
1376,179,394,1996-08
1377,235,394,1996-08
1378,395,394,1996-08
1379,38,753,1996-08
1380,179,753,1996-08
1381,235,753,1996-08
1382,179,393,1996-08
1383,235,393,1996-08
1384,179,401,1996-08
1385,395,401,1996-08
1386,602,401,1996-08
1387,38,763,1996-08
1388,394,763,1996-08
1389,602,763,1996-08
1390,38,754,1996-08
1391,179,754,1996-08
1392,394,754,1996-08
1393,38,762,1996-08
1394,394,762,1996-08
1395,8,1160,1996-08
1396,179,1160,1996-08
1397,394,1160,1996-08
1398,179,398,1996-08
1399,394,398,1996-08
1400,394,804,1996-08
1401,602,804,1996-08
1402,8,1163,1996-08
1403,179,1163,1996-08
1404,602,1163,1996-08
1405,8,1159,1996-08
1406,179,1159,1996-08
1407,38,756,1996-08
1408,179,756,1996-08
1409,602,756,1996-08
1410,179,409,1996-08
1411,602,409,1996-08
1412,109,90,1996-08
1413,235,90,1996-08
1414,512,90,1996-08
1415,109,89,1996-08
1416,235,89,1996-08
1417,507,89,1996-08
1418,142,295,1996-08
1419,235,295,1996-08
1420,512,295,1996-08
1421,142,293,1996-08
1422,235,293,1996-08
1423,109,69,1996-08
1424,142,69,1996-08
1425,507,69,1996-08
1426,512,69,1996-08
1427,142,302,1996-08
1428,512,302,1996-08
1429,109,121,1996-08
1430,507,121,1996-08
1431,512,121,1996-08
1432,507,1016,1996-08
1433,512,1016,1996-08
1434,109,68,1996-08
1435,142,68,1996-08
1436,507,68,1996-08
1437,170,358,1996-08
1438,512,358,1996-08
1439,588,358,1996-08
1440,602,358,1996-08
1441,170,341,1996-08
1442,235,341,1996-08
1443,588,341,1996-08
1444,602,341,1996-08
1445,170,340,1996-08
1446,235,340,1996-08
1447,512,340,1996-08
1448,170,338,1996-08
1449,235,338,1996-08
1450,235,492,1996-08
1451,512,492,1996-08
1452,588,492,1996-08
1453,602,492,1996-08
1454,235,493,1996-08
1455,588,493,1996-08
1456,602,493,1996-08
1457,170,357,1996-08
1458,512,357,1996-08
1459,588,357,1996-08
1460,170,361,1996-08
1461,588,361,1996-08
1462,602,361,1996-08
1463,170,359,1996-08
1464,512,359,1996-08
1465,602,359,1996-08
1466,170,356,1996-08
1467,512,356,1996-08
1468,235,491,1996-08
1469,512,491,1996-08
1470,38,766,1996-08
1471,395,766,1996-08
1472,588,766,1996-08
1473,602,766,1996-08
1474,8,1177,1996-08
1475,38,1177,1996-08
1476,588,1177,1996-08
1477,602,1177,1996-08
1478,38,781,1996-08
1479,588,781,1996-08
1480,602,781,1996-08
1481,395,818,1996-08
1482,588,818,1996-08
1483,602,818,1996-08
1484,38,780,1996-08
1485,588,780,1996-08
1486,38,767,1996-08
1487,395,767,1996-08
1488,602,767,1996-08
1489,38,729,1996-08
1490,109,729,1996-08
1491,179,729,1996-08
1492,109,87,1996-08
1493,179,87,1996-08
1494,395,87,1996-08
1495,38,755,1996-08
1496,179,755,1996-08
1497,395,755,1996-08
1498,38,752,1996-08
1499,179,752,1996-08
1500,109,96,1996-08
1501,394,96,1996-08
1502,395,96,1996-08
1503,498,96,1996-08
1504,394,800,1996-08
1505,395,800,1996-08
1506,498,800,1996-08
1507,109,97,1996-08
1508,394,97,1996-08
1509,498,97,1996-08
1510,109,101,1996-08
1511,395,101,1996-08
1512,498,101,1996-08
1513,109,116,1996-08
1514,498,116,1996-08
1515,395,810,1996-08
1516,498,810,1996-08
1517,109,95,1996-08
1518,394,95,1996-08
1519,394,801,1996-08
1520,498,801,1996-08
1521,262,539,1996-08
1522,512,539,1996-08
1523,588,539,1996-08
1524,602,539,1996-08
1525,262,538,1996-08
1526,512,538,1996-08
1527,512,1019,1996-08
1528,588,1019,1996-08
1529,602,1019,1996-08
1530,512,1018,1996-08
1531,588,1018,1996-08
1532,176,390,1996-08
1533,395,390,1996-08
1534,38,760,1996-08
1535,262,760,1996-08
1536,395,760,1996-08
1537,170,350,1996-08
1538,486,350,1996-08
1539,588,350,1996-08
1540,486,976,1996-08
1541,588,976,1996-08
1542,170,349,1996-08
1543,486,349,1996-08
1544,179,403,1996-08
1545,486,403,1996-08
1546,38,731,1996-08
1547,109,731,1996-08
1548,235,731,1996-08
1549,395,731,1996-08
1550,38,730,1996-08
1551,109,730,1996-08
1552,235,730,1996-08
1553,38,758,1996-08
1554,235,758,1996-08
1555,395,758,1996-08
1556,235,488,1996-08
1557,395,488,1996-08
1558,109,77,1996-08
1559,170,77,1996-08
1560,395,77,1996-08
1561,109,107,1996-08
1562,395,107,1996-08
1563,588,107,1996-08
1564,170,346,1996-08
1565,395,346,1996-08
1566,588,346,1996-08
1567,109,81,1996-08
1568,170,81,1996-08
1569,588,81,1996-08
1570,109,70,1996-08
1571,170,70,1996-08
1572,395,817,1996-08
1573,588,817,1996-08
1574,170,360,1996-08
1575,588,360,1996-08
1576,38,777,1996-08
1577,54,777,1996-08
1578,109,777,1996-08
1579,395,777,1996-08
1580,54,1028,1996-08
1581,109,1028,1996-08
1582,395,1028,1996-08
1583,38,776,1996-08
1584,54,776,1996-08
1585,109,776,1996-08
1586,54,1025,1996-08
1587,109,1025,1996-08
1588,8,1170,1996-08
1589,38,1170,1996-08
1590,109,1170,1996-08
1591,395,1170,1996-08
1592,8,1168,1996-08
1593,38,1168,1996-08
1594,109,1168,1996-08
1595,8,1173,1996-08
1596,38,1173,1996-08
1597,395,1173,1996-08
1598,8,1179,1996-08
1599,395,1179,1996-08
1600,38,736,1996-08
1601,109,736,1996-08
1602,395,736,1996-08
1603,109,114,1996-08
1604,486,114,1996-08
1605,512,114,1996-08
1606,602,114,1996-08
1607,109,113,1996-08
1608,486,113,1996-08
1609,512,113,1996-08
1610,109,127,1996-08
1611,512,127,1996-08
1612,602,127,1996-08
1613,486,975,1996-08
1614,512,975,1996-08
1615,602,975,1996-08
1616,486,973,1996-08
1617,512,973,1996-08
1618,109,110,1996-08
1619,486,110,1996-08
1620,109,125,1996-08
1621,512,125,1996-08
1622,8,1176,1996-08
1623,38,1176,1996-08
1624,512,1176,1996-08
1625,602,1176,1996-08
1626,38,775,1996-08
1627,512,775,1996-08
1628,602,775,1996-08
1629,8,1184,1996-08
1630,512,1184,1996-08
1631,602,1184,1996-08
1632,8,1175,1996-08
1633,38,1175,1996-08
1634,512,1175,1996-08
1635,8,1183,1996-08
1636,512,1183,1996-08
1637,8,1178,1996-08
1638,38,1178,1996-08
1639,602,1178,1996-08
1640,512,1020,1996-08
1641,602,1020,1996-08
1642,109,129,1996-08
1643,588,129,1996-08
1644,602,129,1996-08
1645,109,128,1996-08
1646,588,128,1996-08
1647,235,494,1996-08
1648,602,494,1996-08
1649,8,1152,1996-08
1650,109,1152,1996-08
1651,235,1152,1996-08
1652,8,1164,1996-08
1653,235,1164,1996-08
1654,8,1185,1996-08
1655,602,1185,1996-08
1656,109,124,1996-08
1657,507,124,1996-08
1658,602,124,1996-08
1659,507,1017,1996-08
1660,602,1017,1996-08
1661,109,109,1996-08
1662,444,109,1996-08
1663,507,109,1996-08
1664,109,108,1996-08
1665,444,108,1996-08
1666,109,120,1996-08
1667,507,120,1996-08
1668,444,914,1996-08
1669,588,914,1996-08
1670,602,914,1996-08
1671,444,913,1996-08
1672,588,913,1996-08
1673,109,85,1996-08
1674,179,85,1996-08
1675,262,85,1996-08
1676,109,84,1996-08
1677,179,84,1996-08
1678,109,83,1996-08
1679,176,83,1996-08
1680,235,83,1996-08
1681,176,389,1996-08
1682,235,389,1996-08
1683,109,82,1996-08
1684,176,82,1996-08
1685,170,337,1996-08
1686,179,337,1996-08
1687,395,337,1996-08
1688,179,399,1996-08
1689,395,399,1996-08
1690,170,336,1996-08
1691,179,336,1996-08
1692,54,1033,1996-08
1693,170,1033,1996-08
1694,8,1155,1996-08
1695,170,1155,1996-08
1696,142,305,1996-08
1697,602,305,1996-08
1698,109,64,1996-08
1699,142,64,1996-08
1700,486,977,1996-08
1701,602,977,1996-08
1702,385,793,1996-08
1703,602,793,1996-08
1704,38,769,1996-08
1705,486,769,1996-08
1706,507,769,1996-08
1707,38,772,1996-08
1708,507,772,1996-08
1709,38,768,1996-08
1710,486,768,1996-08
1711,486,972,1996-08
1712,507,972,1996-08
1713,170,355,1996-08
1714,507,355,1996-08
1715,395,812,1996-08
1716,507,812,1996-08
1717,170,344,1996-08
1718,395,344,1996-08
1719,395,815,1996-08
1720,512,815,1996-08
1721,38,759,1996-08
1722,262,759,1996-08
1723,262,540,1996-08
1724,588,540,1996-08
1725,444,915,1996-08
1726,602,915,1996-08
1727,8,1182,1996-08
1728,507,1182,1996-08
1729,8,1165,1996-08
1730,262,1165,1996-08
1731,395,819,1996-08
1732,602,819,1996-08
1733,38,745,1996-08
1734,170,745,1996-08
1735,8,1167,1996-08
1736,38,1167,1996-08
1737,170,362,1996-08
1738,602,362,1996-08
1739,38,773,1996-08
1740,512,773,1996-08
1741,109,130,1996-08
1742,602,130,1996-08
1743,262,541,1996-08
1744,602,541,1996-08
1745,588,1108,1996-08
1746,602,1108,1996-08
1747,38,718,1996-08
1748,109,718,1996-08
1749,38,764,1996-08
1750,395,764,1996-08
1751,38,751,1996-08
1752,176,751,1996-08
1753,38,782,1996-08
1754,602,782,1996-08
1755,235,487,1996-08
1756,262,487,1996-08
1757,109,91,1996-08
1758,262,91,1996-08
1759,109,88,1996-08
1760,235,88,1996-08
1761,38,757,1996-08
1762,235,757,1996-08
1763,8,1151,1996-08
1764,109,1151,1996-08
1765,109,93,1996-08
1766,385,93,1996-08
1767,109,99,1996-08
1768,395,99,1996-08
1769,94,1206,1996-09
1770,173,1206,1996-09
1771,321,1206,1996-09
1772,386,1206,1996-09
1773,446,1206,1996-09
1774,530,1206,1996-09
1775,94,1209,1996-09
1776,173,1209,1996-09
1777,386,1209,1996-09
1778,446,1209,1996-09
1779,133,221,1996-09
1780,386,221,1996-09
1781,446,221,1996-09
1782,530,221,1996-09
1783,94,1205,1996-09
1784,173,1205,1996-09
1785,321,1205,1996-09
1786,386,1205,1996-09
1787,94,1208,1996-09
1788,173,1208,1996-09
1789,386,1208,1996-09
1790,94,1207,1996-09
1791,173,1207,1996-09
1792,321,1207,1996-09
1793,446,1207,1996-09
1794,94,1204,1996-09
1795,173,1204,1996-09
1796,321,1204,1996-09
1797,133,214,1996-09
1798,173,214,1996-09
1799,321,214,1996-09
1800,446,214,1996-09
1801,133,218,1996-09
1802,321,218,1996-09
1803,446,218,1996-09
1804,133,213,1996-09
1805,173,213,1996-09
1806,321,213,1996-09
1807,386,213,1996-09
1808,173,364,1996-09
1809,321,364,1996-09
1810,386,364,1996-09
1811,133,212,1996-09
1812,173,212,1996-09
1813,321,212,1996-09
1814,133,217,1996-09
1815,321,217,1996-09
1816,94,1200,1996-09
1817,133,1200,1996-09
1818,173,1200,1996-09
1819,446,1200,1996-09
1820,94,1210,1996-09
1821,173,1210,1996-09
1822,446,1210,1996-09
1823,133,216,1996-09
1824,173,216,1996-09
1825,446,216,1996-09
1826,94,1212,1996-09
1827,321,1212,1996-09
1828,446,1212,1996-09
1829,133,215,1996-09
1830,173,215,1996-09
1831,386,215,1996-09
1832,133,211,1996-09
1833,173,211,1996-09
1834,94,1214,1996-09
1835,386,1214,1996-09
1836,446,1214,1996-09
1837,321,634,1996-09
1838,386,634,1996-09
1839,530,634,1996-09
1840,386,795,1996-09
1841,446,795,1996-09
1842,530,795,1996-09
1843,386,796,1996-09
1844,530,796,1996-09
1845,94,1202,1996-09
1846,133,1202,1996-09
1847,446,1202,1996-09
1848,94,1201,1996-09
1849,133,1201,1996-09
1850,386,1201,1996-09
1851,94,1213,1996-09
1852,386,1213,1996-09
1853,321,633,1996-09
1854,386,633,1996-09
1855,446,633,1996-09
1856,94,1216,1996-09
1857,446,1216,1996-09
1858,530,1216,1996-09
1859,173,365,1996-09
1860,321,365,1996-09
1861,446,365,1996-09
1862,173,367,1996-09
1863,446,367,1996-09
1864,94,1203,1996-09
1865,173,1203,1996-09
1866,321,636,1996-09
1867,530,636,1996-09
1868,173,366,1996-09
1869,386,366,1996-09
1870,94,1211,1996-09
1871,321,1211,1996-09
1872,94,1215,1996-09
1873,446,1215,1996-09
1874,321,635,1996-09
1875,446,635,1996-09
1876,133,220,1996-09
1877,386,220,1996-09
1878,446,916,1996-09
1879,530,916,1996-09
1880,386,794,1996-09
1881,446,794,1996-09
1882,94,1199,1996-09
1883,133,1199,1996-09
1884,173,363,1996-09
1885,321,363,1996-09
1886,109,94,1996-09
1887,386,94,1996-09
1888,321,632,1996-09
1889,386,632,1996-09
1890,133,222,1996-09
1891,446,222,1996-09
1892,133,219,1996-09
1893,385,219,1996-09
1894,6,1119,1996-10
1895,37,1119,1996-10
1896,81,1119,1996-10
1897,117,1119,1996-10
1898,559,1119,1996-10
1899,6,1124,1996-10
1900,81,1124,1996-10
1901,117,1124,1996-10
1902,126,1124,1996-10
1903,559,1124,1996-10
1904,6,1125,1996-10
1905,81,1125,1996-10
1906,117,1125,1996-10
1907,559,1125,1996-10
1908,6,1121,1996-10
1909,458,1121,1996-10
1910,559,1121,1996-10
1911,6,1118,1996-10
1912,181,1118,1996-10
1913,559,1118,1996-10
1914,565,1118,1996-10
1915,181,412,1996-10
1916,458,412,1996-10
1917,559,412,1996-10
1918,565,412,1996-10
1919,117,135,1996-10
1920,181,135,1996-10
1921,458,135,1996-10
1922,117,136,1996-10
1923,181,136,1996-10
1924,501,136,1996-10
1925,6,1110,1996-10
1926,117,1110,1996-10
1927,126,1110,1996-10
1928,559,1110,1996-10
1929,117,138,1996-10
1930,181,138,1996-10
1931,559,138,1996-10
1932,565,138,1996-10
1933,181,415,1996-10
1934,559,415,1996-10
1935,565,415,1996-10
1936,6,1112,1996-10
1937,117,1112,1996-10
1938,181,1112,1996-10
1939,559,1112,1996-10
1940,6,1116,1996-10
1941,181,1116,1996-10
1942,501,1116,1996-10
1943,117,140,1996-10
1944,458,140,1996-10
1945,559,140,1996-10
1946,81,1190,1996-10
1947,559,1190,1996-10
1948,565,1190,1996-10
1949,6,1111,1996-10
1950,117,1111,1996-10
1951,181,1111,1996-10
1952,37,701,1996-10
1953,117,701,1996-10
1954,559,701,1996-10
1955,81,1187,1996-10
1956,117,1187,1996-10
1957,181,1187,1996-10
1958,81,1186,1996-10
1959,117,1186,1996-10
1960,117,137,1996-10
1961,181,137,1996-10
1962,559,137,1996-10
1963,181,411,1996-10
1964,458,411,1996-10
1965,559,411,1996-10
1966,181,410,1996-10
1967,458,410,1996-10
1968,6,1113,1996-10
1969,117,1113,1996-10
1970,559,1113,1996-10
1971,6,1115,1996-10
1972,126,1115,1996-10
1973,458,1115,1996-10
1974,6,1117,1996-10
1975,181,1117,1996-10
1976,559,1117,1996-10
1977,117,142,1996-10
1978,559,142,1996-10
1979,565,142,1996-10
1980,559,1037,1996-10
1981,565,1037,1996-10
1982,181,413,1996-10
1983,501,413,1996-10
1984,81,1188,1996-10
1985,181,1188,1996-10
1986,6,1114,1996-10
1987,126,1114,1996-10
1988,117,134,1996-10
1989,181,134,1996-10
1990,117,139,1996-10
1991,458,139,1996-10
1992,126,183,1996-10
1993,559,183,1996-10
1994,81,1189,1996-10
1995,559,1189,1996-10
1996,458,926,1996-10
1997,559,926,1996-10
1998,181,414,1996-10
1999,559,414,1996-10
2000,117,133,1996-10
2001,126,133,1996-10
2002,6,1120,1996-10
2003,458,1120,1996-10
2004,385,790,1996-10
2005,501,790,1996-10
2006,6,1123,1996-10
2007,565,1123,1996-10
2008,501,1014,1996-10
2009,559,1014,1996-10
2010,37,700,1996-10
2011,117,700,1996-10
2012,6,1122,1996-10
2013,501,1122,1996-10
2014,117,141,1996-10
2015,501,141,1996-10
2016,58,1081,1996-11
2017,121,1081,1996-11
2018,240,1081,1996-11
2019,347,1081,1996-11
2020,566,1081,1996-11
2021,569,1081,1996-11
2022,121,150,1996-11
2023,240,150,1996-11
2024,347,150,1996-11
2025,373,150,1996-11
2026,374,150,1996-11
2027,379,150,1996-11
2028,470,150,1996-11
2029,609,150,1996-11
2030,5,1009,1996-11
2031,58,1009,1996-11
2032,240,1009,1996-11
2033,347,1009,1996-11
2034,373,1009,1996-11
2035,379,1009,1996-11
2036,240,499,1996-11
2037,347,499,1996-11
2038,373,499,1996-11
2039,379,499,1996-11
2040,58,1096,1996-11
2041,347,1096,1996-11
2042,373,1096,1996-11
2043,374,1096,1996-11
2044,470,1096,1996-11
2045,609,1096,1996-11
2046,347,660,1996-11
2047,373,660,1996-11
2048,374,660,1996-11
2049,470,660,1996-11
2050,609,660,1996-11
2051,5,1007,1996-11
2052,58,1007,1996-11
2053,121,1007,1996-11
2054,240,1007,1996-11
2055,374,1007,1996-11
2056,566,1007,1996-11
2057,43,901,1996-11
2058,58,901,1996-11
2059,121,901,1996-11
2060,240,901,1996-11
2061,566,901,1996-11
2062,58,1082,1996-11
2063,121,1082,1996-11
2064,240,1082,1996-11
2065,566,1082,1996-11
2066,5,1008,1996-11
2067,58,1008,1996-11
2068,240,1008,1996-11
2069,58,1080,1996-11
2070,121,1080,1996-11
2071,240,1080,1996-11
2072,347,1080,1996-11
2073,470,1080,1996-11
2074,609,1080,1996-11
2075,58,1079,1996-11
2076,121,1079,1996-11
2077,240,1079,1996-11
2078,347,1079,1996-11
2079,121,151,1996-11
2080,240,151,1996-11
2081,347,151,1996-11
2082,470,151,1996-11
2083,609,151,1996-11
2084,121,149,1996-11
2085,240,149,1996-11
2086,347,149,1996-11
2087,58,1093,1996-11
2088,340,1093,1996-11
2089,347,1093,1996-11
2090,470,1093,1996-11
2091,609,1093,1996-11
2092,58,1100,1996-11
2093,347,1100,1996-11
2094,470,1100,1996-11
2095,609,1100,1996-11
2096,5,990,1996-11
2097,121,990,1996-11
2098,374,990,1996-11
2099,470,990,1996-11
2100,566,990,1996-11
2101,609,990,1996-11
2102,121,170,1996-11
2103,374,170,1996-11
2104,470,170,1996-11
2105,609,170,1996-11
2106,5,991,1996-11
2107,121,991,1996-11
2108,374,991,1996-11
2109,566,991,1996-11
2110,347,666,1996-11
2111,374,666,1996-11
2112,379,666,1996-11
2113,470,666,1996-11
2114,609,666,1996-11
2115,340,653,1996-11
2116,347,653,1996-11
2117,374,653,1996-11
2118,470,653,1996-11
2119,609,653,1996-11
2120,347,669,1996-11
2121,374,669,1996-11
2122,470,669,1996-11
2123,609,669,1996-11
2124,340,654,1996-11
2125,347,654,1996-11
2126,470,654,1996-11
2127,609,654,1996-11
2128,347,673,1996-11
2129,470,673,1996-11
2130,609,673,1996-11
2131,374,711,1996-11
2132,470,711,1996-11
2133,609,711,1996-11
2134,43,902,1996-11
2135,58,902,1996-11
2136,174,902,1996-11
2137,58,1103,1996-11
2138,373,1103,1996-11
2139,470,1103,1996-11
2140,609,1103,1996-11
2141,373,706,1996-11
2142,470,706,1996-11
2143,609,706,1996-11
2144,43,900,1996-11
2145,58,900,1996-11
2146,58,1106,1996-11
2147,470,1106,1996-11
2148,609,1106,1996-11
2149,347,668,1996-11
2150,374,668,1996-11
2151,470,668,1996-11
2152,566,668,1996-11
2153,174,376,1996-11
2154,347,376,1996-11
2155,566,376,1996-11
2156,470,954,1996-11
2157,569,954,1996-11
2158,609,954,1996-11
2159,43,895,1996-11
2160,174,895,1996-11
2161,569,895,1996-11
2162,43,894,1996-11
2163,174,894,1996-11
2164,470,894,1996-11
2165,609,894,1996-11
2166,121,159,1996-11
2167,347,159,1996-11
2168,373,159,1996-11
2169,566,159,1996-11
2170,609,159,1996-11
2171,121,164,1996-11
2172,347,164,1996-11
2173,566,164,1996-11
2174,121,160,1996-11
2175,347,160,1996-11
2176,373,160,1996-11
2177,609,160,1996-11
2178,121,165,1996-11
2179,347,165,1996-11
2180,609,165,1996-11
2181,121,176,1996-11
2182,566,176,1996-11
2183,609,176,1996-11
2184,5,989,1996-11
2185,121,989,1996-11
2186,373,989,1996-11
2187,566,989,1996-11
2188,5,1005,1996-11
2189,43,1005,1996-11
2190,121,1005,1996-11
2191,566,1005,1996-11
2192,43,891,1996-11
2193,121,891,1996-11
2194,566,891,1996-11
2195,121,167,1996-11
2196,373,167,1996-11
2197,566,167,1996-11
2198,121,161,1996-11
2199,347,161,1996-11
2200,374,161,1996-11
2201,379,161,1996-11
2202,470,161,1996-11
2203,347,665,1996-11
2204,374,665,1996-11
2205,379,665,1996-11
2206,470,665,1996-11
2207,347,667,1996-11
2208,374,667,1996-11
2209,470,667,1996-11
2210,240,503,1996-11
2211,374,503,1996-11
2212,566,503,1996-11
2213,609,503,1996-11
2214,240,504,1996-11
2215,374,504,1996-11
2216,609,504,1996-11
2217,240,502,1996-11
2218,374,502,1996-11
2219,566,502,1996-11
2220,374,713,1996-11
2221,566,713,1996-11
2222,609,713,1996-11
2223,374,714,1996-11
2224,609,714,1996-11
2225,174,380,1996-11
2226,374,380,1996-11
2227,566,380,1996-11
2228,566,1063,1996-11
2229,609,1063,1996-11
2230,5,987,1996-11
2231,121,987,1996-11
2232,347,987,1996-11
2233,373,987,1996-11
2234,470,987,1996-11
2235,121,158,1996-11
2236,347,158,1996-11
2237,373,158,1996-11
2238,470,158,1996-11
2239,121,157,1996-11
2240,347,157,1996-11
2241,373,157,1996-11
2242,5,988,1996-11
2243,121,988,1996-11
2244,373,988,1996-11
2245,121,154,1996-11
2246,240,154,1996-11
2247,374,154,1996-11
2248,470,154,1996-11
2249,121,155,1996-11
2250,240,155,1996-11
2251,470,155,1996-11
2252,174,379,1996-11
2253,374,379,1996-11
2254,470,379,1996-11
2255,121,169,1996-11
2256,374,169,1996-11
2257,470,169,1996-11
2258,174,369,1996-11
2259,240,369,1996-11
2260,374,369,1996-11
2261,174,378,1996-11
2262,374,378,1996-11
2263,240,508,1996-11
2264,470,508,1996-11
2265,566,508,1996-11
2266,174,383,1996-11
2267,470,383,1996-11
2268,566,383,1996-11
2269,174,372,1996-11
2270,240,372,1996-11
2271,566,372,1996-11
2272,240,509,1996-11
2273,566,509,1996-11
2274,174,371,1996-11
2275,240,371,1996-11
2276,470,371,1996-11
2277,121,162,1996-11
2278,347,162,1996-11
2279,379,162,1996-11
2280,470,162,1996-11
2281,347,671,1996-11
2282,379,671,1996-11
2283,470,671,1996-11
2284,121,163,1996-11
2285,347,163,1996-11
2286,470,163,1996-11
2287,121,174,1996-11
2288,470,174,1996-11
2289,609,174,1996-11
2290,174,385,1996-11
2291,470,385,1996-11
2292,609,385,1996-11
2293,121,177,1996-11
2294,609,177,1996-11
2295,58,1077,1996-11
2296,121,1077,1996-11
2297,174,1077,1996-11
2298,240,1077,1996-11
2299,58,1078,1996-11
2300,121,1078,1996-11
2301,240,1078,1996-11
2302,121,146,1996-11
2303,174,146,1996-11
2304,240,146,1996-11
2305,58,1085,1996-11
2306,121,1085,1996-11
2307,470,1085,1996-11
2308,58,1090,1996-11
2309,174,1090,1996-11
2310,470,1090,1996-11
2311,121,147,1996-11
2312,174,147,1996-11
2313,470,147,1996-11
2314,58,1076,1996-11
2315,121,1076,1996-11
2316,174,1076,1996-11
2317,5,993,1996-11
2318,121,993,1996-11
2319,379,993,1996-11
2320,470,993,1996-11
2321,121,172,1996-11
2322,379,172,1996-11
2323,470,172,1996-11
2324,379,715,1996-11
2325,470,715,1996-11
2326,240,506,1996-11
2327,379,506,1996-11
2328,609,506,1996-11
2329,174,370,1996-11
2330,240,370,1996-11
2331,379,370,1996-11
2332,379,717,1996-11
2333,609,717,1996-11
2334,174,373,1996-11
2335,240,373,1996-11
2336,609,373,1996-11
2337,240,510,1996-11
2338,609,510,1996-11
2339,174,388,1996-11
2340,609,388,1996-11
2341,58,1097,1996-11
2342,347,1097,1996-11
2343,373,1097,1996-11
2344,566,1097,1996-11
2345,58,1101,1996-11
2346,347,1101,1996-11
2347,566,1101,1996-11
2348,58,1095,1996-11
2349,347,1095,1996-11
2350,373,1095,1996-11
2351,58,1107,1996-11
2352,566,1107,1996-11
2353,347,662,1996-11
2354,373,662,1996-11
2355,566,662,1996-11
2356,347,674,1996-11
2357,566,674,1996-11
2358,5,997,1996-11
2359,174,997,1996-11
2360,240,997,1996-11
2361,373,997,1996-11
2362,5,999,1996-11
2363,240,999,1996-11
2364,373,999,1996-11
2365,58,1088,1996-11
2366,174,1088,1996-11
2367,240,1088,1996-11
2368,347,1088,1996-11
2369,58,1092,1996-11
2370,240,1092,1996-11
2371,347,1092,1996-11
2372,240,498,1996-11
2373,347,498,1996-11
2374,58,1087,1996-11
2375,174,1087,1996-11
2376,240,1087,1996-11
2377,121,152,1996-11
2378,240,152,1996-11
2379,373,152,1996-11
2380,374,152,1996-11
2381,373,702,1996-11
2382,374,702,1996-11
2383,121,153,1996-11
2384,240,153,1996-11
2385,374,153,1996-11
2386,121,168,1996-11
2387,374,168,1996-11
2388,5,1002,1996-11
2389,347,1002,1996-11
2390,373,1002,1996-11
2391,609,1002,1996-11
2392,5,1010,1996-11
2393,609,1010,1996-11
2394,347,663,1996-11
2395,373,663,1996-11
2396,609,663,1996-11
2397,5,1001,1996-11
2398,347,1001,1996-11
2399,373,1001,1996-11
2400,5,1003,1996-11
2401,373,1003,1996-11
2402,5,994,1996-11
2403,121,994,1996-11
2404,379,994,1996-11
2405,566,994,1996-11
2406,5,996,1996-11
2407,121,996,1996-11
2408,566,996,1996-11
2409,121,175,1996-11
2410,566,175,1996-11
2411,5,992,1996-11
2412,121,992,1996-11
2413,379,992,1996-11
2414,347,661,1996-11
2415,373,661,1996-11
2416,470,661,1996-11
2417,373,705,1996-11
2418,470,705,1996-11
2419,347,659,1996-11
2420,373,659,1996-11
2421,5,995,1996-11
2422,121,995,1996-11
2423,470,995,1996-11
2424,5,986,1996-11
2425,121,986,1996-11
2426,174,375,1996-11
2427,347,375,1996-11
2428,470,375,1996-11
2429,347,672,1996-11
2430,470,672,1996-11
2431,174,384,1996-11
2432,470,384,1996-11
2433,569,384,1996-11
2434,470,953,1996-11
2435,569,953,1996-11
2436,43,897,1996-11
2437,347,897,1996-11
2438,43,903,1996-11
2439,609,903,1996-11
2440,347,675,1996-11
2441,609,675,1996-11
2442,58,1089,1996-11
2443,174,1089,1996-11
2444,373,1089,1996-11
2445,58,1083,1996-11
2446,121,1083,1996-11
2447,347,1083,1996-11
2448,121,156,1996-11
2449,347,156,1996-11
2450,43,893,1996-11
2451,174,893,1996-11
2452,470,893,1996-11
2453,43,892,1996-11
2454,174,892,1996-11
2455,174,382,1996-11
2456,470,382,1996-11
2457,5,1000,1996-11
2458,240,1000,1996-11
2459,379,1000,1996-11
2460,240,505,1996-11
2461,379,505,1996-11
2462,5,998,1996-11
2463,240,998,1996-11
2464,58,1084,1996-11
2465,121,1084,1996-11
2466,373,1084,1996-11
2467,121,166,1996-11
2468,373,166,1996-11
2469,58,1075,1996-11
2470,121,1075,1996-11
2471,174,387,1996-11
2472,569,387,1996-11
2473,58,1099,1996-11
2474,347,1099,1996-11
2475,379,1099,1996-11
2476,347,670,1996-11
2477,379,670,1996-11
2478,174,381,1996-11
2479,379,381,1996-11
2480,121,171,1996-11
2481,379,171,1996-11
2482,240,500,1996-11
2483,373,500,1996-11
2484,373,704,1996-11
2485,379,704,1996-11
2486,566,704,1996-11
2487,373,703,1996-11
2488,379,703,1996-11
2489,373,707,1996-11
2490,566,707,1996-11
2491,379,716,1996-11
2492,566,716,1996-11
2493,374,710,1996-11
2494,470,710,1996-11
2495,566,710,1996-11
2496,374,712,1996-11
2497,566,712,1996-11
2498,374,709,1996-11
2499,470,709,1996-11
2500,470,952,1996-11
2501,566,952,1996-11
2502,58,1098,1996-11
2503,347,1098,1996-11
2504,374,1098,1996-11
2505,58,1104,1996-11
2506,374,1104,1996-11
2507,347,664,1996-11
2508,374,664,1996-11
2509,58,1094,1996-11
2510,347,1094,1996-11
2511,373,708,1996-11
2512,609,708,1996-11
2513,5,1006,1996-11
2514,470,1006,1996-11
2515,43,899,1996-11
2516,470,899,1996-11
2517,58,1105,1996-11
2518,470,1105,1996-11
2519,174,377,1996-11
2520,373,377,1996-11
2521,174,374,1996-11
2522,347,374,1996-11
2523,43,896,1996-11
2524,240,896,1996-11
2525,43,898,1996-11
2526,373,898,1996-11
2527,121,148,1996-11
2528,240,148,1996-11
2529,121,173,1996-11
2530,470,173,1996-11
2531,58,1086,1996-11
2532,174,1086,1996-11
2533,5,1004,1996-11
2534,379,1004,1996-11
2535,240,501,1996-11
2536,374,501,1996-11
2537,43,890,1996-11
2538,121,890,1996-11
2539,174,368,1996-11
2540,240,368,1996-11
2541,121,145,1996-11
2542,174,145,1996-11
2543,58,1091,1996-11
2544,240,1091,1996-11
2545,58,1102,1996-11
2546,373,1102,1996-11
2547,240,507,1996-11
2548,470,507,1996-11
2549,174,386,1996-11
2550,566,386,1996-11
2551,470,955,1996-11
2552,609,955,1996-11
2553,206,440,1996-12
2554,269,440,1996-12
2555,402,869,1996-12
2556,524,869,1996-12
2557,206,441,1996-12
2558,470,441,1996-12
2559,269,548,1996-12
2560,402,548,1996-12
2561,206,442,1996-12
2562,524,442,1996-12
2563,31,602,1996-12
2564,524,602,1996-12
2565,150,319,1997-01
2566,270,319,1997-01
2567,451,319,1997-01
2568,521,319,1997-01
2569,150,315,1997-01
2570,179,315,1997-01
2571,521,315,1997-01
2572,150,322,1997-01
2573,521,322,1997-01
2574,179,397,1997-01
2575,302,397,1997-01
2576,214,449,1997-01
2577,270,449,1997-01
2578,302,449,1997-01
2579,179,396,1997-01
2580,270,396,1997-01
2581,451,396,1997-01
2582,521,396,1997-01
2583,270,552,1997-01
2584,451,552,1997-01
2585,521,552,1997-01
2586,150,318,1997-01
2587,270,318,1997-01
2588,302,318,1997-01
2589,150,317,1997-01
2590,270,317,1997-01
2591,150,320,1997-01
2592,302,320,1997-01
2593,270,550,1997-01
2594,302,550,1997-01
2595,270,554,1997-01
2596,521,554,1997-01
2597,524,554,1997-01
2598,150,314,1997-01
2599,179,314,1997-01
2600,451,314,1997-01
2601,179,402,1997-01
2602,451,402,1997-01
2603,179,395,1997-01
2604,270,395,1997-01
2605,302,589,1997-01
2606,521,589,1997-01
2607,270,553,1997-01
2608,521,553,1997-01
2609,150,321,1997-01
2610,451,321,1997-01
2611,179,408,1997-01
2612,521,408,1997-01
2613,150,323,1997-01
2614,524,323,1997-01
2615,521,1023,1997-01
2616,524,1023,1997-01
2617,270,551,1997-01
2618,451,551,1997-01
2619,179,392,1997-01
2620,214,392,1997-01
2621,150,313,1997-01
2622,179,313,1997-01
2623,150,316,1997-01
2624,214,316,1997-01
2625,214,450,1997-01
2626,451,450,1997-01
2627,32,628,1997-02
2628,151,628,1997-02
2629,529,628,1997-02
2630,151,325,1997-02
2631,529,325,1997-02
2632,32,631,1997-02
2633,90,631,1997-02
2634,90,1195,1997-02
2635,151,1195,1997-02
2636,32,630,1997-02
2637,529,630,1997-02
2638,32,629,1997-02
2639,456,629,1997-02
2640,90,1196,1997-02
2641,529,1196,1997-02
2642,151,324,1997-02
2643,456,324,1997-02
2644,456,925,1997-02
2645,529,925,1997-02
2646,32,627,1997-02
2647,151,627,1997-02
2648,84,1193,1997-03
2649,276,1193,1997-03
2650,389,798,1997-03
2651,437,798,1997-03
2652,84,1194,1997-03
2653,437,1194,1997-03
2654,277,563,1997-04
2655,337,563,1997-04
2656,120,144,1997-04
2657,337,144,1997-04
2658,71,1144,1997-05
2659,350,1144,1997-05
2660,492,1144,1997-05
2661,71,1146,1997-05
2662,559,1146,1997-05
2663,492,980,1997-05
2664,559,980,1997-05
2665,71,1143,1997-05
2666,350,1143,1997-05
2667,350,686,1997-05
2668,559,686,1997-05
2669,350,685,1997-05
2670,492,685,1997-05
2671,71,1145,1997-05
2672,492,1145,1997-05
2673,263,542,1999-10
2674,597,542,1999-10
2675,33,645,1999-10
2676,268,645,1999-10
2677,199,430,1999-10
2678,597,430,1999-10
2679,268,547,1999-10
2680,412,547,1999-10
2681,33,643,1999-10
2682,156,643,1999-10
2683,33,646,1999-10
2684,597,646,1999-10
2685,33,644,1999-10
2686,263,644,1999-10
2687,140,282,1999-11
2688,383,282,1999-11
2689,266,546,1999-12
2690,577,546,1999-12
2691,156,327,2000-01
2692,225,327,2000-01
2693,45,923,2000-02
2694,140,923,2000-02
2695,59,1109,2000-03
2696,603,1109,2000-03
2697,414,883,2000-06
2698,465,883,2000-06
2699,1,2,2000-07
2700,96,2,2000-07
2701,1,1,2000-07
2702,607,1,2000-07
2703,430,904,2000-07
2704,607,904,2000-07
2705,96,1219,2000-07
2706,603,1219,2000-07
2707,27,549,2000-07
2708,607,549,2000-07
2709,1,0,2000-07
2710,27,0,2000-07
2711,19,423,2000-08
2712,57,423,2000-08
2713,294,423,2000-08
2714,469,423,2000-08
2715,19,422,2000-08
2716,57,422,2000-08
2717,294,422,2000-08
2718,19,421,2000-08
2719,57,421,2000-08
2720,265,421,2000-08
2721,57,1065,2000-08
2722,265,1065,2000-08
2723,294,1065,2000-08
2724,265,544,2000-08
2725,294,544,2000-08
2726,469,544,2000-08
2727,19,424,2000-08
2728,57,424,2000-08
2729,469,424,2000-08
2730,57,1068,2000-08
2731,294,1068,2000-08
2732,469,1068,2000-08
2733,57,1066,2000-08
2734,265,1066,2000-08
2735,469,1066,2000-08
2736,57,1064,2000-08
2737,265,1064,2000-08
2738,19,419,2000-08
2739,294,419,2000-08
2740,469,419,2000-08
2741,140,284,2000-08
2742,469,284,2000-08
2743,265,545,2000-08
2744,469,545,2000-08
2745,19,425,2000-08
2746,571,425,2000-08
2747,265,543,2000-08
2748,294,543,2000-08
2749,469,945,2000-08
2750,571,945,2000-08
2751,19,420,2000-08
2752,57,420,2000-08
2753,19,418,2000-08
2754,265,418,2000-08
2755,57,1071,2000-08
2756,469,1071,2000-08
2757,294,584,2000-08
2758,469,584,2000-08
2759,57,1067,2000-08
2760,294,1067,2000-08
2761,57,1070,2000-10
2762,453,1070,2000-10
2763,368,698,2000-10
2764,591,698,2000-10
2765,368,697,2000-10
2766,453,697,2000-10
2767,57,1069,2000-10
2768,368,1069,2000-10
2769,160,329,2000-10
2770,368,329,2000-10
2771,216,451,2000-11
2772,474,451,2000-11
2773,202,438,2000-11
2774,216,438,2000-11
2775,474,958,2000-11
2776,546,958,2000-11
2777,39,799,2000-11
2778,202,799,2000-11
2779,195,428,2000-11
2780,202,428,2000-11
2781,202,439,2000-11
2782,290,439,2000-11
2783,195,429,2000-11
2784,244,429,2000-11
2785,288,578,2000-12
2786,368,578,2000-12
2787,288,579,2001-01
2788,474,579,2001-01
2789,474,959,2001-01
2790,555,959,2001-01
2791,288,581,2001-01
2792,555,581,2001-01
2793,113,132,2001-01
2794,555,132,2001-01
2795,384,786,2001-07
2796,516,786,2001-07
2797,42,885,2001-07
2798,384,885,2001-07
2799,42,886,2001-07
2800,516,886,2001-07
2801,164,332,2001-09
2802,493,332,2001-09
2803,414,882,2002-04
2804,448,882,2002-04
2805,288,577,2002-08
2806,313,577,2002-08
2807,325,638,2002-12
2808,479,638,2002-12
2809,104,36,2003-03
2810,275,36,2003-03
2811,104,37,2003-03
2812,474,37,2003-03
2813,275,562,2003-03
2814,474,562,2003-03
2815,20,434,2003-05
2816,449,434,2003-05
2817,20,433,2003-05
2818,448,433,2003-05
2819,20,432,2003-05
2820,427,432,2003-05
2821,427,888,2003-05
2822,474,888,2003-05
2823,303,590,2003-05
2824,427,590,2003-05
2825,20,435,2003-05
2826,474,435,2003-05
2827,140,279,2003-06
2828,182,279,2003-06
2829,182,416,2003-06
2830,288,416,2003-06
2831,95,1218,2003-12
2832,474,1218,2003-12
2833,82,1191,2004-05
2834,140,1191,2004-05
2835,140,283,2004-05
2836,425,283,2004-05
2837,309,601,2004-06
2838,474,601,2004-06
2839,414,884,2004-07
2840,474,884,2004-07
2841,226,462,2004-09
2842,346,462,2004-09
2843,226,463,2004-09
2844,387,463,2004-09
2845,346,658,2004-09
2846,387,658,2004-09
2847,7,1140,2005-01
2848,156,1140,2005-01
2849,438,910,2005-01
2850,482,910,2005-01
2851,95,1217,2005-01
2852,438,1217,2005-01
2853,7,1142,2005-01
2854,438,1142,2005-01
2855,156,328,2005-01
2856,438,328,2005-01
2857,438,909,2005-01
2858,448,909,2005-01
2859,7,1141,2005-01
2860,425,1141,2005-01
2861,425,887,2005-01
2862,438,887,2005-01
2863,316,619,2005-03
2864,428,619,2005-03
2865,552,619,2005-03
2866,221,459,2005-03
2867,552,459,2005-03
2868,194,427,2005-03
2869,428,427,2005-03
2870,396,820,2005-03
2871,502,820,2005-03
2872,218,452,2005-03
2873,316,452,2005-03
2874,502,1015,2005-03
2875,552,1015,2005-03
2876,316,620,2005-03
2877,552,620,2005-03
2878,218,453,2005-03
2879,428,453,2005-03
2880,316,618,2005-03
2881,428,618,2005-03
2882,287,576,2005-03
2883,428,576,2005-03
2884,221,458,2005-03
2885,428,458,2005-03
2886,428,889,2005-03
2887,552,889,2005-03
2888,91,1198,2005-04
2889,488,1198,2005-04
2890,66,1131,2005-04
2891,91,1131,2005-04
2892,91,1197,2005-04
2893,438,1197,2005-04
2894,387,797,2005-05
2895,608,797,2005-05
2896,140,285,2005-05
2897,608,285,2005-05
2898,474,961,2005-05
2899,608,961,2005-05
2900,462,944,2005-07
2901,478,944,2005-07
2902,144,306,2006-01
2903,264,306,2006-01
2904,68,1132,2006-09
2905,132,1132,2006-09
2906,370,1132,2006-09
2907,75,1148,2006-09
2908,132,1148,2006-09
2909,68,1139,2006-09
2910,75,1139,2006-09
2911,68,1136,2006-09
2912,370,1136,2006-09
2913,132,210,2006-09
2914,370,210,2006-09
2915,232,480,2006-09
2916,414,480,2006-09
2917,64,1130,2006-10
2918,513,1130,2006-10
2919,64,1129,2006-10
2920,226,1129,2006-10
2921,34,652,2006-10
2922,64,652,2006-10
2923,64,1128,2006-10
2924,187,1128,2006-10
2925,34,651,2006-11
2926,381,651,2006-11
2927,381,785,2006-11
2928,542,785,2006-11
2929,129,185,2006-12
2930,399,185,2006-12
2931,129,184,2006-12
2932,381,184,2006-12
2933,140,281,2006-12
2934,381,281,2006-12
2935,140,280,2007-02
2936,274,280,2007-02
2937,274,561,2007-02
2938,387,561,2007-02
2939,274,561,2007-03
2940,387,561,2007-03
2941,288,580,2007-05
2942,480,580,2007-05
2943,254,531,2007-05
2944,483,531,2007-05
2945,254,530,2007-05
2946,480,530,2007-05
2947,480,967,2007-05
2948,540,967,2007-05
2949,474,957,2007-05
2950,480,957,2007-05
2951,474,960,2007-05
2952,606,960,2007-05
2953,480,968,2007-05
2954,606,968,2007-05
2955,232,483,2007-06
2956,593,483,2007-06
2957,570,1072,2007-06
2958,593,1072,2007-06
2959,232,482,2007-06
2960,570,482,2007-06
2961,483,969,2007-06
2962,570,969,2007-06
2963,570,1073,2007-06
2964,606,1073,2007-06
2965,68,1138,2007-06
2966,570,1138,2007-06
2967,307,599,2007-08
2968,573,599,2007-08
2969,307,598,2007-08
2970,416,598,2007-08
2971,274,560,2007-08
2972,307,560,2007-08
2973,226,461,2007-11
2974,230,461,2007-11
2975,219,454,2007-11
2976,226,454,2007-11
2977,354,693,2008-01
2978,381,693,2008-01
2979,354,694,2008-01
2980,477,694,2008-01
2981,219,455,2008-01
2982,354,455,2008-01
2983,381,784,2008-01
2984,477,784,2008-01
2985,343,656,2008-02
2986,361,656,2008-02
2987,72,1147,2008-07
2988,483,1147,2008-07
2989,232,480,2008-07
2990,414,480,2008-07
2991,232,479,2008-08
2992,322,479,2008-08
2993,420,479,2008-08
2994,232,477,2008-08
2995,292,477,2008-08
2996,232,478,2008-08
2997,322,478,2008-08
2998,232,481,2008-08
2999,420,481,2008-08
3000,68,1133,2008-12
3001,200,1133,2008-12
3002,200,436,2008-12
3003,220,436,2008-12
3004,200,437,2008-12
3005,356,437,2008-12
3006,68,1135,2008-12
3007,356,1135,2008-12
3008,28,567,2009-02
3009,334,567,2009-02
3010,28,565,2009-02
3011,271,565,2009-02
3012,28,566,2009-02
3013,318,566,2009-02
3014,440,911,2009-03
3015,600,911,2009-03
3016,318,622,2009-03
3017,369,622,2009-03
3018,28,568,2009-03
3019,369,568,2009-03
3020,334,648,2009-03
3021,600,648,2009-03
3022,318,626,2009-03
3023,600,626,2009-03
3024,28,569,2009-03
3025,600,569,2009-03
3026,369,699,2009-03
3027,600,699,2009-03
3028,78,1150,2009-09
3029,522,1150,2009-09
3030,207,443,2009-11
3031,590,443,2009-11
3032,220,457,2009-11
3033,590,457,2009-11
3034,431,905,2010-02
3035,590,905,2010-02
3036,292,583,2010-02
3037,590,583,2010-02
3038,318,625,2010-02
3039,590,625,2010-02
3040,22,456,2010-03
3041,68,456,2010-03
3042,68,1134,2010-03
3043,318,1134,2010-03
3044,318,623,2010-04
3045,434,623,2010-04
3046,330,647,2010-10
3047,464,647,2010-10
3048,132,209,2012-02
3049,351,209,2012-02
3050,351,687,2012-02
3051,490,687,2012-02
3052,489,979,2012-03
3053,539,979,2012-03
3054,292,582,2012-03
3055,489,582,2012-03
3056,83,1192,2012-04
3057,503,1192,2012-04
3058,280,570,2012-09
3059,357,570,2012-09
3060,249,527,2012-09
3061,357,527,2012-09
3062,249,528,2012-10
3063,606,528,2012-10
3064,222,460,2014-02
3065,528,460,2014-02
3066,318,624,2014-11
3067,483,624,2014-11
3068,308,600,2015-01
3069,323,600,2015-01
3070,323,637,2015-01
3071,344,637,2015-01
3072,344,657,2015-01
3073,443,657,2015-01
3074,487,978,2015-04
3075,497,978,2015-04
3076,317,621,2015-05
3077,393,621,2015-05
3078,103,35,2015-05
3079,393,35,2015-05
3080,103,34,2015-05
3081,249,34,2015-05
3082,21,445,2015-07
3083,509,445,2015-07
3084,177,391,2015-07
3085,509,391,2015-07
3086,119,143,2015-07
3087,509,143,2015-07
3088,448,921,2015-07
3089,509,921,2015-07
3090,76,1149,2015-08
3091,466,1149,2015-08
3092,63,1127,2015-09
3093,112,1127,2015-09
3094,21,447,2015-09
3095,63,447,2015-09
3096,2,431,2015-10
3097,378,431,2015-10
3098,233,484,2015-11
3099,241,484,2015-11
3100,105,41,2015-11
3101,233,41,2015-11
3102,298,41,2015-11
3103,105,39,2015-11
3104,227,39,2015-11
3105,298,39,2015-11
3106,105,42,2015-11
3107,241,42,2015-11
3108,123,180,2015-11
3109,241,180,2015-11
3110,105,40,2015-11
3111,233,40,2015-11
3112,123,182,2015-11
3113,582,182,2015-11
3114,298,587,2015-11
3115,581,587,2015-11
3116,105,44,2015-11
3117,581,44,2015-11
3118,298,585,2015-11
3119,318,585,2015-11
3120,298,588,2015-11
3121,582,588,2015-11
3122,105,38,2015-11
3123,227,38,2015-11
3124,105,45,2015-11
3125,582,45,2015-11
3126,227,464,2015-11
3127,298,464,2015-11
3128,123,181,2015-11
3129,298,181,2015-11
3130,241,511,2015-11
3131,298,511,2015-11
3132,298,586,2015-11
3133,563,586,2015-11
3134,105,43,2015-11
3135,256,43,2015-11
3136,256,532,2015-11
3137,298,532,2015-11
3138,233,485,2015-11
3139,298,485,2015-11
3140,10,4,2016-02
3141,445,4,2016-02
3142,10,3,2016-02
3143,18,3,2016-02
3144,24,496,2016-03
3145,424,496,2016-03
3146,41,877,2016-03
3147,495,877,2016-03
3148,24,497,2016-03
3149,495,497,2016-03
3150,24,495,2016-03
3151,41,495,2016-03
3152,41,876,2016-03
3153,424,876,2016-03
3154,305,594,2016-04
3155,339,594,2016-04
3156,534,594,2016-04
3157,305,592,2016-04
3158,319,592,2016-04
3159,339,649,2016-04
3160,418,649,2016-04
3161,305,595,2016-04
3162,418,595,2016-04
3163,122,179,2016-04
3164,534,179,2016-04
3165,305,593,2016-04
3166,339,593,2016-04
3167,339,650,2016-04
3168,534,650,2016-04
3169,448,922,2016-04
3170,534,922,2016-04
3171,122,178,2016-04
3172,305,178,2016-04
3173,408,875,2016-07
3174,560,875,2016-07
3175,52,1022,2016-07
3176,560,1022,2016-07
3177,21,444,2016-07
3178,247,444,2016-07
3179,106,46,2016-07
3180,560,46,2016-07
3181,21,446,2016-07
3182,560,446,2016-07
3183,247,525,2016-07
3184,560,525,2016-07
3185,564,1062,2016-11
3186,610,1062,2016-11
3187,341,655,2017-02
3188,517,655,2017-02
3189,365,696,2017-03
3190,548,696,2017-03
3191,365,695,2017-03
3192,517,695,2017-03
3193,212,448,2017-03
3194,414,448,2017-03
3195,380,783,2017-04
3196,561,783,2017-04
3197,47,950,2017-05
3198,380,950,2017-05
3199,610,950,2017-05
3200,47,948,2017-05
3201,352,948,2017-05
3202,610,948,2017-05
3203,328,641,2017-05
3204,380,641,2017-05
3205,610,641,2017-05
3206,352,689,2017-05
3207,380,689,2017-05
3208,610,689,2017-05
3209,47,949,2017-05
3210,380,949,2017-05
3211,352,688,2017-05
3212,380,688,2017-05
3213,47,947,2017-05
3214,352,947,2017-05
3215,328,639,2017-05
3216,352,639,2017-05
3217,47,946,2017-05
3218,328,946,2017-05
3219,47,951,2017-05
3220,610,951,2017-05
3221,328,640,2017-05
3222,380,640,2017-05
3223,328,642,2017-05
3224,610,642,2017-05
3225,471,956,2017-06
3226,599,956,2017-06
3227,252,529,2017-06
3228,599,529,2017-06
3229,475,962,2017-06
3230,599,962,2017-06
3231,279,564,2017-09
3232,551,564,2017-09
3233,15,312,2017-11
3234,401,312,2017-11
3235,141,286,2017-12
3236,282,286,2017-12
3237,50,1012,2017-12
3238,401,1012,2017-12
3239,50,1011,2017-12
3240,141,1011,2017-12
3241,141,287,2017-12
3242,401,287,2017-12
3243,111,131,2018-01
3244,382,131,2018-01
3245,306,597,2018-02
3246,599,597,2018-02
3247,305,591,2018-02
3248,306,591,2018-02
3249,62,1126,2018-03
3250,89,1126,2018-03
3251,50,1013,2018-05
3252,567,1013,2018-05
3253,153,326,2018-05
3254,567,326,2018-05
3255,68,1137,2018-05
3256,567,1137,2018-05
3257,305,596,2018-08
3258,514,596,2018-08
3259,233,486,2018-08
3260,596,486,2018-08
3261,272,555,2018-08
3262,596,555,2018-08
3263,248,526,2018-08
3264,596,526,2018-08
3265,514,1021,2018-08
3266,596,1021,2018-08
3267,184,417,2018-09
3268,331,417,2018-09
