,user_id,group_id,period
0,54,1045,1996-04
1,191,1045,1996-04
2,54,1046,1996-04
3,99,1046,1996-04
4,40,835,1996-05
5,107,835,1996-05
6,136,835,1996-05
7,145,835,1996-05
8,353,835,1996-05
9,468,835,1996-05
10,107,49,1996-05
11,130,49,1996-05
12,136,49,1996-05
13,145,49,1996-05
14,468,49,1996-05
15,107,56,1996-05
16,136,56,1996-05
17,145,56,1996-05
18,468,56,1996-05
19,604,56,1996-05
20,107,55,1996-05
21,136,55,1996-05
22,145,55,1996-05
23,468,55,1996-05
24,40,833,1996-05
25,107,833,1996-05
26,130,833,1996-05
27,145,833,1996-05
28,40,840,1996-05
29,107,840,1996-05
30,145,840,1996-05
31,284,840,1996-05
32,604,840,1996-05
33,40,839,1996-05
34,107,839,1996-05
35,145,839,1996-05
36,107,51,1996-05
37,130,51,1996-05
38,145,51,1996-05
39,604,51,1996-05
40,107,50,1996-05
41,130,50,1996-05
42,145,50,1996-05
43,107,61,1996-05
44,145,61,1996-05
45,604,61,1996-05
46,40,844,1996-05
47,130,844,1996-05
48,136,844,1996-05
49,145,844,1996-05
50,353,844,1996-05
51,436,844,1996-05
52,40,852,1996-05
53,136,852,1996-05
54,145,852,1996-05
55,353,852,1996-05
56,604,852,1996-05
57,40,851,1996-05
58,136,851,1996-05
59,145,851,1996-05
60,353,851,1996-05
61,40,846,1996-05
62,130,846,1996-05
63,145,846,1996-05
64,604,846,1996-05
65,40,845,1996-05
66,130,845,1996-05
67,145,845,1996-05
68,40,837,1996-05
69,107,837,1996-05
70,136,837,1996-05
71,436,837,1996-05
72,468,837,1996-05
73,40,836,1996-05
74,107,836,1996-05
75,136,836,1996-05
76,284,836,1996-05
77,468,836,1996-05
78,40,838,1996-05
79,107,838,1996-05
80,136,838,1996-05
81,468,838,1996-05
82,107,57,1996-05
83,136,57,1996-05
84,468,57,1996-05
85,40,841,1996-05
86,107,841,1996-05
87,284,841,1996-05
88,40,857,1996-05
89,136,857,1996-05
90,284,857,1996-05
91,353,857,1996-05
92,604,857,1996-05
93,40,872,1996-05
94,284,872,1996-05
95,604,872,1996-05
96,40,861,1996-05
97,136,861,1996-05
98,353,861,1996-05
99,436,861,1996-05
100,604,861,1996-05
101,40,860,1996-05
102,136,860,1996-05
103,353,860,1996-05
104,436,860,1996-05
105,40,862,1996-05
106,136,862,1996-05
107,353,862,1996-05
108,604,862,1996-05
109,40,859,1996-05
110,136,859,1996-05
111,353,859,1996-05
112,40,858,1996-05
113,136,858,1996-05
114,284,858,1996-05
115,436,858,1996-05
116,40,856,1996-05
117,136,856,1996-05
118,284,856,1996-05
119,134,228,1996-05
120,136,228,1996-05
121,353,228,1996-05
122,436,228,1996-05
123,468,228,1996-05
124,136,257,1996-05
125,353,257,1996-05
126,468,257,1996-05
127,604,257,1996-05
128,136,256,1996-05
129,353,256,1996-05
130,468,256,1996-05
131,136,255,1996-05
132,353,255,1996-05
133,436,255,1996-05
134,604,255,1996-05
135,136,242,1996-05
136,145,242,1996-05
137,284,242,1996-05
138,353,242,1996-05
139,145,309,1996-05
140,284,309,1996-05
141,136,244,1996-05
142,145,244,1996-05
143,353,244,1996-05
144,436,244,1996-05
145,136,243,1996-05
146,145,243,1996-05
147,353,243,1996-05
148,136,249,1996-05
149,284,249,1996-05
150,353,249,1996-05
151,436,249,1996-05
152,136,248,1996-05
153,284,248,1996-05
154,353,248,1996-05
155,40,854,1996-05
156,136,854,1996-05
157,145,854,1996-05
158,436,854,1996-05
159,604,854,1996-05
160,40,853,1996-05
161,136,853,1996-05
162,145,853,1996-05
163,436,853,1996-05
164,40,855,1996-05
165,136,855,1996-05
166,145,855,1996-05
167,604,855,1996-05
168,40,850,1996-05
169,136,850,1996-05
170,145,850,1996-05
171,136,245,1996-05
172,145,245,1996-05
173,436,245,1996-05
174,130,192,1996-05
175,136,192,1996-05
176,145,192,1996-05
177,444,192,1996-05
178,604,192,1996-05
179,130,193,1996-05
180,136,193,1996-05
181,145,193,1996-05
182,604,193,1996-05
183,130,191,1996-05
184,136,191,1996-05
185,145,191,1996-05
186,130,205,1996-05
187,145,205,1996-05
188,604,205,1996-05
189,136,246,1996-05
190,145,246,1996-05
191,604,246,1996-05
192,136,241,1996-05
193,145,241,1996-05
194,134,227,1996-05
195,136,227,1996-05
196,353,227,1996-05
197,436,227,1996-05
198,40,834,1996-05
199,107,834,1996-05
200,130,834,1996-05
201,353,834,1996-05
202,40,842,1996-05
203,107,842,1996-05
204,353,842,1996-05
205,40,832,1996-05
206,107,832,1996-05
207,130,832,1996-05
208,107,48,1996-05
209,130,48,1996-05
210,40,847,1996-05
211,130,847,1996-05
212,353,847,1996-05
213,40,843,1996-05
214,130,843,1996-05
215,40,831,1996-05
216,107,831,1996-05
217,130,195,1996-05
218,136,195,1996-05
219,436,195,1996-05
220,468,195,1996-05
221,130,200,1996-05
222,136,200,1996-05
223,468,200,1996-05
224,604,200,1996-05
225,130,196,1996-05
226,136,196,1996-05
227,436,196,1996-05
228,604,196,1996-05
229,130,194,1996-05
230,136,194,1996-05
231,436,194,1996-05
232,136,261,1996-05
233,436,261,1996-05
234,468,261,1996-05
235,604,261,1996-05
236,136,264,1996-05
237,468,264,1996-05
238,604,264,1996-05
239,136,260,1996-05
240,436,260,1996-05
241,468,260,1996-05
242,130,201,1996-05
243,136,201,1996-05
244,604,201,1996-05
245,130,189,1996-05
246,134,189,1996-05
247,145,189,1996-05
248,436,189,1996-05
249,468,189,1996-05
250,130,204,1996-05
251,145,204,1996-05
252,468,204,1996-05
253,130,203,1996-05
254,145,203,1996-05
255,436,203,1996-05
256,134,238,1996-05
257,436,238,1996-05
258,468,238,1996-05
259,130,202,1996-05
260,145,202,1996-05
261,130,207,1996-05
262,436,207,1996-05
263,468,207,1996-05
264,130,206,1996-05
265,436,206,1996-05
266,40,864,1996-05
267,136,864,1996-05
268,436,864,1996-05
269,604,864,1996-05
270,35,691,1996-05
271,40,691,1996-05
272,107,59,1996-05
273,145,59,1996-05
274,436,59,1996-05
275,468,59,1996-05
276,107,60,1996-05
277,145,60,1996-05
278,468,60,1996-05
279,107,62,1996-05
280,436,62,1996-05
281,468,62,1996-05
282,145,311,1996-05
283,436,311,1996-05
284,468,311,1996-05
285,436,916,1996-05
286,468,916,1996-05
287,134,229,1996-05
288,136,229,1996-05
289,353,229,1996-05
290,604,229,1996-05
291,134,226,1996-05
292,136,226,1996-05
293,353,226,1996-05
294,130,198,1996-05
295,136,198,1996-05
296,444,198,1996-05
297,468,198,1996-05
298,130,197,1996-05
299,136,197,1996-05
300,444,197,1996-05
301,130,199,1996-05
302,136,199,1996-05
303,468,199,1996-05
304,136,263,1996-05
305,468,263,1996-05
306,130,208,1996-05
307,468,208,1996-05
308,107,53,1996-05
309,134,53,1996-05
310,145,53,1996-05
311,35,690,1996-05
312,107,690,1996-05
313,134,232,1996-05
314,145,232,1996-05
315,107,58,1996-05
316,145,58,1996-05
317,40,868,1996-05
318,145,868,1996-05
319,436,868,1996-05
320,604,868,1996-05
321,40,867,1996-05
322,145,867,1996-05
323,436,867,1996-05
324,40,869,1996-05
325,145,869,1996-05
326,604,869,1996-05
327,40,866,1996-05
328,145,866,1996-05
329,145,313,1996-05
330,604,313,1996-05
331,40,876,1996-05
332,436,876,1996-05
333,604,876,1996-05
334,145,310,1996-05
335,436,310,1996-05
336,107,54,1996-05
337,134,54,1996-05
338,468,54,1996-05
339,107,63,1996-05
340,444,63,1996-05
341,468,63,1996-05
342,134,239,1996-05
343,468,239,1996-05
344,444,922,1996-05
345,468,922,1996-05
346,107,52,1996-05
347,134,52,1996-05
348,40,871,1996-05
349,284,871,1996-05
350,353,871,1996-05
351,134,235,1996-05
352,353,235,1996-05
353,436,235,1996-05
354,604,235,1996-05
355,353,700,1996-05
356,436,700,1996-05
357,604,700,1996-05
358,134,234,1996-05
359,353,234,1996-05
360,436,234,1996-05
361,134,236,1996-05
362,353,236,1996-05
363,604,236,1996-05
364,136,251,1996-05
365,284,251,1996-05
366,436,251,1996-05
367,604,251,1996-05
368,136,252,1996-05
369,284,252,1996-05
370,604,252,1996-05
371,136,262,1996-05
372,436,262,1996-05
373,604,262,1996-05
374,130,210,1996-05
375,604,210,1996-05
376,130,188,1996-05
377,134,188,1996-05
378,136,254,1996-05
379,353,254,1996-05
380,436,254,1996-05
381,353,699,1996-05
382,436,699,1996-05
383,40,848,1996-05
384,134,848,1996-05
385,136,258,1996-05
386,353,258,1996-05
387,604,258,1996-05
388,134,230,1996-05
389,136,230,1996-05
390,436,230,1996-05
391,134,237,1996-05
392,436,237,1996-05
393,284,580,1996-05
394,436,580,1996-05
395,604,580,1996-05
396,40,874,1996-05
397,353,874,1996-05
398,604,874,1996-05
399,134,231,1996-05
400,136,231,1996-05
401,604,231,1996-05
402,136,250,1996-05
403,284,250,1996-05
404,436,250,1996-05
405,40,863,1996-05
406,136,863,1996-05
407,436,863,1996-05
408,40,865,1996-05
409,136,865,1996-05
410,604,865,1996-05
411,136,266,1996-05
412,604,266,1996-05
413,40,849,1996-05
414,136,849,1996-05
415,130,209,1996-05
416,536,209,1996-05
417,136,265,1996-05
418,536,265,1996-05
419,130,190,1996-05
420,136,190,1996-05
421,40,870,1996-05
422,284,870,1996-05
423,134,225,1996-05
424,136,225,1996-05
425,134,233,1996-05
426,353,233,1996-05
427,353,701,1996-05
428,604,701,1996-05
429,134,240,1996-05
430,604,240,1996-05
431,284,582,1996-05
432,604,582,1996-05
433,536,1035,1996-05
434,604,1035,1996-05
435,35,692,1996-05
436,604,692,1996-05
437,284,578,1996-05
438,353,578,1996-05
439,136,253,1996-05
440,353,253,1996-05
441,284,581,1996-05
442,536,581,1996-05
443,436,918,1996-05
444,604,918,1996-05
445,107,64,1996-05
446,468,64,1996-05
447,145,312,1996-05
448,468,312,1996-05
449,40,877,1996-05
450,536,877,1996-05
451,284,579,1996-05
452,436,579,1996-05
453,40,873,1996-05
454,353,873,1996-05
455,436,917,1996-05
456,536,917,1996-05
457,136,247,1996-05
458,284,247,1996-05
459,40,875,1996-05
460,436,875,1996-05
461,136,259,1996-05
462,436,259,1996-05
463,40,878,1996-05
464,604,878,1996-05
465,46,943,1996-06
466,242,943,1996-06
467,314,943,1996-06
468,385,943,1996-06
469,411,943,1996-06
470,102,24,1996-06
471,385,24,1996-06
472,541,24,1996-06
473,574,24,1996-06
474,584,24,1996-06
475,56,1050,1996-06
476,102,1050,1996-06
477,273,1050,1996-06
478,411,1050,1996-06
479,584,1050,1996-06
480,102,17,1996-06
481,314,17,1996-06
482,411,17,1996-06
483,541,17,1996-06
484,349,687,1996-06
485,411,687,1996-06
486,476,687,1996-06
487,56,1051,1996-06
488,102,1051,1996-06
489,349,1051,1996-06
490,411,1051,1996-06
491,314,620,1996-06
492,411,620,1996-06
493,541,620,1996-06
494,584,620,1996-06
495,476,974,1996-06
496,541,974,1996-06
497,584,974,1996-06
498,14,271,1996-06
499,314,271,1996-06
500,411,271,1996-06
501,476,271,1996-06
502,541,271,1996-06
503,314,619,1996-06
504,411,619,1996-06
505,541,619,1996-06
506,46,948,1996-06
507,314,948,1996-06
508,385,948,1996-06
509,411,948,1996-06
510,476,948,1996-06
511,46,947,1996-06
512,314,947,1996-06
513,385,947,1996-06
514,411,947,1996-06
515,46,939,1996-06
516,102,939,1996-06
517,242,939,1996-06
518,314,939,1996-06
519,46,942,1996-06
520,242,942,1996-06
521,314,942,1996-06
522,46,946,1996-06
523,314,946,1996-06
524,56,1053,1996-06
525,102,1053,1996-06
526,411,1053,1996-06
527,476,1053,1996-06
528,541,1053,1996-06
529,56,1054,1996-06
530,102,1054,1996-06
531,411,1054,1996-06
532,541,1054,1996-06
533,102,27,1996-06
534,411,27,1996-06
535,476,27,1996-06
536,541,27,1996-06
537,102,28,1996-06
538,411,28,1996-06
539,541,28,1996-06
540,102,30,1996-06
541,476,30,1996-06
542,541,30,1996-06
543,411,889,1996-06
544,476,889,1996-06
545,541,889,1996-06
546,102,8,1996-06
547,242,8,1996-06
548,314,8,1996-06
549,411,8,1996-06
550,476,975,1996-06
551,574,975,1996-06
552,584,975,1996-06
553,14,279,1996-06
554,476,279,1996-06
555,584,279,1996-06
556,476,976,1996-06
557,584,976,1996-06
558,56,1057,1996-06
559,242,1057,1996-06
560,314,1057,1996-06
561,411,1057,1996-06
562,56,1069,1996-06
563,411,1069,1996-06
564,476,1069,1996-06
565,242,520,1996-06
566,314,520,1996-06
567,411,520,1996-06
568,476,520,1996-06
569,242,519,1996-06
570,314,519,1996-06
571,411,519,1996-06
572,56,1058,1996-06
573,242,1058,1996-06
574,314,1058,1996-06
575,541,1058,1996-06
576,584,1058,1996-06
577,314,624,1996-06
578,541,624,1996-06
579,584,624,1996-06
580,56,1056,1996-06
581,242,1056,1996-06
582,314,1056,1996-06
583,102,12,1996-06
584,273,12,1996-06
585,385,12,1996-06
586,541,12,1996-06
587,102,23,1996-06
588,385,23,1996-06
589,541,23,1996-06
590,14,269,1996-06
591,102,269,1996-06
592,541,269,1996-06
593,56,1063,1996-06
594,314,1063,1996-06
595,385,1063,1996-06
596,541,1063,1996-06
597,56,1065,1996-06
598,314,1065,1996-06
599,541,1065,1996-06
600,56,1071,1996-06
601,541,1071,1996-06
602,14,277,1996-06
603,46,277,1996-06
604,102,277,1996-06
605,242,277,1996-06
606,46,938,1996-06
607,102,938,1996-06
608,242,938,1996-06
609,242,522,1996-06
610,349,522,1996-06
611,411,522,1996-06
612,102,9,1996-06
613,242,9,1996-06
614,411,9,1996-06
615,46,952,1996-06
616,56,952,1996-06
617,411,952,1996-06
618,46,951,1996-06
619,411,951,1996-06
620,574,951,1996-06
621,584,951,1996-06
622,574,1085,1996-06
623,584,1085,1996-06
624,46,945,1996-06
625,242,945,1996-06
626,385,945,1996-06
627,541,945,1996-06
628,46,944,1996-06
629,242,944,1996-06
630,385,944,1996-06
631,46,941,1996-06
632,242,941,1996-06
633,56,1064,1996-06
634,314,1064,1996-06
635,385,1064,1996-06
636,584,1064,1996-06
637,385,802,1996-06
638,584,802,1996-06
639,56,1066,1996-06
640,314,1066,1996-06
641,584,1066,1996-06
642,56,1062,1996-06
643,314,1062,1996-06
644,385,1062,1996-06
645,102,16,1996-06
646,314,16,1996-06
647,411,16,1996-06
648,476,16,1996-06
649,102,15,1996-06
650,314,15,1996-06
651,411,15,1996-06
652,314,618,1996-06
653,411,618,1996-06
654,476,618,1996-06
655,14,268,1996-06
656,102,268,1996-06
657,314,268,1996-06
658,14,270,1996-06
659,314,270,1996-06
660,14,267,1996-06
661,102,267,1996-06
662,314,613,1996-06
663,349,613,1996-06
664,385,613,1996-06
665,476,613,1996-06
666,314,615,1996-06
667,385,615,1996-06
668,476,615,1996-06
669,102,11,1996-06
670,273,11,1996-06
671,349,11,1996-06
672,411,11,1996-06
673,102,13,1996-06
674,273,13,1996-06
675,411,13,1996-06
676,102,20,1996-06
677,349,20,1996-06
678,411,20,1996-06
679,349,686,1996-06
680,411,686,1996-06
681,102,19,1996-06
682,349,19,1996-06
683,385,798,1996-06
684,411,798,1996-06
685,541,798,1996-06
686,14,276,1996-06
687,411,276,1996-06
688,541,276,1996-06
689,14,274,1996-06
690,385,274,1996-06
691,541,274,1996-06
692,349,689,1996-06
693,541,689,1996-06
694,314,612,1996-06
695,349,612,1996-06
696,385,612,1996-06
697,314,611,1996-06
698,349,611,1996-06
699,102,7,1996-06
700,242,7,1996-06
701,314,7,1996-06
702,102,6,1996-06
703,242,6,1996-06
704,273,6,1996-06
705,102,10,1996-06
706,273,10,1996-06
707,102,5,1996-06
708,242,5,1996-06
709,102,26,1996-06
710,411,26,1996-06
711,476,26,1996-06
712,411,888,1996-06
713,476,888,1996-06
714,56,1052,1996-06
715,102,1052,1996-06
716,411,1052,1996-06
717,56,1068,1996-06
718,411,1068,1996-06
719,56,1059,1996-06
720,242,1059,1996-06
721,476,1059,1996-06
722,56,1070,1996-06
723,476,1070,1996-06
724,314,621,1996-06
725,411,621,1996-06
726,584,621,1996-06
727,314,625,1996-06
728,584,625,1996-06
729,349,685,1996-06
730,385,685,1996-06
731,476,685,1996-06
732,349,684,1996-06
733,385,684,1996-06
734,102,32,1996-06
735,541,32,1996-06
736,584,32,1996-06
737,102,33,1996-06
738,584,33,1996-06
739,541,1047,1996-06
740,584,1047,1996-06
741,102,31,1996-06
742,541,31,1996-06
743,56,1060,1996-06
744,242,1060,1996-06
745,584,1060,1996-06
746,56,1072,1996-06
747,584,1072,1996-06
748,192,430,1996-06
749,476,430,1996-06
750,242,525,1996-06
751,476,525,1996-06
752,102,18,1996-06
753,314,18,1996-06
754,476,18,1996-06
755,314,622,1996-06
756,476,622,1996-06
757,102,22,1996-06
758,385,22,1996-06
759,476,22,1996-06
760,385,799,1996-06
761,476,799,1996-06
762,102,29,1996-06
763,476,29,1996-06
764,46,940,1996-06
765,102,940,1996-06
766,411,940,1996-06
767,46,950,1996-06
768,411,950,1996-06
769,14,278,1996-06
770,476,278,1996-06
771,14,272,1996-06
772,349,272,1996-06
773,349,688,1996-06
774,476,688,1996-06
775,242,521,1996-06
776,314,521,1996-06
777,541,521,1996-06
778,242,526,1996-06
779,541,526,1996-06
780,242,518,1996-06
781,314,518,1996-06
782,314,616,1996-06
783,385,616,1996-06
784,541,616,1996-06
785,14,273,1996-06
786,385,273,1996-06
787,385,801,1996-06
788,541,801,1996-06
789,102,14,1996-06
790,314,14,1996-06
791,102,21,1996-06
792,385,21,1996-06
793,56,1061,1996-06
794,314,1061,1996-06
795,314,623,1996-06
796,541,623,1996-06
797,102,25,1996-06
798,411,25,1996-06
799,273,564,1996-06
800,411,564,1996-06
801,46,949,1996-06
802,385,949,1996-06
803,242,524,1996-06
804,411,524,1996-06
805,46,937,1996-06
806,102,937,1996-06
807,242,527,1996-06
808,584,527,1996-06
809,385,797,1996-06
810,411,797,1996-06
811,476,973,1996-06
812,541,973,1996-06
813,56,1067,1996-06
814,385,1067,1996-06
815,56,1049,1996-06
816,102,1049,1996-06
817,46,953,1996-06
818,584,953,1996-06
819,56,1055,1996-06
820,242,1055,1996-06
821,314,617,1996-06
822,411,617,1996-06
823,14,280,1996-06
824,541,280,1996-06
825,273,562,1996-06
826,314,562,1996-06
827,14,275,1996-06
828,411,275,1996-06
829,411,891,1996-06
830,584,891,1996-06
831,411,890,1996-06
832,541,890,1996-06
833,242,523,1996-06
834,385,523,1996-06
835,314,614,1996-06
836,385,614,1996-06
837,273,565,1996-06
838,541,565,1996-06
839,229,481,1996-07
840,485,481,1996-07
841,26,539,1996-07
842,162,539,1996-07
843,447,928,1996-07
844,455,928,1996-07
845,485,928,1996-07
846,229,478,1996-07
847,447,478,1996-07
848,455,478,1996-07
849,229,475,1996-07
850,404,475,1996-07
851,455,475,1996-07
852,592,475,1996-07
853,229,480,1996-07
854,455,480,1996-07
855,592,480,1996-07
856,162,332,1996-07
857,229,332,1996-07
858,26,541,1996-07
859,447,541,1996-07
860,26,540,1996-07
861,229,540,1996-07
862,404,881,1996-07
863,447,881,1996-07
864,455,881,1996-07
865,229,474,1996-07
866,404,474,1996-07
867,455,474,1996-07
868,447,929,1996-07
869,455,929,1996-07
870,592,929,1996-07
871,404,883,1996-07
872,455,883,1996-07
873,592,883,1996-07
874,243,529,1996-07
875,485,529,1996-07
876,592,529,1996-07
877,229,476,1996-07
878,404,476,1996-07
879,592,476,1996-07
880,26,542,1996-07
881,455,542,1996-07
882,243,530,1996-07
883,592,530,1996-07
884,26,543,1996-07
885,592,543,1996-07
886,273,563,1996-07
887,404,563,1996-07
888,162,333,1996-07
889,404,333,1996-07
890,404,882,1996-07
891,455,882,1996-07
892,404,884,1996-07
893,592,884,1996-07
894,447,930,1996-07
895,592,930,1996-07
896,455,934,1996-07
897,592,934,1996-07
898,229,472,1996-07
899,273,472,1996-07
900,229,473,1996-07
901,404,473,1996-07
902,229,479,1996-07
903,455,479,1996-07
904,229,482,1996-07
905,592,482,1996-07
906,447,927,1996-07
907,455,927,1996-07
908,404,880,1996-07
909,447,880,1996-07
910,229,471,1996-07
911,243,471,1996-07
912,229,477,1996-07
913,447,477,1996-07
914,243,528,1996-07
915,455,528,1996-07
916,38,743,1996-08
917,109,743,1996-08
918,394,743,1996-08
919,498,743,1996-08
920,170,336,1996-08
921,176,336,1996-08
922,179,336,1996-08
923,235,336,1996-08
924,394,336,1996-08
925,498,336,1996-08
926,38,780,1996-08
927,498,780,1996-08
928,512,780,1996-08
929,588,780,1996-08
930,602,780,1996-08
931,8,1169,1996-08
932,142,1169,1996-08
933,170,1169,1996-08
934,176,1169,1996-08
935,498,1169,1996-08
936,38,756,1996-08
937,170,756,1996-08
938,176,756,1996-08
939,498,756,1996-08
940,38,779,1996-08
941,498,779,1996-08
942,170,337,1996-08
943,176,337,1996-08
944,498,337,1996-08
945,109,74,1996-08
946,170,74,1996-08
947,235,74,1996-08
948,507,74,1996-08
949,38,744,1996-08
950,109,744,1996-08
951,394,744,1996-08
952,588,744,1996-08
953,142,291,1996-08
954,170,291,1996-08
955,394,291,1996-08
956,444,291,1996-08
957,38,731,1996-08
958,109,731,1996-08
959,170,731,1996-08
960,394,731,1996-08
961,38,742,1996-08
962,109,742,1996-08
963,394,742,1996-08
964,38,753,1996-08
965,142,753,1996-08
966,170,753,1996-08
967,588,753,1996-08
968,54,1038,1996-08
969,109,1038,1996-08
970,170,1038,1996-08
971,444,1038,1996-08
972,588,1038,1996-08
973,8,1171,1996-08
974,170,1171,1996-08
975,235,1171,1996-08
976,395,1171,1996-08
977,444,1171,1996-08
978,38,730,1996-08
979,109,730,1996-08
980,170,730,1996-08
981,235,730,1996-08
982,8,1186,1996-08
983,38,1186,1996-08
984,170,1186,1996-08
985,512,1186,1996-08
986,109,73,1996-08
987,170,73,1996-08
988,235,73,1996-08
989,444,73,1996-08
990,170,341,1996-08
991,235,341,1996-08
992,444,341,1996-08
993,109,72,1996-08
994,170,72,1996-08
995,235,72,1996-08
996,38,732,1996-08
997,109,732,1996-08
998,170,732,1996-08
999,444,732,1996-08
1000,109,79,1996-08
1001,170,79,1996-08
1002,444,79,1996-08
1003,170,350,1996-08
1004,444,350,1996-08
1005,8,1173,1996-08
1006,176,1173,1996-08
1007,235,1173,1996-08
1008,38,736,1996-08
1009,109,736,1996-08
1010,176,736,1996-08
1011,235,736,1996-08
1012,507,736,1996-08
1013,8,1187,1996-08
1014,38,1187,1996-08
1015,176,1187,1996-08
1016,8,1172,1996-08
1017,176,1172,1996-08
1018,8,1184,1996-08
1019,38,1184,1996-08
1020,109,1184,1996-08
1021,235,1184,1996-08
1022,486,981,1996-08
1023,498,981,1996-08
1024,512,981,1996-08
1025,588,981,1996-08
1026,602,981,1996-08
1027,142,296,1996-08
1028,235,296,1996-08
1029,498,296,1996-08
1030,235,496,1996-08
1031,498,496,1996-08
1032,142,303,1996-08
1033,498,303,1996-08
1034,512,303,1996-08
1035,588,303,1996-08
1036,602,303,1996-08
1037,142,302,1996-08
1038,498,302,1996-08
1039,235,495,1996-08
1040,486,495,1996-08
1041,38,750,1996-08
1042,109,750,1996-08
1043,486,750,1996-08
1044,512,750,1996-08
1045,588,750,1996-08
1046,38,729,1996-08
1047,109,729,1996-08
1048,170,729,1996-08
1049,176,729,1996-08
1050,38,757,1996-08
1051,170,757,1996-08
1052,176,757,1996-08
1053,512,757,1996-08
1054,588,757,1996-08
1055,38,783,1996-08
1056,512,783,1996-08
1057,588,783,1996-08
1058,38,755,1996-08
1059,170,755,1996-08
1060,176,755,1996-08
1061,170,335,1996-08
1062,176,335,1996-08
1063,38,734,1996-08
1064,109,734,1996-08
1065,170,734,1996-08
1066,588,734,1996-08
1067,38,759,1996-08
1068,170,759,1996-08
1069,588,759,1996-08
1070,38,733,1996-08
1071,109,733,1996-08
1072,170,733,1996-08
1073,512,733,1996-08
1074,38,758,1996-08
1075,170,758,1996-08
1076,512,758,1996-08
1077,38,728,1996-08
1078,109,728,1996-08
1079,170,728,1996-08
1080,38,737,1996-08
1081,109,737,1996-08
1082,176,737,1996-08
1083,486,737,1996-08
1084,38,749,1996-08
1085,109,749,1996-08
1086,486,749,1996-08
1087,38,735,1996-08
1088,109,735,1996-08
1089,176,735,1996-08
1090,486,985,1996-08
1091,512,985,1996-08
1092,588,985,1996-08
1093,54,1037,1996-08
1094,109,1037,1996-08
1095,142,1037,1996-08
1096,588,1037,1996-08
1097,142,305,1996-08
1098,512,305,1996-08
1099,588,305,1996-08
1100,142,306,1996-08
1101,588,306,1996-08
1102,109,103,1996-08
1103,395,103,1996-08
1104,498,103,1996-08
1105,512,103,1996-08
1106,588,103,1996-08
1107,602,103,1996-08
1108,109,124,1996-08
1109,507,124,1996-08
1110,588,124,1996-08
1111,602,124,1996-08
1112,498,992,1996-08
1113,512,992,1996-08
1114,588,992,1996-08
1115,602,992,1996-08
1116,109,105,1996-08
1117,395,105,1996-08
1118,507,105,1996-08
1119,512,105,1996-08
1120,588,105,1996-08
1121,109,107,1996-08
1122,395,107,1996-08
1123,512,107,1996-08
1124,588,107,1996-08
1125,109,127,1996-08
1126,512,127,1996-08
1127,588,127,1996-08
1128,109,112,1996-08
1129,486,112,1996-08
1130,498,112,1996-08
1131,588,112,1996-08
1132,486,982,1996-08
1133,498,982,1996-08
1134,588,982,1996-08
1135,109,116,1996-08
1136,486,116,1996-08
1137,588,116,1996-08
1138,54,1042,1996-08
1139,109,1042,1996-08
1140,507,1042,1996-08
1141,588,1042,1996-08
1142,109,119,1996-08
1143,498,119,1996-08
1144,507,119,1996-08
1145,588,119,1996-08
1146,109,120,1996-08
1147,498,120,1996-08
1148,588,120,1996-08
1149,109,118,1996-08
1150,498,118,1996-08
1151,507,118,1996-08
1152,395,818,1996-08
1153,486,818,1996-08
1154,512,818,1996-08
1155,602,818,1996-08
1156,179,407,1996-08
1157,507,407,1996-08
1158,395,824,1996-08
1159,507,824,1996-08
1160,512,824,1996-08
1161,602,824,1996-08
1162,395,826,1996-08
1163,512,826,1996-08
1164,602,826,1996-08
1165,395,823,1996-08
1166,507,823,1996-08
1167,512,823,1996-08
1168,109,93,1996-08
1169,262,93,1996-08
1170,394,93,1996-08
1171,512,93,1996-08
1172,109,87,1996-08
1173,179,87,1996-08
1174,394,87,1996-08
1175,8,1168,1996-08
1176,109,1168,1996-08
1177,512,1168,1996-08
1178,38,787,1996-08
1179,54,787,1996-08
1180,109,787,1996-08
1181,444,787,1996-08
1182,54,1041,1996-08
1183,109,1041,1996-08
1184,444,1041,1996-08
1185,38,746,1996-08
1186,109,746,1996-08
1187,395,746,1996-08
1188,444,746,1996-08
1189,512,746,1996-08
1190,38,747,1996-08
1191,109,747,1996-08
1192,395,747,1996-08
1193,512,747,1996-08
1194,395,815,1996-08
1195,444,815,1996-08
1196,38,748,1996-08
1197,109,748,1996-08
1198,444,748,1996-08
1199,38,751,1996-08
1200,109,751,1996-08
1201,512,751,1996-08
1202,54,1040,1996-08
1203,109,1040,1996-08
1204,395,1040,1996-08
1205,512,1040,1996-08
1206,109,106,1996-08
1207,395,106,1996-08
1208,512,106,1996-08
1209,170,347,1996-08
1210,395,347,1996-08
1211,498,347,1996-08
1212,170,355,1996-08
1213,498,355,1996-08
1214,588,355,1996-08
1215,602,355,1996-08
1216,395,821,1996-08
1217,498,821,1996-08
1218,588,821,1996-08
1219,602,821,1996-08
1220,498,995,1996-08
1221,588,995,1996-08
1222,602,995,1996-08
1223,498,994,1996-08
1224,588,994,1996-08
1225,38,741,1996-08
1226,109,741,1996-08
1227,262,741,1996-08
1228,588,741,1996-08
1229,38,788,1996-08
1230,54,788,1996-08
1231,109,788,1996-08
1232,588,788,1996-08
1233,38,752,1996-08
1234,109,752,1996-08
1235,588,752,1996-08
1236,54,1043,1996-08
1237,109,1043,1996-08
1238,588,1043,1996-08
1239,142,292,1996-08
1240,170,292,1996-08
1241,395,292,1996-08
1242,142,293,1996-08
1243,170,293,1996-08
1244,602,293,1996-08
1245,142,290,1996-08
1246,170,290,1996-08
1247,142,301,1996-08
1248,486,301,1996-08
1249,602,301,1996-08
1250,395,819,1996-08
1251,486,819,1996-08
1252,602,819,1996-08
1253,170,349,1996-08
1254,395,349,1996-08
1255,602,349,1996-08
1256,109,76,1996-08
1257,170,76,1996-08
1258,394,76,1996-08
1259,507,76,1996-08
1260,109,81,1996-08
1261,170,81,1996-08
1262,507,81,1996-08
1263,588,81,1996-08
1264,109,80,1996-08
1265,170,80,1996-08
1266,507,80,1996-08
1267,109,77,1996-08
1268,170,77,1996-08
1269,394,77,1996-08
1270,588,77,1996-08
1271,109,99,1996-08
1272,394,99,1996-08
1273,588,99,1996-08
1274,109,75,1996-08
1275,170,75,1996-08
1276,394,75,1996-08
1277,109,123,1996-08
1278,507,123,1996-08
1279,588,123,1996-08
1280,109,68,1996-08
1281,142,68,1996-08
1282,395,68,1996-08
1283,507,68,1996-08
1284,109,104,1996-08
1285,395,104,1996-08
1286,507,104,1996-08
1287,109,113,1996-08
1288,486,113,1996-08
1289,507,113,1996-08
1290,395,817,1996-08
1291,486,817,1996-08
1292,507,817,1996-08
1293,394,812,1996-08
1294,498,812,1996-08
1295,512,812,1996-08
1296,602,812,1996-08
1297,170,345,1996-08
1298,394,345,1996-08
1299,498,345,1996-08
1300,170,354,1996-08
1301,498,354,1996-08
1302,512,354,1996-08
1303,602,354,1996-08
1304,394,813,1996-08
1305,512,813,1996-08
1306,170,356,1996-08
1307,498,356,1996-08
1308,602,356,1996-08
1309,170,353,1996-08
1310,498,353,1996-08
1311,170,344,1996-08
1312,394,344,1996-08
1313,8,1176,1996-08
1314,179,1176,1996-08
1315,498,1176,1996-08
1316,179,406,1996-08
1317,498,406,1996-08
1318,8,1196,1996-08
1319,498,1196,1996-08
1320,512,1196,1996-08
1321,602,1196,1996-08
1322,8,1195,1996-08
1323,498,1195,1996-08
1324,179,409,1996-08
1325,512,409,1996-08
1326,602,409,1996-08
1327,8,1177,1996-08
1328,179,1177,1996-08
1329,512,1177,1996-08
1330,179,408,1996-08
1331,512,408,1996-08
1332,498,993,1996-08
1333,512,993,1996-08
1334,602,993,1996-08
1335,498,996,1996-08
1336,602,996,1996-08
1337,142,294,1996-08
1338,179,294,1996-08
1339,395,294,1996-08
1340,179,402,1996-08
1341,395,402,1996-08
1342,486,402,1996-08
1343,109,67,1996-08
1344,142,67,1996-08
1345,395,67,1996-08
1346,486,67,1996-08
1347,109,101,1996-08
1348,395,101,1996-08
1349,486,101,1996-08
1350,109,66,1996-08
1351,142,66,1996-08
1352,395,66,1996-08
1353,142,299,1996-08
1354,395,299,1996-08
1355,486,299,1996-08
1356,142,300,1996-08
1357,486,300,1996-08
1358,142,298,1996-08
1359,395,298,1996-08
1360,395,816,1996-08
1361,486,816,1996-08
1362,38,770,1996-08
1363,262,770,1996-08
1364,395,770,1996-08
1365,512,770,1996-08
1366,8,1189,1996-08
1367,38,1189,1996-08
1368,395,1189,1996-08
1369,512,1189,1996-08
1370,8,1181,1996-08
1371,262,1181,1996-08
1372,512,1181,1996-08
1373,38,774,1996-08
1374,395,774,1996-08
1375,512,774,1996-08
1376,179,396,1996-08
1377,235,396,1996-08
1378,395,396,1996-08
1379,38,762,1996-08
1380,179,762,1996-08
1381,235,762,1996-08
1382,179,395,1996-08
1383,235,395,1996-08
1384,179,403,1996-08
1385,395,403,1996-08
1386,602,403,1996-08
1387,38,772,1996-08
1388,394,772,1996-08
1389,602,772,1996-08
1390,38,763,1996-08
1391,179,763,1996-08
1392,394,763,1996-08
1393,38,771,1996-08
1394,394,771,1996-08
1395,8,1175,1996-08
1396,179,1175,1996-08
1397,394,1175,1996-08
1398,179,400,1996-08
1399,394,400,1996-08
1400,394,814,1996-08
1401,602,814,1996-08
1402,8,1178,1996-08
1403,179,1178,1996-08
1404,602,1178,1996-08
1405,8,1174,1996-08
1406,179,1174,1996-08
1407,38,765,1996-08
1408,179,765,1996-08
1409,602,765,1996-08
1410,179,411,1996-08
1411,602,411,1996-08
1412,109,91,1996-08
1413,235,91,1996-08
1414,512,91,1996-08
1415,109,90,1996-08
1416,235,90,1996-08
1417,507,90,1996-08
1418,142,297,1996-08
1419,235,297,1996-08
1420,512,297,1996-08
1421,142,295,1996-08
1422,235,295,1996-08
1423,109,70,1996-08
1424,142,70,1996-08
1425,507,70,1996-08
1426,512,70,1996-08
1427,142,304,1996-08
1428,512,304,1996-08
1429,109,122,1996-08
1430,507,122,1996-08
1431,512,122,1996-08
1432,507,1027,1996-08
1433,512,1027,1996-08
1434,109,69,1996-08
1435,142,69,1996-08
1436,507,69,1996-08
1437,170,360,1996-08
1438,512,360,1996-08
1439,588,360,1996-08
1440,602,360,1996-08
1441,170,343,1996-08
1442,235,343,1996-08
1443,588,343,1996-08
1444,602,343,1996-08
1445,170,342,1996-08
1446,235,342,1996-08
1447,512,342,1996-08
1448,170,340,1996-08
1449,235,340,1996-08
1450,235,498,1996-08
1451,512,498,1996-08
1452,588,498,1996-08
1453,602,498,1996-08
1454,235,499,1996-08
1455,588,499,1996-08
1456,602,499,1996-08
1457,170,359,1996-08
1458,512,359,1996-08
1459,588,359,1996-08
1460,170,363,1996-08
1461,588,363,1996-08
1462,602,363,1996-08
1463,170,361,1996-08
1464,512,361,1996-08
1465,602,361,1996-08
1466,170,358,1996-08
1467,512,358,1996-08
1468,235,497,1996-08
1469,512,497,1996-08
1470,38,775,1996-08
1471,395,775,1996-08
1472,588,775,1996-08
1473,602,775,1996-08
1474,8,1192,1996-08
1475,38,1192,1996-08
1476,588,1192,1996-08
1477,602,1192,1996-08
1478,38,790,1996-08
1479,588,790,1996-08
1480,602,790,1996-08
1481,395,828,1996-08
1482,588,828,1996-08
1483,602,828,1996-08
1484,38,789,1996-08
1485,588,789,1996-08
1486,38,776,1996-08
1487,395,776,1996-08
1488,602,776,1996-08
1489,38,738,1996-08
1490,109,738,1996-08
1491,179,738,1996-08
1492,109,88,1996-08
1493,179,88,1996-08
1494,395,88,1996-08
1495,38,764,1996-08
1496,179,764,1996-08
1497,395,764,1996-08
1498,38,761,1996-08
1499,179,761,1996-08
1500,109,97,1996-08
1501,394,97,1996-08
1502,395,97,1996-08
1503,498,97,1996-08
1504,394,810,1996-08
1505,395,810,1996-08
1506,498,810,1996-08
1507,109,98,1996-08
1508,394,98,1996-08
1509,498,98,1996-08
1510,109,102,1996-08
1511,395,102,1996-08
1512,498,102,1996-08
1513,109,117,1996-08
1514,498,117,1996-08
1515,395,820,1996-08
1516,498,820,1996-08
1517,109,96,1996-08
1518,394,96,1996-08
1519,394,811,1996-08
1520,498,811,1996-08
1521,262,545,1996-08
1522,512,545,1996-08
1523,588,545,1996-08
1524,602,545,1996-08
1525,262,544,1996-08
1526,512,544,1996-08
1527,512,1030,1996-08
1528,588,1030,1996-08
1529,602,1030,1996-08
1530,512,1029,1996-08
1531,588,1029,1996-08
1532,176,392,1996-08
1533,395,392,1996-08
1534,38,769,1996-08
1535,262,769,1996-08
1536,395,769,1996-08
1537,170,352,1996-08
1538,486,352,1996-08
1539,588,352,1996-08
1540,486,987,1996-08
1541,588,987,1996-08
1542,170,351,1996-08
1543,486,351,1996-08
1544,179,405,1996-08
1545,486,405,1996-08
1546,38,740,1996-08
1547,109,740,1996-08
1548,235,740,1996-08
1549,395,740,1996-08
1550,38,739,1996-08
1551,109,739,1996-08
1552,235,739,1996-08
1553,38,767,1996-08
1554,235,767,1996-08
1555,395,767,1996-08
1556,235,494,1996-08
1557,395,494,1996-08
1558,109,78,1996-08
1559,170,78,1996-08
1560,395,78,1996-08
1561,109,108,1996-08
1562,395,108,1996-08
1563,588,108,1996-08
1564,170,348,1996-08
1565,395,348,1996-08
1566,588,348,1996-08
1567,109,82,1996-08
1568,170,82,1996-08
1569,588,82,1996-08
1570,109,71,1996-08
1571,170,71,1996-08
1572,395,827,1996-08
1573,588,827,1996-08
1574,170,362,1996-08
1575,588,362,1996-08
1576,38,786,1996-08
1577,54,786,1996-08
1578,109,786,1996-08
1579,395,786,1996-08
1580,54,1039,1996-08
1581,109,1039,1996-08
1582,395,1039,1996-08
1583,38,785,1996-08
1584,54,785,1996-08
1585,109,785,1996-08
1586,54,1036,1996-08
1587,109,1036,1996-08
1588,8,1185,1996-08
1589,38,1185,1996-08
1590,109,1185,1996-08
1591,395,1185,1996-08
1592,8,1183,1996-08
1593,38,1183,1996-08
1594,109,1183,1996-08
1595,8,1188,1996-08
1596,38,1188,1996-08
1597,395,1188,1996-08
1598,8,1194,1996-08
1599,395,1194,1996-08
1600,38,745,1996-08
1601,109,745,1996-08
1602,395,745,1996-08
1603,109,115,1996-08
1604,486,115,1996-08
1605,512,115,1996-08
1606,602,115,1996-08
1607,109,114,1996-08
1608,486,114,1996-08
1609,512,114,1996-08
1610,109,128,1996-08
1611,512,128,1996-08
1612,602,128,1996-08
1613,486,986,1996-08
1614,512,986,1996-08
1615,602,986,1996-08
1616,486,984,1996-08
1617,512,984,1996-08
1618,109,111,1996-08
1619,486,111,1996-08
1620,109,126,1996-08
1621,512,126,1996-08
1622,8,1191,1996-08
1623,38,1191,1996-08
1624,512,1191,1996-08
1625,602,1191,1996-08
1626,38,784,1996-08
1627,512,784,1996-08
1628,602,784,1996-08
1629,8,1199,1996-08
1630,512,1199,1996-08
1631,602,1199,1996-08
1632,8,1190,1996-08
1633,38,1190,1996-08
1634,512,1190,1996-08
1635,8,1198,1996-08
1636,512,1198,1996-08
1637,8,1193,1996-08
1638,38,1193,1996-08
1639,602,1193,1996-08
1640,512,1031,1996-08
1641,602,1031,1996-08
1642,109,130,1996-08
1643,588,130,1996-08
1644,602,130,1996-08
1645,109,129,1996-08
1646,588,129,1996-08
1647,235,500,1996-08
1648,602,500,1996-08
1649,8,1167,1996-08
1650,109,1167,1996-08
1651,235,1167,1996-08
1652,8,1179,1996-08
1653,235,1179,1996-08
1654,8,1200,1996-08
1655,602,1200,1996-08
1656,109,125,1996-08
1657,507,125,1996-08
1658,602,125,1996-08
1659,507,1028,1996-08
1660,602,1028,1996-08
1661,109,110,1996-08
1662,444,110,1996-08
1663,507,110,1996-08
1664,109,109,1996-08
1665,444,109,1996-08
1666,109,121,1996-08
1667,507,121,1996-08
1668,444,924,1996-08
1669,588,924,1996-08
1670,602,924,1996-08
1671,444,923,1996-08
1672,588,923,1996-08
1673,109,86,1996-08
1674,179,86,1996-08
1675,262,86,1996-08
1676,109,85,1996-08
1677,179,85,1996-08
1678,109,84,1996-08
1679,176,84,1996-08
1680,235,84,1996-08
1681,176,391,1996-08
1682,235,391,1996-08
1683,109,83,1996-08
1684,176,83,1996-08
1685,170,339,1996-08
1686,179,339,1996-08
1687,395,339,1996-08
1688,179,401,1996-08
1689,395,401,1996-08
1690,170,338,1996-08
1691,179,338,1996-08
1692,54,1044,1996-08
1693,170,1044,1996-08
1694,8,1170,1996-08
1695,170,1170,1996-08
1696,142,307,1996-08
1697,602,307,1996-08
1698,109,65,1996-08
1699,142,65,1996-08
1700,486,988,1996-08
1701,602,988,1996-08
1702,385,803,1996-08
1703,602,803,1996-08
1704,38,778,1996-08
1705,486,778,1996-08
1706,507,778,1996-08
1707,38,781,1996-08
1708,507,781,1996-08
1709,38,777,1996-08
1710,486,777,1996-08
1711,486,983,1996-08
1712,507,983,1996-08
1713,170,357,1996-08
1714,507,357,1996-08
1715,395,822,1996-08
1716,507,822,1996-08
1717,170,346,1996-08
1718,395,346,1996-08
1719,395,825,1996-08
1720,512,825,1996-08
1721,38,768,1996-08
1722,262,768,1996-08
1723,262,546,1996-08
1724,588,546,1996-08
1725,444,925,1996-08
1726,602,925,1996-08
1727,8,1197,1996-08
1728,507,1197,1996-08
1729,8,1180,1996-08
1730,262,1180,1996-08
1731,395,829,1996-08
1732,602,829,1996-08
1733,38,754,1996-08
1734,170,754,1996-08
1735,8,1182,1996-08
1736,38,1182,1996-08
1737,170,364,1996-08
1738,602,364,1996-08
1739,38,782,1996-08
1740,512,782,1996-08
1741,109,131,1996-08
1742,602,131,1996-08
1743,262,547,1996-08
1744,602,547,1996-08
1745,588,1119,1996-08
1746,602,1119,1996-08
1747,38,727,1996-08
1748,109,727,1996-08
1749,38,773,1996-08
1750,395,773,1996-08
1751,38,760,1996-08
1752,176,760,1996-08
1753,38,791,1996-08
1754,602,791,1996-08
1755,235,493,1996-08
1756,262,493,1996-08
1757,109,92,1996-08
1758,262,92,1996-08
1759,109,89,1996-08
1760,235,89,1996-08
1761,38,766,1996-08
1762,235,766,1996-08
1763,8,1166,1996-08
1764,109,1166,1996-08
1765,109,94,1996-08
1766,385,94,1996-08
1767,109,100,1996-08
1768,395,100,1996-08
1769,94,1222,1996-09
1770,173,1222,1996-09
1771,321,1222,1996-09
1772,386,1222,1996-09
1773,446,1222,1996-09
1774,530,1222,1996-09
1775,94,1225,1996-09
1776,173,1225,1996-09
1777,386,1225,1996-09
1778,446,1225,1996-09
1779,133,223,1996-09
1780,386,223,1996-09
1781,446,223,1996-09
1782,530,223,1996-09
1783,94,1221,1996-09
1784,173,1221,1996-09
1785,321,1221,1996-09
1786,386,1221,1996-09
1787,94,1224,1996-09
1788,173,1224,1996-09
1789,386,1224,1996-09
1790,94,1223,1996-09
1791,173,1223,1996-09
1792,321,1223,1996-09
1793,446,1223,1996-09
1794,94,1220,1996-09
1795,173,1220,1996-09
1796,321,1220,1996-09
1797,133,216,1996-09
1798,173,216,1996-09
1799,321,216,1996-09
1800,446,216,1996-09
1801,133,220,1996-09
1802,321,220,1996-09
1803,446,220,1996-09
1804,133,215,1996-09
1805,173,215,1996-09
1806,321,215,1996-09
1807,386,215,1996-09
1808,173,366,1996-09
1809,321,366,1996-09
1810,386,366,1996-09
1811,133,214,1996-09
1812,173,214,1996-09
1813,321,214,1996-09
1814,133,219,1996-09
1815,321,219,1996-09
1816,94,1216,1996-09
1817,133,1216,1996-09
1818,173,1216,1996-09
1819,446,1216,1996-09
1820,94,1226,1996-09
1821,173,1226,1996-09
1822,446,1226,1996-09
1823,133,218,1996-09
1824,173,218,1996-09
1825,446,218,1996-09
1826,94,1228,1996-09
1827,321,1228,1996-09
1828,446,1228,1996-09
1829,133,217,1996-09
1830,173,217,1996-09
1831,386,217,1996-09
1832,133,213,1996-09
1833,173,213,1996-09
1834,94,1230,1996-09
1835,386,1230,1996-09
1836,446,1230,1996-09
1837,321,642,1996-09
1838,386,642,1996-09
1839,530,642,1996-09
1840,386,805,1996-09
1841,446,805,1996-09
1842,530,805,1996-09
1843,386,806,1996-09
1844,530,806,1996-09
1845,94,1218,1996-09
1846,133,1218,1996-09
1847,446,1218,1996-09
1848,94,1217,1996-09
1849,133,1217,1996-09
1850,386,1217,1996-09
1851,94,1229,1996-09
1852,386,1229,1996-09
1853,321,641,1996-09
1854,386,641,1996-09
1855,446,641,1996-09
1856,94,1232,1996-09
1857,446,1232,1996-09
1858,530,1232,1996-09
1859,173,367,1996-09
1860,321,367,1996-09
1861,446,367,1996-09
1862,173,369,1996-09
1863,446,369,1996-09
1864,94,1219,1996-09
1865,173,1219,1996-09
1866,321,644,1996-09
1867,530,644,1996-09
1868,173,368,1996-09
1869,386,368,1996-09
1870,94,1227,1996-09
1871,321,1227,1996-09
1872,94,1231,1996-09
1873,446,1231,1996-09
1874,321,643,1996-09
1875,446,643,1996-09
1876,133,222,1996-09
1877,386,222,1996-09
1878,446,926,1996-09
1879,530,926,1996-09
1880,386,804,1996-09
1881,446,804,1996-09
1882,94,1215,1996-09
1883,133,1215,1996-09
1884,173,365,1996-09
1885,321,365,1996-09
1886,109,95,1996-09
1887,386,95,1996-09
1888,321,640,1996-09
1889,386,640,1996-09
1890,133,224,1996-09
1891,446,224,1996-09
1892,133,221,1996-09
1893,385,221,1996-09
1894,6,1132,1996-10
1895,37,1132,1996-10
1896,81,1132,1996-10
1897,117,1132,1996-10
1898,559,1132,1996-10
1899,6,1138,1996-10
1900,81,1138,1996-10
1901,117,1138,1996-10
1902,126,1138,1996-10
1903,559,1138,1996-10
1904,6,1139,1996-10
1905,81,1139,1996-10
1906,117,1139,1996-10
1907,559,1139,1996-10
1908,6,1134,1996-10
1909,458,1134,1996-10
1910,559,1134,1996-10
1911,6,1131,1996-10
1912,181,1131,1996-10
1913,559,1131,1996-10
1914,565,1131,1996-10
1915,181,414,1996-10
1916,458,414,1996-10
1917,559,414,1996-10
1918,565,414,1996-10
1919,117,136,1996-10
1920,181,136,1996-10
1921,458,136,1996-10
1922,117,137,1996-10
1923,181,137,1996-10
1924,501,137,1996-10
1925,6,1122,1996-10
1926,117,1122,1996-10
1927,126,1122,1996-10
1928,559,1122,1996-10
1929,117,139,1996-10
1930,181,139,1996-10
1931,559,139,1996-10
1932,565,139,1996-10
1933,181,417,1996-10
1934,559,417,1996-10
1935,565,417,1996-10
1936,6,1124,1996-10
1937,117,1124,1996-10
1938,181,1124,1996-10
1939,559,1124,1996-10
1940,6,1129,1996-10
1941,181,1129,1996-10
1942,501,1129,1996-10
1943,117,141,1996-10
1944,458,141,1996-10
1945,559,141,1996-10
1946,81,1205,1996-10
1947,559,1205,1996-10
1948,565,1205,1996-10
1949,6,1123,1996-10
1950,117,1123,1996-10
1951,181,1123,1996-10
1952,37,710,1996-10
1953,117,710,1996-10
1954,559,710,1996-10
1955,81,1202,1996-10
1956,117,1202,1996-10
1957,181,1202,1996-10
1958,81,1201,1996-10
1959,117,1201,1996-10
1960,117,138,1996-10
1961,181,138,1996-10
1962,559,138,1996-10
1963,181,413,1996-10
1964,458,413,1996-10
1965,559,413,1996-10
1966,181,412,1996-10
1967,458,412,1996-10
1968,6,1125,1996-10
1969,117,1125,1996-10
1970,559,1125,1996-10
1971,6,1127,1996-10
1972,126,1127,1996-10
1973,458,1127,1996-10
1974,6,1130,1996-10
1975,181,1130,1996-10
1976,559,1130,1996-10
1977,117,144,1996-10
1978,559,144,1996-10
1979,565,144,1996-10
1980,559,1048,1996-10
1981,565,1048,1996-10
1982,181,415,1996-10
1983,501,415,1996-10
1984,81,1203,1996-10
1985,181,1203,1996-10
1986,6,1126,1996-10
1987,126,1126,1996-10
1988,117,135,1996-10
1989,181,135,1996-10
1990,117,140,1996-10
1991,458,140,1996-10
1992,126,185,1996-10
1993,559,185,1996-10
1994,81,1204,1996-10
1995,559,1204,1996-10
1996,458,936,1996-10
1997,559,936,1996-10
1998,181,416,1996-10
1999,559,416,1996-10
2000,117,134,1996-10
2001,126,134,1996-10
2002,6,1133,1996-10
2003,458,1133,1996-10
2004,117,143,1996-10
2005,559,143,1996-10
2006,385,800,1996-10
2007,501,800,1996-10
2008,6,1137,1996-10
2009,565,1137,1996-10
2010,6,1136,1996-10
2011,559,1136,1996-10
2012,501,1025,1996-10
2013,559,1025,1996-10
2014,37,709,1996-10
2015,117,709,1996-10
2016,6,1135,1996-10
2017,501,1135,1996-10
2018,117,142,1996-10
2019,501,142,1996-10
2020,6,1121,1996-10
2021,117,1121,1996-10
2022,6,1128,1996-10
2023,181,1128,1996-10
2024,58,1092,1996-11
2025,121,1092,1996-11
2026,240,1092,1996-11
2027,347,1092,1996-11
2028,566,1092,1996-11
2029,569,1092,1996-11
2030,121,152,1996-11
2031,240,152,1996-11
2032,347,152,1996-11
2033,373,152,1996-11
2034,374,152,1996-11
2035,379,152,1996-11
2036,470,152,1996-11
2037,609,152,1996-11
2038,5,1020,1996-11
2039,58,1020,1996-11
2040,240,1020,1996-11
2041,347,1020,1996-11
2042,373,1020,1996-11
2043,379,1020,1996-11
2044,240,505,1996-11
2045,347,505,1996-11
2046,373,505,1996-11
2047,379,505,1996-11
2048,58,1107,1996-11
2049,347,1107,1996-11
2050,373,1107,1996-11
2051,374,1107,1996-11
2052,470,1107,1996-11
2053,609,1107,1996-11
2054,347,668,1996-11
2055,373,668,1996-11
2056,374,668,1996-11
2057,470,668,1996-11
2058,609,668,1996-11
2059,5,1018,1996-11
2060,58,1018,1996-11
2061,121,1018,1996-11
2062,240,1018,1996-11
2063,374,1018,1996-11
2064,566,1018,1996-11
2065,43,911,1996-11
2066,58,911,1996-11
2067,121,911,1996-11
2068,240,911,1996-11
2069,566,911,1996-11
2070,58,1093,1996-11
2071,121,1093,1996-11
2072,240,1093,1996-11
2073,566,1093,1996-11
2074,5,1019,1996-11
2075,58,1019,1996-11
2076,240,1019,1996-11
2077,58,1091,1996-11
2078,121,1091,1996-11
2079,240,1091,1996-11
2080,347,1091,1996-11
2081,470,1091,1996-11
2082,609,1091,1996-11
2083,58,1090,1996-11
2084,121,1090,1996-11
2085,240,1090,1996-11
2086,347,1090,1996-11
2087,121,153,1996-11
2088,240,153,1996-11
2089,347,153,1996-11
2090,470,153,1996-11
2091,609,153,1996-11
2092,121,151,1996-11
2093,240,151,1996-11
2094,347,151,1996-11
2095,58,1104,1996-11
2096,340,1104,1996-11
2097,347,1104,1996-11
2098,470,1104,1996-11
2099,609,1104,1996-11
2100,58,1111,1996-11
2101,347,1111,1996-11
2102,470,1111,1996-11
2103,609,1111,1996-11
2104,5,1001,1996-11
2105,121,1001,1996-11
2106,374,1001,1996-11
2107,470,1001,1996-11
2108,566,1001,1996-11
2109,609,1001,1996-11
2110,121,172,1996-11
2111,374,172,1996-11
2112,470,172,1996-11
2113,609,172,1996-11
2114,5,1002,1996-11
2115,121,1002,1996-11
2116,374,1002,1996-11
2117,566,1002,1996-11
2118,347,674,1996-11
2119,374,674,1996-11
2120,379,674,1996-11
2121,470,674,1996-11
2122,609,674,1996-11
2123,340,661,1996-11
2124,347,661,1996-11
2125,374,661,1996-11
2126,470,661,1996-11
2127,609,661,1996-11
2128,347,677,1996-11
2129,374,677,1996-11
2130,470,677,1996-11
2131,609,677,1996-11
2132,340,662,1996-11
2133,347,662,1996-11
2134,470,662,1996-11
2135,609,662,1996-11
2136,347,681,1996-11
2137,470,681,1996-11
2138,609,681,1996-11
2139,374,720,1996-11
2140,470,720,1996-11
2141,609,720,1996-11
2142,43,912,1996-11
2143,58,912,1996-11
2144,174,912,1996-11
2145,58,1114,1996-11
2146,373,1114,1996-11
2147,470,1114,1996-11
2148,609,1114,1996-11
2149,373,715,1996-11
2150,470,715,1996-11
2151,609,715,1996-11
2152,43,910,1996-11
2153,58,910,1996-11
2154,58,1117,1996-11
2155,470,1117,1996-11
2156,609,1117,1996-11
2157,347,676,1996-11
2158,374,676,1996-11
2159,470,676,1996-11
2160,566,676,1996-11
2161,174,378,1996-11
2162,347,378,1996-11
2163,566,378,1996-11
2164,470,964,1996-11
2165,569,964,1996-11
2166,609,964,1996-11
2167,43,905,1996-11
2168,174,905,1996-11
2169,569,905,1996-11
2170,43,904,1996-11
2171,174,904,1996-11
2172,470,904,1996-11
2173,609,904,1996-11
2174,121,161,1996-11
2175,347,161,1996-11
2176,373,161,1996-11
2177,566,161,1996-11
2178,609,161,1996-11
2179,121,166,1996-11
2180,347,166,1996-11
2181,566,166,1996-11
2182,121,162,1996-11
2183,347,162,1996-11
2184,373,162,1996-11
2185,609,162,1996-11
2186,121,167,1996-11
2187,347,167,1996-11
2188,609,167,1996-11
2189,121,178,1996-11
2190,566,178,1996-11
2191,609,178,1996-11
2192,5,1000,1996-11
2193,121,1000,1996-11
2194,373,1000,1996-11
2195,566,1000,1996-11
2196,5,1016,1996-11
2197,43,1016,1996-11
2198,121,1016,1996-11
2199,566,1016,1996-11
2200,43,901,1996-11
2201,121,901,1996-11
2202,566,901,1996-11
2203,121,169,1996-11
2204,373,169,1996-11
2205,566,169,1996-11
2206,121,163,1996-11
2207,347,163,1996-11
2208,374,163,1996-11
2209,379,163,1996-11
2210,470,163,1996-11
2211,347,673,1996-11
2212,374,673,1996-11
2213,379,673,1996-11
2214,470,673,1996-11
2215,347,675,1996-11
2216,374,675,1996-11
2217,470,675,1996-11
2218,240,509,1996-11
2219,374,509,1996-11
2220,566,509,1996-11
2221,609,509,1996-11
2222,240,510,1996-11
2223,374,510,1996-11
2224,609,510,1996-11
2225,240,508,1996-11
2226,374,508,1996-11
2227,566,508,1996-11
2228,374,722,1996-11
2229,566,722,1996-11
2230,609,722,1996-11
2231,374,723,1996-11
2232,609,723,1996-11
2233,174,382,1996-11
2234,374,382,1996-11
2235,566,382,1996-11
2236,566,1074,1996-11
2237,609,1074,1996-11
2238,5,998,1996-11
2239,121,998,1996-11
2240,347,998,1996-11
2241,373,998,1996-11
2242,470,998,1996-11
2243,121,160,1996-11
2244,347,160,1996-11
2245,373,160,1996-11
2246,470,160,1996-11
2247,121,159,1996-11
2248,347,159,1996-11
2249,373,159,1996-11
2250,5,999,1996-11
2251,121,999,1996-11
2252,373,999,1996-11
2253,121,156,1996-11
2254,240,156,1996-11
2255,374,156,1996-11
2256,470,156,1996-11
2257,121,157,1996-11
2258,240,157,1996-11
2259,470,157,1996-11
2260,174,381,1996-11
2261,374,381,1996-11
2262,470,381,1996-11
2263,121,171,1996-11
2264,374,171,1996-11
2265,470,171,1996-11
2266,174,371,1996-11
2267,240,371,1996-11
2268,374,371,1996-11
2269,174,380,1996-11
2270,374,380,1996-11
2271,240,514,1996-11
2272,470,514,1996-11
2273,566,514,1996-11
2274,174,385,1996-11
2275,470,385,1996-11
2276,566,385,1996-11
2277,174,374,1996-11
2278,240,374,1996-11
2279,566,374,1996-11
2280,240,515,1996-11
2281,566,515,1996-11
2282,174,373,1996-11
2283,240,373,1996-11
2284,470,373,1996-11
2285,121,164,1996-11
2286,347,164,1996-11
2287,379,164,1996-11
2288,470,164,1996-11
2289,347,679,1996-11
2290,379,679,1996-11
2291,470,679,1996-11
2292,121,165,1996-11
2293,347,165,1996-11
2294,470,165,1996-11
2295,121,176,1996-11
2296,470,176,1996-11
2297,609,176,1996-11
2298,174,387,1996-11
2299,470,387,1996-11
2300,609,387,1996-11
2301,121,179,1996-11
2302,609,179,1996-11
2303,58,1088,1996-11
2304,121,1088,1996-11
2305,174,1088,1996-11
2306,240,1088,1996-11
2307,58,1089,1996-11
2308,121,1089,1996-11
2309,240,1089,1996-11
2310,121,148,1996-11
2311,174,148,1996-11
2312,240,148,1996-11
2313,58,1096,1996-11
2314,121,1096,1996-11
2315,470,1096,1996-11
2316,58,1101,1996-11
2317,174,1101,1996-11
2318,470,1101,1996-11
2319,121,149,1996-11
2320,174,149,1996-11
2321,470,149,1996-11
2322,58,1087,1996-11
2323,121,1087,1996-11
2324,174,1087,1996-11
2325,5,1004,1996-11
2326,121,1004,1996-11
2327,379,1004,1996-11
2328,470,1004,1996-11
2329,121,174,1996-11
2330,379,174,1996-11
2331,470,174,1996-11
2332,379,724,1996-11
2333,470,724,1996-11
2334,240,512,1996-11
2335,379,512,1996-11
2336,609,512,1996-11
2337,174,372,1996-11
2338,240,372,1996-11
2339,379,372,1996-11
2340,379,726,1996-11
2341,609,726,1996-11
2342,174,375,1996-11
2343,240,375,1996-11
2344,609,375,1996-11
2345,240,516,1996-11
2346,609,516,1996-11
2347,174,390,1996-11
2348,609,390,1996-11
2349,58,1108,1996-11
2350,347,1108,1996-11
2351,373,1108,1996-11
2352,566,1108,1996-11
2353,58,1112,1996-11
2354,347,1112,1996-11
2355,566,1112,1996-11
2356,58,1106,1996-11
2357,347,1106,1996-11
2358,373,1106,1996-11
2359,58,1118,1996-11
2360,566,1118,1996-11
2361,347,670,1996-11
2362,373,670,1996-11
2363,566,670,1996-11
2364,347,682,1996-11
2365,566,682,1996-11
2366,5,1008,1996-11
2367,174,1008,1996-11
2368,240,1008,1996-11
2369,373,1008,1996-11
2370,5,1010,1996-11
2371,240,1010,1996-11
2372,373,1010,1996-11
2373,58,1099,1996-11
2374,174,1099,1996-11
2375,240,1099,1996-11
2376,347,1099,1996-11
2377,58,1103,1996-11
2378,240,1103,1996-11
2379,347,1103,1996-11
2380,240,504,1996-11
2381,347,504,1996-11
2382,58,1098,1996-11
2383,174,1098,1996-11
2384,240,1098,1996-11
2385,121,154,1996-11
2386,240,154,1996-11
2387,373,154,1996-11
2388,374,154,1996-11
2389,373,711,1996-11
2390,374,711,1996-11
2391,121,155,1996-11
2392,240,155,1996-11
2393,374,155,1996-11
2394,121,170,1996-11
2395,374,170,1996-11
2396,5,1013,1996-11
2397,347,1013,1996-11
2398,373,1013,1996-11
2399,609,1013,1996-11
2400,5,1021,1996-11
2401,609,1021,1996-11
2402,347,671,1996-11
2403,373,671,1996-11
2404,609,671,1996-11
2405,5,1012,1996-11
2406,347,1012,1996-11
2407,373,1012,1996-11
2408,5,1014,1996-11
2409,373,1014,1996-11
2410,5,1005,1996-11
2411,121,1005,1996-11
2412,379,1005,1996-11
2413,566,1005,1996-11
2414,5,1007,1996-11
2415,121,1007,1996-11
2416,566,1007,1996-11
2417,121,177,1996-11
2418,566,177,1996-11
2419,5,1003,1996-11
2420,121,1003,1996-11
2421,379,1003,1996-11
2422,347,669,1996-11
2423,373,669,1996-11
2424,470,669,1996-11
2425,373,714,1996-11
2426,470,714,1996-11
2427,347,667,1996-11
2428,373,667,1996-11
2429,5,1006,1996-11
2430,121,1006,1996-11
2431,470,1006,1996-11
2432,5,997,1996-11
2433,121,997,1996-11
2434,174,377,1996-11
2435,347,377,1996-11
2436,470,377,1996-11
2437,347,680,1996-11
2438,470,680,1996-11
2439,174,386,1996-11
2440,470,386,1996-11
2441,569,386,1996-11
2442,470,963,1996-11
2443,569,963,1996-11
2444,43,907,1996-11
2445,347,907,1996-11
2446,43,913,1996-11
2447,609,913,1996-11
2448,347,683,1996-11
2449,609,683,1996-11
2450,58,1100,1996-11
2451,174,1100,1996-11
2452,373,1100,1996-11
2453,58,1094,1996-11
2454,121,1094,1996-11
2455,347,1094,1996-11
2456,121,158,1996-11
2457,347,158,1996-11
2458,43,903,1996-11
2459,174,903,1996-11
2460,470,903,1996-11
2461,43,902,1996-11
2462,174,902,1996-11
2463,174,384,1996-11
2464,470,384,1996-11
2465,5,1011,1996-11
2466,240,1011,1996-11
2467,379,1011,1996-11
2468,240,511,1996-11
2469,379,511,1996-11
2470,5,1009,1996-11
2471,240,1009,1996-11
2472,58,1095,1996-11
2473,121,1095,1996-11
2474,373,1095,1996-11
2475,121,168,1996-11
2476,373,168,1996-11
2477,58,1086,1996-11
2478,121,1086,1996-11
2479,174,389,1996-11
2480,569,389,1996-11
2481,58,1110,1996-11
2482,347,1110,1996-11
2483,379,1110,1996-11
2484,347,678,1996-11
2485,379,678,1996-11
2486,174,383,1996-11
2487,379,383,1996-11
2488,121,173,1996-11
2489,379,173,1996-11
2490,240,506,1996-11
2491,373,506,1996-11
2492,373,713,1996-11
2493,379,713,1996-11
2494,566,713,1996-11
2495,373,712,1996-11
2496,379,712,1996-11
2497,373,716,1996-11
2498,566,716,1996-11
2499,379,725,1996-11
2500,566,725,1996-11
2501,374,719,1996-11
2502,470,719,1996-11
2503,566,719,1996-11
2504,374,721,1996-11
2505,566,721,1996-11
2506,374,718,1996-11
2507,470,718,1996-11
2508,470,962,1996-11
2509,566,962,1996-11
2510,58,1109,1996-11
2511,347,1109,1996-11
2512,374,1109,1996-11
2513,58,1115,1996-11
2514,374,1115,1996-11
2515,347,672,1996-11
2516,374,672,1996-11
2517,58,1105,1996-11
2518,347,1105,1996-11
2519,373,717,1996-11
2520,609,717,1996-11
2521,5,1017,1996-11
2522,470,1017,1996-11
2523,43,909,1996-11
2524,470,909,1996-11
2525,58,1116,1996-11
2526,470,1116,1996-11
2527,174,379,1996-11
2528,373,379,1996-11
2529,174,376,1996-11
2530,347,376,1996-11
2531,43,906,1996-11
2532,240,906,1996-11
2533,43,908,1996-11
2534,373,908,1996-11
2535,121,150,1996-11
2536,240,150,1996-11
2537,121,175,1996-11
2538,470,175,1996-11
2539,58,1097,1996-11
2540,174,1097,1996-11
2541,5,1015,1996-11
2542,379,1015,1996-11
2543,240,507,1996-11
2544,374,507,1996-11
2545,43,900,1996-11
2546,121,900,1996-11
2547,174,370,1996-11
2548,240,370,1996-11
2549,121,147,1996-11
2550,174,147,1996-11
2551,58,1102,1996-11
2552,240,1102,1996-11
2553,58,1113,1996-11
2554,373,1113,1996-11
2555,240,513,1996-11
2556,470,513,1996-11
2557,174,388,1996-11
2558,566,388,1996-11
2559,470,965,1996-11
2560,609,965,1996-11
2561,206,444,1996-12
2562,269,444,1996-12
2563,402,879,1996-12
2564,524,879,1996-12
2565,206,445,1996-12
2566,470,445,1996-12
2567,269,554,1996-12
2568,402,554,1996-12
2569,206,446,1996-12
2570,524,446,1996-12
2571,31,610,1996-12
2572,524,610,1996-12
2573,150,321,1997-01
2574,270,321,1997-01
2575,451,321,1997-01
2576,521,321,1997-01
2577,150,317,1997-01
2578,179,317,1997-01
2579,521,317,1997-01
2580,150,324,1997-01
2581,521,324,1997-01
2582,179,399,1997-01
2583,302,399,1997-01
2584,214,454,1997-01
2585,270,454,1997-01
2586,302,454,1997-01
2587,179,398,1997-01
2588,270,398,1997-01
2589,451,398,1997-01
2590,521,398,1997-01
2591,270,558,1997-01
2592,451,558,1997-01
2593,521,558,1997-01
2594,150,320,1997-01
2595,270,320,1997-01
2596,302,320,1997-01
2597,150,319,1997-01
2598,270,319,1997-01
2599,150,322,1997-01
2600,302,322,1997-01
2601,270,556,1997-01
2602,302,556,1997-01
2603,270,560,1997-01
2604,521,560,1997-01
2605,524,560,1997-01
2606,150,316,1997-01
2607,179,316,1997-01
2608,451,316,1997-01
2609,179,404,1997-01
2610,451,404,1997-01
2611,179,397,1997-01
2612,270,397,1997-01
2613,302,596,1997-01
2614,521,596,1997-01
2615,270,559,1997-01
2616,521,559,1997-01
2617,150,323,1997-01
2618,451,323,1997-01
2619,179,410,1997-01
2620,521,410,1997-01
2621,150,325,1997-01
2622,524,325,1997-01
2623,521,1034,1997-01
2624,524,1034,1997-01
2625,270,557,1997-01
2626,451,557,1997-01
2627,179,394,1997-01
2628,214,394,1997-01
2629,150,315,1997-01
2630,179,315,1997-01
2631,150,318,1997-01
2632,214,318,1997-01
2633,214,455,1997-01
2634,451,455,1997-01
2635,32,636,1997-02
2636,151,636,1997-02
2637,529,636,1997-02
2638,151,327,1997-02
2639,529,327,1997-02
2640,32,639,1997-02
2641,90,639,1997-02
2642,90,1211,1997-02
2643,151,1211,1997-02
2644,32,638,1997-02
2645,529,638,1997-02
2646,32,637,1997-02
2647,456,637,1997-02
2648,90,1212,1997-02
2649,529,1212,1997-02
2650,151,326,1997-02
2651,456,326,1997-02
2652,456,935,1997-02
2653,529,935,1997-02
2654,32,635,1997-02
2655,151,635,1997-02
2656,84,1209,1997-03
2657,276,1209,1997-03
2658,389,808,1997-03
2659,437,808,1997-03
2660,84,1210,1997-03
2661,437,1210,1997-03
2662,277,570,1997-04
2663,337,570,1997-04
2664,120,146,1997-04
2665,337,146,1997-04
2666,71,1159,1997-05
2667,350,1159,1997-05
2668,492,1159,1997-05
2669,71,1161,1997-05
2670,559,1161,1997-05
2671,492,991,1997-05
2672,559,991,1997-05
2673,71,1158,1997-05
2674,350,1158,1997-05
2675,350,694,1997-05
2676,559,694,1997-05
2677,350,693,1997-05
2678,492,693,1997-05
2679,71,1160,1997-05
2680,492,1160,1997-05
2681,263,548,1999-10
2682,597,548,1999-10
2683,33,653,1999-10
2684,268,653,1999-10
2685,199,434,1999-10
2686,597,434,1999-10
2687,268,553,1999-10
2688,412,553,1999-10
2689,33,651,1999-10
2690,156,651,1999-10
2691,33,654,1999-10
2692,597,654,1999-10
2693,33,652,1999-10
2694,263,652,1999-10
2695,140,284,1999-11
2696,383,284,1999-11
2697,266,552,1999-12
2698,577,552,1999-12
2699,156,329,2000-01
2700,225,329,2000-01
2701,45,933,2000-02
2702,140,933,2000-02
2703,59,1120,2000-03
2704,603,1120,2000-03
2705,414,893,2000-06
2706,465,893,2000-06
2707,1,2,2000-07
2708,96,2,2000-07
2709,1,1,2000-07
2710,607,1,2000-07
2711,430,914,2000-07
2712,607,914,2000-07
2713,96,1235,2000-07
2714,603,1235,2000-07
2715,27,555,2000-07
2716,607,555,2000-07
2717,1,0,2000-07
2718,27,0,2000-07
2719,19,427,2000-08
2720,57,427,2000-08
2721,294,427,2000-08
2722,469,427,2000-08
2723,19,426,2000-08
2724,57,426,2000-08
2725,294,426,2000-08
2726,19,425,2000-08
2727,57,425,2000-08
2728,265,425,2000-08
2729,57,1076,2000-08
2730,265,1076,2000-08
2731,294,1076,2000-08
2732,265,550,2000-08
2733,294,550,2000-08
2734,469,550,2000-08
2735,19,428,2000-08
2736,57,428,2000-08
2737,469,428,2000-08
2738,57,1079,2000-08
2739,294,1079,2000-08
2740,469,1079,2000-08
2741,57,1077,2000-08
2742,265,1077,2000-08
2743,469,1077,2000-08
2744,57,1075,2000-08
2745,265,1075,2000-08
2746,19,422,2000-08
2747,294,422,2000-08
2748,469,422,2000-08
2749,140,286,2000-08
2750,469,286,2000-08
2751,265,551,2000-08
2752,469,551,2000-08
2753,19,429,2000-08
2754,571,429,2000-08
2755,265,549,2000-08
2756,294,549,2000-08
2757,469,955,2000-08
2758,571,955,2000-08
2759,19,424,2000-08
2760,57,424,2000-08
2761,19,420,2000-08
2762,265,420,2000-08
2763,57,1082,2000-08
2764,469,1082,2000-08
2765,294,591,2000-08
2766,469,591,2000-08
2767,57,1078,2000-08
2768,294,1078,2000-08
2769,19,423,2000-08
2770,469,423,2000-08
2771,19,421,2000-08
2772,294,421,2000-08
2773,57,1081,2000-10
2774,453,1081,2000-10
2775,368,707,2000-10
2776,591,707,2000-10
2777,368,706,2000-10
2778,453,706,2000-10
2779,57,1080,2000-10
2780,368,1080,2000-10
2781,160,331,2000-10
2782,368,331,2000-10
2783,216,456,2000-11
2784,474,456,2000-11
2785,202,442,2000-11
2786,216,442,2000-11
2787,474,968,2000-11
2788,546,968,2000-11
2789,39,809,2000-11
2790,202,809,2000-11
2791,195,432,2000-11
2792,202,432,2000-11
2793,202,443,2000-11
2794,290,443,2000-11
2795,195,433,2000-11
2796,244,433,2000-11
2797,288,585,2000-12
2798,368,585,2000-12
2799,288,586,2001-01
2800,474,586,2001-01
2801,474,969,2001-01
2802,555,969,2001-01
2803,288,588,2001-01
2804,555,588,2001-01
2805,113,133,2001-01
2806,555,133,2001-01
2807,384,796,2001-07
2808,516,796,2001-07
2809,42,895,2001-07
2810,384,895,2001-07
2811,42,896,2001-07
2812,516,896,2001-07
2813,164,334,2001-09
2814,493,334,2001-09
2815,414,892,2002-04
2816,448,892,2002-04
2817,288,584,2002-08
2818,313,584,2002-08
2819,325,646,2002-12
2820,479,646,2002-12
2821,104,36,2003-03
2822,275,36,2003-03
2823,104,37,2003-03
2824,474,37,2003-03
2825,275,569,2003-03
2826,474,569,2003-03
2827,20,438,2003-05
2828,449,438,2003-05
2829,20,437,2003-05
2830,448,437,2003-05
2831,20,436,2003-05
2832,427,436,2003-05
2833,427,898,2003-05
2834,474,898,2003-05
2835,303,597,2003-05
2836,427,597,2003-05
2837,20,439,2003-05
2838,474,439,2003-05
2839,140,281,2003-06
2840,182,281,2003-06
2841,182,418,2003-06
2842,288,418,2003-06
2843,95,1234,2003-12
2844,474,1234,2003-12
2845,82,1206,2004-05
2846,140,1206,2004-05
2847,140,285,2004-05
2848,425,285,2004-05
2849,82,1207,2004-05
2850,425,1207,2004-05
2851,309,609,2004-06
2852,474,609,2004-06
2853,414,894,2004-07
2854,474,894,2004-07
2855,226,468,2004-09
2856,346,468,2004-09
2857,226,469,2004-09
2858,387,469,2004-09
2859,346,666,2004-09
2860,387,666,2004-09
2861,7,1155,2005-01
2862,156,1155,2005-01
2863,438,920,2005-01
2864,482,920,2005-01
2865,95,1233,2005-01
2866,438,1233,2005-01
2867,7,1157,2005-01
2868,438,1157,2005-01
2869,156,330,2005-01
2870,438,330,2005-01
2871,438,919,2005-01
2872,448,919,2005-01
2873,7,1156,2005-01
2874,425,1156,2005-01
2875,425,897,2005-01
2876,438,897,2005-01
2877,316,627,2005-03
2878,428,627,2005-03
2879,552,627,2005-03
2880,221,465,2005-03
2881,552,465,2005-03
2882,194,431,2005-03
2883,428,431,2005-03
2884,396,830,2005-03
2885,502,830,2005-03
2886,218,457,2005-03
2887,316,457,2005-03
2888,502,1026,2005-03
2889,552,1026,2005-03
2890,316,628,2005-03
2891,552,628,2005-03
2892,218,458,2005-03
2893,428,458,2005-03
2894,316,626,2005-03
2895,428,626,2005-03
2896,287,583,2005-03
2897,428,583,2005-03
2898,221,464,2005-03
2899,428,464,2005-03
2900,428,899,2005-03
2901,552,899,2005-03
2902,91,1214,2005-04
2903,488,1214,2005-04
2904,66,1145,2005-04
2905,91,1145,2005-04
2906,91,1213,2005-04
2907,438,1213,2005-04
2908,387,807,2005-05
2909,608,807,2005-05
2910,140,287,2005-05
2911,608,287,2005-05
2912,474,971,2005-05
2913,608,971,2005-05
2914,462,954,2005-07
2915,478,954,2005-07
2916,144,308,2006-01
2917,264,308,2006-01
2918,68,1147,2006-09
2919,132,1147,2006-09
2920,370,1147,2006-09
2921,75,1163,2006-09
2922,132,1163,2006-09
2923,68,1154,2006-09
2924,75,1154,2006-09
2925,68,1151,2006-09
2926,370,1151,2006-09
2927,132,212,2006-09
2928,370,212,2006-09
2929,68,1146,2006-09
2930,132,1146,2006-09
2931,232,486,2006-09
2932,414,486,2006-09
2933,64,1144,2006-10
2934,513,1144,2006-10
2935,64,1143,2006-10
2936,226,1143,2006-10
2937,34,660,2006-10
2938,64,660,2006-10
2939,64,1142,2006-10
2940,187,1142,2006-10
2941,34,659,2006-11
2942,381,659,2006-11
2943,381,795,2006-11
2944,542,795,2006-11
2945,129,187,2006-12
2946,399,187,2006-12
2947,129,186,2006-12
2948,381,186,2006-12
2949,140,283,2006-12
2950,381,283,2006-12
2951,140,282,2007-02
2952,274,282,2007-02
2953,274,567,2007-02
2954,387,567,2007-02
2955,274,568,2007-02
2956,606,568,2007-02
2957,274,567,2007-03
2958,387,567,2007-03
2959,288,587,2007-05
2960,480,587,2007-05
2961,254,537,2007-05
2962,483,537,2007-05
2963,254,536,2007-05
2964,480,536,2007-05
2965,480,978,2007-05
2966,540,978,2007-05
2967,480,977,2007-05
2968,483,977,2007-05
2969,474,967,2007-05
2970,480,967,2007-05
2971,474,970,2007-05
2972,606,970,2007-05
2973,480,979,2007-05
2974,606,979,2007-05
2975,232,489,2007-06
2976,593,489,2007-06
2977,570,1083,2007-06
2978,593,1083,2007-06
2979,232,488,2007-06
2980,570,488,2007-06
2981,483,980,2007-06
2982,570,980,2007-06
2983,570,1084,2007-06
2984,606,1084,2007-06
2985,68,1153,2007-06
2986,570,1153,2007-06
2987,307,607,2007-08
2988,573,607,2007-08
2989,307,606,2007-08
2990,416,606,2007-08
2991,274,566,2007-08
2992,307,566,2007-08
2993,226,467,2007-11
2994,230,467,2007-11
2995,219,459,2007-11
2996,226,459,2007-11
2997,219,460,2007-11
2998,230,460,2007-11
2999,354,702,2008-01
3000,381,702,2008-01
3001,354,703,2008-01
3002,477,703,2008-01
3003,219,461,2008-01
3004,354,461,2008-01
3005,381,794,2008-01
3006,477,794,2008-01
3007,343,664,2008-02
3008,361,664,2008-02
3009,72,1162,2008-07
3010,483,1162,2008-07
3011,232,486,2008-07
3012,414,486,2008-07
3013,232,485,2008-08
3014,322,485,2008-08
3015,420,485,2008-08
3016,232,483,2008-08
3017,292,483,2008-08
3018,232,484,2008-08
3019,322,484,2008-08
3020,232,487,2008-08
3021,420,487,2008-08
3022,68,1148,2008-12
3023,200,1148,2008-12
3024,200,440,2008-12
3025,220,440,2008-12
3026,200,441,2008-12
3027,356,441,2008-12
3028,68,1150,2008-12
3029,356,1150,2008-12
3030,28,574,2009-02
3031,334,574,2009-02
3032,28,572,2009-02
3033,271,572,2009-02
3034,28,573,2009-02
3035,318,573,2009-02
3036,440,921,2009-03
3037,600,921,2009-03
3038,318,630,2009-03
3039,369,630,2009-03
3040,28,575,2009-03
3041,369,575,2009-03
3042,334,656,2009-03
3043,600,656,2009-03
3044,318,634,2009-03
3045,600,634,2009-03
3046,28,576,2009-03
3047,600,576,2009-03
3048,369,708,2009-03
3049,600,708,2009-03
3050,78,1165,2009-09
3051,522,1165,2009-09
3052,207,447,2009-11
3053,590,447,2009-11
3054,220,463,2009-11
3055,590,463,2009-11
3056,431,915,2010-02
3057,590,915,2010-02
3058,292,590,2010-02
3059,590,590,2010-02
3060,318,633,2010-02
3061,590,633,2010-02
3062,22,462,2010-03
3063,68,462,2010-03
3064,68,1149,2010-03
3065,318,1149,2010-03
3066,318,631,2010-04
3067,434,631,2010-04
3068,330,655,2010-10
3069,464,655,2010-10
3070,132,211,2012-02
3071,351,211,2012-02
3072,351,695,2012-02
3073,490,695,2012-02
3074,489,990,2012-03
3075,539,990,2012-03
3076,292,589,2012-03
3077,489,589,2012-03
3078,83,1208,2012-04
3079,503,1208,2012-04
3080,280,577,2012-09
3081,357,577,2012-09
3082,249,533,2012-09
3083,357,533,2012-09
3084,249,534,2012-10
3085,606,534,2012-10
3086,222,466,2014-02
3087,528,466,2014-02
3088,318,632,2014-11
3089,483,632,2014-11
3090,308,608,2015-01
3091,323,608,2015-01
3092,323,645,2015-01
3093,344,645,2015-01
3094,344,665,2015-01
3095,443,665,2015-01
3096,487,989,2015-04
3097,497,989,2015-04
3098,317,629,2015-05
3099,393,629,2015-05
3100,103,35,2015-05
3101,393,35,2015-05
3102,103,34,2015-05
3103,249,34,2015-05
3104,21,449,2015-07
3105,509,449,2015-07
3106,177,393,2015-07
3107,509,393,2015-07
3108,119,145,2015-07
3109,509,145,2015-07
3110,448,931,2015-07
3111,509,931,2015-07
3112,76,1164,2015-08
3113,466,1164,2015-08
3114,63,1141,2015-09
3115,112,1141,2015-09
3116,21,451,2015-09
3117,63,451,2015-09
3118,2,435,2015-10
3119,378,435,2015-10
3120,233,490,2015-11
3121,241,490,2015-11
3122,105,41,2015-11
3123,233,41,2015-11
3124,298,41,2015-11
3125,105,39,2015-11
3126,227,39,2015-11
3127,298,39,2015-11
3128,105,42,2015-11
3129,241,42,2015-11
3130,123,182,2015-11
3131,241,182,2015-11
3132,105,40,2015-11
3133,233,40,2015-11
3134,123,184,2015-11
3135,582,184,2015-11
3136,298,594,2015-11
3137,581,594,2015-11
3138,105,45,2015-11
3139,581,45,2015-11
3140,298,592,2015-11
3141,318,592,2015-11
3142,298,595,2015-11
3143,582,595,2015-11
3144,105,38,2015-11
3145,227,38,2015-11
3146,105,46,2015-11
3147,582,46,2015-11
3148,227,470,2015-11
3149,298,470,2015-11
3150,105,44,2015-11
3151,298,44,2015-11
3152,123,183,2015-11
3153,298,183,2015-11
3154,241,517,2015-11
3155,298,517,2015-11
3156,298,593,2015-11
3157,563,593,2015-11
3158,105,43,2015-11
3159,256,43,2015-11
3160,256,538,2015-11
3161,298,538,2015-11
3162,233,491,2015-11
3163,298,491,2015-11
3164,10,4,2016-02
3165,445,4,2016-02
3166,10,3,2016-02
3167,18,3,2016-02
3168,24,502,2016-03
3169,424,502,2016-03
3170,41,887,2016-03
3171,495,887,2016-03
3172,24,503,2016-03
3173,495,503,2016-03
3174,24,501,2016-03
3175,41,501,2016-03
3176,41,886,2016-03
3177,424,886,2016-03
3178,305,601,2016-04
3179,339,601,2016-04
3180,534,601,2016-04
3181,305,599,2016-04
3182,319,599,2016-04
3183,339,657,2016-04
3184,418,657,2016-04
3185,305,602,2016-04
3186,418,602,2016-04
3187,122,181,2016-04
3188,534,181,2016-04
3189,305,600,2016-04
3190,339,600,2016-04
3191,339,658,2016-04
3192,534,658,2016-04
3193,448,932,2016-04
3194,534,932,2016-04
3195,305,604,2016-04
3196,534,604,2016-04
3197,122,180,2016-04
3198,305,180,2016-04
3199,408,885,2016-07
3200,560,885,2016-07
3201,52,1033,2016-07
3202,560,1033,2016-07
3203,21,448,2016-07
3204,247,448,2016-07
3205,106,47,2016-07
3206,560,47,2016-07
3207,21,450,2016-07
3208,560,450,2016-07
3209,247,531,2016-07
3210,560,531,2016-07
3211,564,1073,2016-11
3212,610,1073,2016-11
3213,341,663,2017-02
3214,517,663,2017-02
3215,365,705,2017-03
3216,548,705,2017-03
3217,365,704,2017-03
3218,517,704,2017-03
3219,212,453,2017-03
3220,414,453,2017-03
3221,212,452,2017-03
3222,365,452,2017-03
3223,380,792,2017-04
3224,561,792,2017-04
3225,47,960,2017-05
3226,380,960,2017-05
3227,610,960,2017-05
3228,47,958,2017-05
3229,352,958,2017-05
3230,610,958,2017-05
3231,328,649,2017-05
3232,380,649,2017-05
3233,610,649,2017-05
3234,352,697,2017-05
3235,380,697,2017-05
3236,610,697,2017-05
3237,47,959,2017-05
3238,380,959,2017-05
3239,352,696,2017-05
3240,380,696,2017-05
3241,47,957,2017-05
3242,352,957,2017-05
3243,328,647,2017-05
3244,352,647,2017-05
3245,47,956,2017-05
3246,328,956,2017-05
3247,352,698,2017-05
3248,610,698,2017-05
3249,47,961,2017-05
3250,610,961,2017-05
3251,328,648,2017-05
3252,380,648,2017-05
3253,380,793,2017-05
3254,610,793,2017-05
3255,328,650,2017-05
3256,610,650,2017-05
3257,471,966,2017-06
3258,599,966,2017-06
3259,252,535,2017-06
3260,599,535,2017-06
3261,475,972,2017-06
3262,599,972,2017-06
3263,279,571,2017-09
3264,551,571,2017-09
3265,15,314,2017-11
3266,401,314,2017-11
3267,141,288,2017-12
3268,282,288,2017-12
3269,50,1023,2017-12
3270,401,1023,2017-12
3271,50,1022,2017-12
3272,141,1022,2017-12
3273,141,289,2017-12
3274,401,289,2017-12
3275,111,132,2018-01
3276,382,132,2018-01
3277,306,605,2018-02
3278,599,605,2018-02
3279,305,598,2018-02
3280,306,598,2018-02
3281,62,1140,2018-03
3282,89,1140,2018-03
3283,50,1024,2018-05
3284,567,1024,2018-05
3285,153,328,2018-05
3286,567,328,2018-05
3287,68,1152,2018-05
3288,567,1152,2018-05
3289,305,603,2018-08
3290,514,603,2018-08
3291,233,492,2018-08
3292,596,492,2018-08
3293,272,561,2018-08
3294,596,561,2018-08
3295,248,532,2018-08
3296,596,532,2018-08
3297,514,1032,2018-08
3298,596,1032,2018-08
3299,184,419,2018-09
3300,331,419,2018-09
