,user_id,group_id,period
0,54,989,1996-04
1,191,989,1996-04
2,54,990,1996-04
3,99,990,1996-04
4,40,785,1996-05
5,107,785,1996-05
6,136,785,1996-05
7,145,785,1996-05
8,353,785,1996-05
9,468,785,1996-05
10,107,47,1996-05
11,130,47,1996-05
12,136,47,1996-05
13,145,47,1996-05
14,468,47,1996-05
15,107,54,1996-05
16,136,54,1996-05
17,145,54,1996-05
18,468,54,1996-05
19,604,54,1996-05
20,107,53,1996-05
21,136,53,1996-05
22,145,53,1996-05
23,468,53,1996-05
24,40,783,1996-05
25,107,783,1996-05
26,130,783,1996-05
27,145,783,1996-05
28,40,790,1996-05
29,107,790,1996-05
30,145,790,1996-05
31,284,790,1996-05
32,604,790,1996-05
33,40,789,1996-05
34,107,789,1996-05
35,145,789,1996-05
36,107,49,1996-05
37,130,49,1996-05
38,145,49,1996-05
39,604,49,1996-05
40,107,48,1996-05
41,130,48,1996-05
42,145,48,1996-05
43,107,59,1996-05
44,145,59,1996-05
45,604,59,1996-05
46,40,794,1996-05
47,130,794,1996-05
48,136,794,1996-05
49,145,794,1996-05
50,353,794,1996-05
51,436,794,1996-05
52,40,802,1996-05
53,136,802,1996-05
54,145,802,1996-05
55,353,802,1996-05
56,604,802,1996-05
57,40,801,1996-05
58,136,801,1996-05
59,145,801,1996-05
60,353,801,1996-05
61,40,796,1996-05
62,130,796,1996-05
63,145,796,1996-05
64,604,796,1996-05
65,40,795,1996-05
66,130,795,1996-05
67,145,795,1996-05
68,40,787,1996-05
69,107,787,1996-05
70,136,787,1996-05
71,436,787,1996-05
72,468,787,1996-05
73,40,786,1996-05
74,107,786,1996-05
75,136,786,1996-05
76,284,786,1996-05
77,468,786,1996-05
78,40,788,1996-05
79,107,788,1996-05
80,136,788,1996-05
81,468,788,1996-05
82,107,55,1996-05
83,136,55,1996-05
84,468,55,1996-05
85,40,791,1996-05
86,107,791,1996-05
87,284,791,1996-05
88,40,807,1996-05
89,136,807,1996-05
90,284,807,1996-05
91,353,807,1996-05
92,604,807,1996-05
93,40,822,1996-05
94,284,822,1996-05
95,604,822,1996-05
96,40,811,1996-05
97,136,811,1996-05
98,353,811,1996-05
99,436,811,1996-05
100,604,811,1996-05
101,40,810,1996-05
102,136,810,1996-05
103,353,810,1996-05
104,436,810,1996-05
105,40,812,1996-05
106,136,812,1996-05
107,353,812,1996-05
108,604,812,1996-05
109,40,809,1996-05
110,136,809,1996-05
111,353,809,1996-05
112,40,808,1996-05
113,136,808,1996-05
114,284,808,1996-05
115,436,808,1996-05
116,40,806,1996-05
117,136,806,1996-05
118,284,806,1996-05
119,134,215,1996-05
120,136,215,1996-05
121,353,215,1996-05
122,436,215,1996-05
123,468,215,1996-05
124,136,243,1996-05
125,353,243,1996-05
126,468,243,1996-05
127,604,243,1996-05
128,136,242,1996-05
129,353,242,1996-05
130,468,242,1996-05
131,136,241,1996-05
132,353,241,1996-05
133,436,241,1996-05
134,604,241,1996-05
135,136,229,1996-05
136,145,229,1996-05
137,284,229,1996-05
138,353,229,1996-05
139,145,293,1996-05
140,284,293,1996-05
141,136,231,1996-05
142,145,231,1996-05
143,353,231,1996-05
144,436,231,1996-05
145,136,230,1996-05
146,145,230,1996-05
147,353,230,1996-05
148,136,236,1996-05
149,284,236,1996-05
150,353,236,1996-05
151,436,236,1996-05
152,136,235,1996-05
153,284,235,1996-05
154,353,235,1996-05
155,40,804,1996-05
156,136,804,1996-05
157,145,804,1996-05
158,436,804,1996-05
159,604,804,1996-05
160,40,803,1996-05
161,136,803,1996-05
162,145,803,1996-05
163,436,803,1996-05
164,40,805,1996-05
165,136,805,1996-05
166,145,805,1996-05
167,604,805,1996-05
168,40,800,1996-05
169,136,800,1996-05
170,145,800,1996-05
171,136,232,1996-05
172,145,232,1996-05
173,436,232,1996-05
174,130,180,1996-05
175,136,180,1996-05
176,145,180,1996-05
177,444,180,1996-05
178,604,180,1996-05
179,130,181,1996-05
180,136,181,1996-05
181,145,181,1996-05
182,604,181,1996-05
183,130,179,1996-05
184,136,179,1996-05
185,145,179,1996-05
186,130,193,1996-05
187,145,193,1996-05
188,604,193,1996-05
189,136,233,1996-05
190,145,233,1996-05
191,604,233,1996-05
192,136,228,1996-05
193,145,228,1996-05
194,134,214,1996-05
195,136,214,1996-05
196,353,214,1996-05
197,436,214,1996-05
198,40,784,1996-05
199,107,784,1996-05
200,130,784,1996-05
201,353,784,1996-05
202,40,792,1996-05
203,107,792,1996-05
204,353,792,1996-05
205,40,782,1996-05
206,107,782,1996-05
207,130,782,1996-05
208,107,46,1996-05
209,130,46,1996-05
210,40,797,1996-05
211,130,797,1996-05
212,353,797,1996-05
213,40,793,1996-05
214,130,793,1996-05
215,40,781,1996-05
216,107,781,1996-05
217,130,183,1996-05
218,136,183,1996-05
219,436,183,1996-05
220,468,183,1996-05
221,130,188,1996-05
222,136,188,1996-05
223,468,188,1996-05
224,604,188,1996-05
225,130,184,1996-05
226,136,184,1996-05
227,436,184,1996-05
228,604,184,1996-05
229,130,182,1996-05
230,136,182,1996-05
231,436,182,1996-05
232,136,246,1996-05
233,436,246,1996-05
234,468,246,1996-05
235,604,246,1996-05
236,136,249,1996-05
237,468,249,1996-05
238,604,249,1996-05
239,136,245,1996-05
240,436,245,1996-05
241,468,245,1996-05
242,130,189,1996-05
243,136,189,1996-05
244,604,189,1996-05
245,130,177,1996-05
246,134,177,1996-05
247,145,177,1996-05
248,436,177,1996-05
249,468,177,1996-05
250,130,192,1996-05
251,145,192,1996-05
252,468,192,1996-05
253,130,191,1996-05
254,145,191,1996-05
255,436,191,1996-05
256,134,225,1996-05
257,436,225,1996-05
258,468,225,1996-05
259,130,190,1996-05
260,145,190,1996-05
261,130,195,1996-05
262,436,195,1996-05
263,468,195,1996-05
264,130,194,1996-05
265,436,194,1996-05
266,40,814,1996-05
267,136,814,1996-05
268,436,814,1996-05
269,604,814,1996-05
270,35,651,1996-05
271,40,651,1996-05
272,107,57,1996-05
273,145,57,1996-05
274,436,57,1996-05
275,468,57,1996-05
276,107,58,1996-05
277,145,58,1996-05
278,468,58,1996-05
279,107,60,1996-05
280,436,60,1996-05
281,468,60,1996-05
282,145,295,1996-05
283,436,295,1996-05
284,468,295,1996-05
285,436,863,1996-05
286,468,863,1996-05
287,134,216,1996-05
288,136,216,1996-05
289,353,216,1996-05
290,604,216,1996-05
291,134,213,1996-05
292,136,213,1996-05
293,353,213,1996-05
294,130,186,1996-05
295,136,186,1996-05
296,444,186,1996-05
297,468,186,1996-05
298,130,185,1996-05
299,136,185,1996-05
300,444,185,1996-05
301,130,187,1996-05
302,136,187,1996-05
303,468,187,1996-05
304,136,248,1996-05
305,468,248,1996-05
306,130,196,1996-05
307,468,196,1996-05
308,107,51,1996-05
309,134,51,1996-05
310,145,51,1996-05
311,35,650,1996-05
312,107,650,1996-05
313,134,219,1996-05
314,145,219,1996-05
315,107,56,1996-05
316,145,56,1996-05
317,40,818,1996-05
318,145,818,1996-05
319,436,818,1996-05
320,604,818,1996-05
321,40,817,1996-05
322,145,817,1996-05
323,436,817,1996-05
324,40,819,1996-05
325,145,819,1996-05
326,604,819,1996-05
327,40,816,1996-05
328,145,816,1996-05
329,145,297,1996-05
330,604,297,1996-05
331,40,826,1996-05
332,436,826,1996-05
333,604,826,1996-05
334,145,294,1996-05
335,436,294,1996-05
336,107,52,1996-05
337,134,52,1996-05
338,468,52,1996-05
339,107,61,1996-05
340,444,61,1996-05
341,468,61,1996-05
342,134,226,1996-05
343,468,226,1996-05
344,444,868,1996-05
345,468,868,1996-05
346,107,50,1996-05
347,134,50,1996-05
348,40,821,1996-05
349,284,821,1996-05
350,353,821,1996-05
351,134,222,1996-05
352,353,222,1996-05
353,436,222,1996-05
354,604,222,1996-05
355,353,658,1996-05
356,436,658,1996-05
357,604,658,1996-05
358,134,221,1996-05
359,353,221,1996-05
360,436,221,1996-05
361,134,223,1996-05
362,353,223,1996-05
363,604,223,1996-05
364,136,238,1996-05
365,284,238,1996-05
366,436,238,1996-05
367,604,238,1996-05
368,136,239,1996-05
369,284,239,1996-05
370,604,239,1996-05
371,136,247,1996-05
372,436,247,1996-05
373,604,247,1996-05
374,130,198,1996-05
375,604,198,1996-05
376,130,176,1996-05
377,134,176,1996-05
378,136,240,1996-05
379,353,240,1996-05
380,436,240,1996-05
381,353,657,1996-05
382,436,657,1996-05
383,40,798,1996-05
384,134,798,1996-05
385,136,244,1996-05
386,353,244,1996-05
387,604,244,1996-05
388,134,217,1996-05
389,136,217,1996-05
390,436,217,1996-05
391,134,224,1996-05
392,436,224,1996-05
393,284,552,1996-05
394,436,552,1996-05
395,604,552,1996-05
396,40,824,1996-05
397,353,824,1996-05
398,604,824,1996-05
399,134,218,1996-05
400,136,218,1996-05
401,604,218,1996-05
402,136,237,1996-05
403,284,237,1996-05
404,436,237,1996-05
405,40,813,1996-05
406,136,813,1996-05
407,436,813,1996-05
408,40,815,1996-05
409,136,815,1996-05
410,604,815,1996-05
411,40,799,1996-05
412,136,799,1996-05
413,130,197,1996-05
414,536,197,1996-05
415,136,250,1996-05
416,536,250,1996-05
417,130,178,1996-05
418,136,178,1996-05
419,40,820,1996-05
420,284,820,1996-05
421,134,212,1996-05
422,136,212,1996-05
423,134,220,1996-05
424,353,220,1996-05
425,134,227,1996-05
426,604,227,1996-05
427,284,554,1996-05
428,604,554,1996-05
429,536,979,1996-05
430,604,979,1996-05
431,35,652,1996-05
432,604,652,1996-05
433,284,550,1996-05
434,353,550,1996-05
435,284,553,1996-05
436,536,553,1996-05
437,107,62,1996-05
438,468,62,1996-05
439,145,296,1996-05
440,468,296,1996-05
441,40,827,1996-05
442,536,827,1996-05
443,284,551,1996-05
444,436,551,1996-05
445,40,823,1996-05
446,353,823,1996-05
447,436,864,1996-05
448,536,864,1996-05
449,136,234,1996-05
450,284,234,1996-05
451,40,825,1996-05
452,436,825,1996-05
453,46,889,1996-06
454,242,889,1996-06
455,314,889,1996-06
456,385,889,1996-06
457,411,889,1996-06
458,102,24,1996-06
459,385,24,1996-06
460,541,24,1996-06
461,574,24,1996-06
462,584,24,1996-06
463,56,994,1996-06
464,102,994,1996-06
465,273,994,1996-06
466,411,994,1996-06
467,584,994,1996-06
468,102,17,1996-06
469,314,17,1996-06
470,411,17,1996-06
471,541,17,1996-06
472,349,647,1996-06
473,411,647,1996-06
474,476,647,1996-06
475,56,995,1996-06
476,102,995,1996-06
477,349,995,1996-06
478,411,995,1996-06
479,314,586,1996-06
480,411,586,1996-06
481,541,586,1996-06
482,584,586,1996-06
483,476,920,1996-06
484,541,920,1996-06
485,584,920,1996-06
486,14,255,1996-06
487,314,255,1996-06
488,411,255,1996-06
489,476,255,1996-06
490,541,255,1996-06
491,314,585,1996-06
492,411,585,1996-06
493,541,585,1996-06
494,46,894,1996-06
495,314,894,1996-06
496,385,894,1996-06
497,411,894,1996-06
498,476,894,1996-06
499,46,893,1996-06
500,314,893,1996-06
501,385,893,1996-06
502,411,893,1996-06
503,46,885,1996-06
504,102,885,1996-06
505,242,885,1996-06
506,314,885,1996-06
507,46,888,1996-06
508,242,888,1996-06
509,314,888,1996-06
510,46,892,1996-06
511,314,892,1996-06
512,56,997,1996-06
513,102,997,1996-06
514,411,997,1996-06
515,476,997,1996-06
516,541,997,1996-06
517,56,998,1996-06
518,102,998,1996-06
519,411,998,1996-06
520,541,998,1996-06
521,102,26,1996-06
522,411,26,1996-06
523,476,26,1996-06
524,541,26,1996-06
525,102,27,1996-06
526,411,27,1996-06
527,541,27,1996-06
528,102,29,1996-06
529,476,29,1996-06
530,541,29,1996-06
531,411,837,1996-06
532,476,837,1996-06
533,541,837,1996-06
534,102,8,1996-06
535,242,8,1996-06
536,314,8,1996-06
537,411,8,1996-06
538,476,921,1996-06
539,574,921,1996-06
540,584,921,1996-06
541,14,263,1996-06
542,476,263,1996-06
543,584,263,1996-06
544,476,922,1996-06
545,584,922,1996-06
546,56,1001,1996-06
547,242,1001,1996-06
548,314,1001,1996-06
549,411,1001,1996-06
550,56,1013,1996-06
551,411,1013,1996-06
552,476,1013,1996-06
553,242,494,1996-06
554,314,494,1996-06
555,411,494,1996-06
556,476,494,1996-06
557,242,493,1996-06
558,314,493,1996-06
559,411,493,1996-06
560,56,1002,1996-06
561,242,1002,1996-06
562,314,1002,1996-06
563,541,1002,1996-06
564,584,1002,1996-06
565,314,589,1996-06
566,541,589,1996-06
567,584,589,1996-06
568,56,1000,1996-06
569,242,1000,1996-06
570,314,1000,1996-06
571,102,12,1996-06
572,273,12,1996-06
573,385,12,1996-06
574,541,12,1996-06
575,102,23,1996-06
576,385,23,1996-06
577,541,23,1996-06
578,14,253,1996-06
579,102,253,1996-06
580,541,253,1996-06
581,56,1007,1996-06
582,314,1007,1996-06
583,385,1007,1996-06
584,541,1007,1996-06
585,56,1009,1996-06
586,314,1009,1996-06
587,541,1009,1996-06
588,56,1015,1996-06
589,541,1015,1996-06
590,14,261,1996-06
591,46,261,1996-06
592,102,261,1996-06
593,242,261,1996-06
594,46,884,1996-06
595,102,884,1996-06
596,242,884,1996-06
597,242,496,1996-06
598,349,496,1996-06
599,411,496,1996-06
600,102,9,1996-06
601,242,9,1996-06
602,411,9,1996-06
603,46,898,1996-06
604,56,898,1996-06
605,411,898,1996-06
606,46,897,1996-06
607,411,897,1996-06
608,574,897,1996-06
609,584,897,1996-06
610,574,1027,1996-06
611,584,1027,1996-06
612,46,891,1996-06
613,242,891,1996-06
614,385,891,1996-06
615,541,891,1996-06
616,46,890,1996-06
617,242,890,1996-06
618,385,890,1996-06
619,46,887,1996-06
620,242,887,1996-06
621,56,1008,1996-06
622,314,1008,1996-06
623,385,1008,1996-06
624,584,1008,1996-06
625,385,754,1996-06
626,584,754,1996-06
627,56,1010,1996-06
628,314,1010,1996-06
629,584,1010,1996-06
630,56,1006,1996-06
631,314,1006,1996-06
632,385,1006,1996-06
633,102,16,1996-06
634,314,16,1996-06
635,411,16,1996-06
636,476,16,1996-06
637,102,15,1996-06
638,314,15,1996-06
639,411,15,1996-06
640,314,584,1996-06
641,411,584,1996-06
642,476,584,1996-06
643,14,252,1996-06
644,102,252,1996-06
645,314,252,1996-06
646,14,254,1996-06
647,314,254,1996-06
648,14,251,1996-06
649,102,251,1996-06
650,314,581,1996-06
651,349,581,1996-06
652,385,581,1996-06
653,476,581,1996-06
654,314,582,1996-06
655,385,582,1996-06
656,476,582,1996-06
657,102,11,1996-06
658,273,11,1996-06
659,349,11,1996-06
660,411,11,1996-06
661,102,13,1996-06
662,273,13,1996-06
663,411,13,1996-06
664,102,20,1996-06
665,349,20,1996-06
666,411,20,1996-06
667,349,646,1996-06
668,411,646,1996-06
669,102,19,1996-06
670,349,19,1996-06
671,385,750,1996-06
672,411,750,1996-06
673,541,750,1996-06
674,14,260,1996-06
675,411,260,1996-06
676,541,260,1996-06
677,14,258,1996-06
678,385,258,1996-06
679,541,258,1996-06
680,349,649,1996-06
681,541,649,1996-06
682,314,580,1996-06
683,349,580,1996-06
684,385,580,1996-06
685,314,579,1996-06
686,349,579,1996-06
687,102,7,1996-06
688,242,7,1996-06
689,314,7,1996-06
690,102,6,1996-06
691,242,6,1996-06
692,273,6,1996-06
693,102,10,1996-06
694,273,10,1996-06
695,102,5,1996-06
696,242,5,1996-06
697,102,25,1996-06
698,411,25,1996-06
699,476,25,1996-06
700,411,836,1996-06
701,476,836,1996-06
702,56,996,1996-06
703,102,996,1996-06
704,411,996,1996-06
705,56,1012,1996-06
706,411,1012,1996-06
707,56,1003,1996-06
708,242,1003,1996-06
709,476,1003,1996-06
710,56,1014,1996-06
711,476,1014,1996-06
712,314,587,1996-06
713,411,587,1996-06
714,584,587,1996-06
715,314,590,1996-06
716,584,590,1996-06
717,349,645,1996-06
718,385,645,1996-06
719,476,645,1996-06
720,349,644,1996-06
721,385,644,1996-06
722,102,31,1996-06
723,541,31,1996-06
724,584,31,1996-06
725,102,32,1996-06
726,584,32,1996-06
727,541,991,1996-06
728,584,991,1996-06
729,102,30,1996-06
730,541,30,1996-06
731,56,1004,1996-06
732,242,1004,1996-06
733,584,1004,1996-06
734,56,1016,1996-06
735,584,1016,1996-06
736,192,408,1996-06
737,476,408,1996-06
738,242,499,1996-06
739,476,499,1996-06
740,102,18,1996-06
741,314,18,1996-06
742,476,18,1996-06
743,314,588,1996-06
744,476,588,1996-06
745,102,22,1996-06
746,385,22,1996-06
747,476,22,1996-06
748,385,751,1996-06
749,476,751,1996-06
750,102,28,1996-06
751,476,28,1996-06
752,46,886,1996-06
753,102,886,1996-06
754,411,886,1996-06
755,46,896,1996-06
756,411,896,1996-06
757,14,262,1996-06
758,476,262,1996-06
759,14,256,1996-06
760,349,256,1996-06
761,349,648,1996-06
762,476,648,1996-06
763,242,495,1996-06
764,314,495,1996-06
765,541,495,1996-06
766,242,500,1996-06
767,541,500,1996-06
768,242,492,1996-06
769,314,492,1996-06
770,314,583,1996-06
771,385,583,1996-06
772,541,583,1996-06
773,14,257,1996-06
774,385,257,1996-06
775,385,753,1996-06
776,541,753,1996-06
777,102,14,1996-06
778,314,14,1996-06
779,102,21,1996-06
780,385,21,1996-06
781,56,1005,1996-06
782,314,1005,1996-06
783,273,537,1996-06
784,411,537,1996-06
785,46,895,1996-06
786,385,895,1996-06
787,242,498,1996-06
788,411,498,1996-06
789,46,883,1996-06
790,102,883,1996-06
791,242,501,1996-06
792,584,501,1996-06
793,385,749,1996-06
794,411,749,1996-06
795,476,919,1996-06
796,541,919,1996-06
797,56,1011,1996-06
798,385,1011,1996-06
799,56,993,1996-06
800,102,993,1996-06
801,46,899,1996-06
802,584,899,1996-06
803,56,999,1996-06
804,242,999,1996-06
805,14,264,1996-06
806,541,264,1996-06
807,273,535,1996-06
808,314,535,1996-06
809,14,259,1996-06
810,411,259,1996-06
811,411,839,1996-06
812,584,839,1996-06
813,411,838,1996-06
814,541,838,1996-06
815,242,497,1996-06
816,385,497,1996-06
817,273,538,1996-06
818,541,538,1996-06
819,229,456,1996-07
820,485,456,1996-07
821,26,512,1996-07
822,162,512,1996-07
823,447,874,1996-07
824,455,874,1996-07
825,485,874,1996-07
826,229,453,1996-07
827,447,453,1996-07
828,455,453,1996-07
829,229,450,1996-07
830,404,450,1996-07
831,455,450,1996-07
832,592,450,1996-07
833,229,455,1996-07
834,455,455,1996-07
835,592,455,1996-07
836,162,316,1996-07
837,229,316,1996-07
838,26,514,1996-07
839,447,514,1996-07
840,26,513,1996-07
841,229,513,1996-07
842,404,830,1996-07
843,447,830,1996-07
844,455,830,1996-07
845,229,449,1996-07
846,404,449,1996-07
847,455,449,1996-07
848,447,875,1996-07
849,455,875,1996-07
850,592,875,1996-07
851,404,831,1996-07
852,455,831,1996-07
853,592,831,1996-07
854,243,503,1996-07
855,485,503,1996-07
856,592,503,1996-07
857,229,451,1996-07
858,404,451,1996-07
859,592,451,1996-07
860,26,515,1996-07
861,455,515,1996-07
862,243,504,1996-07
863,592,504,1996-07
864,26,516,1996-07
865,592,516,1996-07
866,273,536,1996-07
867,404,536,1996-07
868,162,317,1996-07
869,404,317,1996-07
870,404,832,1996-07
871,592,832,1996-07
872,447,876,1996-07
873,592,876,1996-07
874,455,880,1996-07
875,592,880,1996-07
876,229,447,1996-07
877,273,447,1996-07
878,229,448,1996-07
879,404,448,1996-07
880,229,454,1996-07
881,455,454,1996-07
882,229,457,1996-07
883,592,457,1996-07
884,447,873,1996-07
885,455,873,1996-07
886,404,829,1996-07
887,447,829,1996-07
888,229,446,1996-07
889,243,446,1996-07
890,229,452,1996-07
891,447,452,1996-07
892,243,502,1996-07
893,455,502,1996-07
894,38,697,1996-08
895,109,697,1996-08
896,394,697,1996-08
897,498,697,1996-08
898,170,320,1996-08
899,176,320,1996-08
900,179,320,1996-08
901,235,320,1996-08
902,394,320,1996-08
903,498,320,1996-08
904,38,733,1996-08
905,498,733,1996-08
906,512,733,1996-08
907,588,733,1996-08
908,602,733,1996-08
909,8,1102,1996-08
910,142,1102,1996-08
911,170,1102,1996-08
912,176,1102,1996-08
913,498,1102,1996-08
914,38,710,1996-08
915,170,710,1996-08
916,176,710,1996-08
917,498,710,1996-08
918,38,732,1996-08
919,498,732,1996-08
920,170,321,1996-08
921,176,321,1996-08
922,498,321,1996-08
923,109,72,1996-08
924,170,72,1996-08
925,235,72,1996-08
926,507,72,1996-08
927,38,698,1996-08
928,109,698,1996-08
929,394,698,1996-08
930,588,698,1996-08
931,142,275,1996-08
932,170,275,1996-08
933,394,275,1996-08
934,444,275,1996-08
935,38,685,1996-08
936,109,685,1996-08
937,170,685,1996-08
938,394,685,1996-08
939,38,696,1996-08
940,109,696,1996-08
941,394,696,1996-08
942,38,707,1996-08
943,142,707,1996-08
944,170,707,1996-08
945,588,707,1996-08
946,54,982,1996-08
947,109,982,1996-08
948,170,982,1996-08
949,444,982,1996-08
950,588,982,1996-08
951,8,1104,1996-08
952,170,1104,1996-08
953,235,1104,1996-08
954,395,1104,1996-08
955,444,1104,1996-08
956,38,684,1996-08
957,109,684,1996-08
958,170,684,1996-08
959,235,684,1996-08
960,8,1119,1996-08
961,38,1119,1996-08
962,170,1119,1996-08
963,512,1119,1996-08
964,109,71,1996-08
965,170,71,1996-08
966,235,71,1996-08
967,444,71,1996-08
968,170,325,1996-08
969,235,325,1996-08
970,444,325,1996-08
971,109,70,1996-08
972,170,70,1996-08
973,235,70,1996-08
974,38,686,1996-08
975,109,686,1996-08
976,170,686,1996-08
977,444,686,1996-08
978,109,77,1996-08
979,170,77,1996-08
980,444,77,1996-08
981,170,334,1996-08
982,444,334,1996-08
983,8,1106,1996-08
984,176,1106,1996-08
985,235,1106,1996-08
986,38,690,1996-08
987,109,690,1996-08
988,176,690,1996-08
989,235,690,1996-08
990,507,690,1996-08
991,8,1120,1996-08
992,38,1120,1996-08
993,176,1120,1996-08
994,8,1105,1996-08
995,176,1105,1996-08
996,8,1117,1996-08
997,38,1117,1996-08
998,109,1117,1996-08
999,235,1117,1996-08
1000,486,926,1996-08
1001,498,926,1996-08
1002,512,926,1996-08
1003,588,926,1996-08
1004,602,926,1996-08
1005,142,280,1996-08
1006,235,280,1996-08
1007,498,280,1996-08
1008,235,470,1996-08
1009,498,470,1996-08
1010,142,287,1996-08
1011,498,287,1996-08
1012,512,287,1996-08
1013,588,287,1996-08
1014,602,287,1996-08
1015,142,286,1996-08
1016,498,286,1996-08
1017,235,469,1996-08
1018,486,469,1996-08
1019,38,704,1996-08
1020,109,704,1996-08
1021,486,704,1996-08
1022,512,704,1996-08
1023,588,704,1996-08
1024,38,683,1996-08
1025,109,683,1996-08
1026,170,683,1996-08
1027,176,683,1996-08
1028,38,711,1996-08
1029,170,711,1996-08
1030,176,711,1996-08
1031,512,711,1996-08
1032,588,711,1996-08
1033,38,736,1996-08
1034,512,736,1996-08
1035,588,736,1996-08
1036,38,709,1996-08
1037,170,709,1996-08
1038,176,709,1996-08
1039,170,319,1996-08
1040,176,319,1996-08
1041,38,688,1996-08
1042,109,688,1996-08
1043,170,688,1996-08
1044,588,688,1996-08
1045,38,713,1996-08
1046,170,713,1996-08
1047,588,713,1996-08
1048,38,687,1996-08
1049,109,687,1996-08
1050,170,687,1996-08
1051,512,687,1996-08
1052,38,712,1996-08
1053,170,712,1996-08
1054,512,712,1996-08
1055,38,682,1996-08
1056,109,682,1996-08
1057,170,682,1996-08
1058,38,691,1996-08
1059,109,691,1996-08
1060,176,691,1996-08
1061,486,691,1996-08
1062,38,703,1996-08
1063,109,703,1996-08
1064,486,703,1996-08
1065,38,689,1996-08
1066,109,689,1996-08
1067,176,689,1996-08
1068,486,930,1996-08
1069,512,930,1996-08
1070,588,930,1996-08
1071,54,981,1996-08
1072,109,981,1996-08
1073,142,981,1996-08
1074,588,981,1996-08
1075,142,289,1996-08
1076,512,289,1996-08
1077,588,289,1996-08
1078,142,290,1996-08
1079,588,290,1996-08
1080,109,99,1996-08
1081,395,99,1996-08
1082,498,99,1996-08
1083,512,99,1996-08
1084,588,99,1996-08
1085,602,99,1996-08
1086,109,119,1996-08
1087,507,119,1996-08
1088,588,119,1996-08
1089,602,119,1996-08
1090,498,937,1996-08
1091,512,937,1996-08
1092,588,937,1996-08
1093,602,937,1996-08
1094,109,101,1996-08
1095,395,101,1996-08
1096,507,101,1996-08
1097,512,101,1996-08
1098,588,101,1996-08
1099,109,103,1996-08
1100,395,103,1996-08
1101,512,103,1996-08
1102,588,103,1996-08
1103,109,122,1996-08
1104,512,122,1996-08
1105,588,122,1996-08
1106,109,108,1996-08
1107,486,108,1996-08
1108,498,108,1996-08
1109,588,108,1996-08
1110,486,927,1996-08
1111,498,927,1996-08
1112,588,927,1996-08
1113,109,112,1996-08
1114,486,112,1996-08
1115,588,112,1996-08
1116,54,986,1996-08
1117,109,986,1996-08
1118,507,986,1996-08
1119,588,986,1996-08
1120,109,115,1996-08
1121,498,115,1996-08
1122,507,115,1996-08
1123,588,115,1996-08
1124,109,116,1996-08
1125,498,116,1996-08
1126,588,116,1996-08
1127,109,114,1996-08
1128,498,114,1996-08
1129,507,114,1996-08
1130,395,768,1996-08
1131,486,768,1996-08
1132,512,768,1996-08
1133,602,768,1996-08
1134,179,390,1996-08
1135,507,390,1996-08
1136,395,774,1996-08
1137,507,774,1996-08
1138,512,774,1996-08
1139,602,774,1996-08
1140,395,776,1996-08
1141,512,776,1996-08
1142,602,776,1996-08
1143,395,773,1996-08
1144,507,773,1996-08
1145,512,773,1996-08
1146,109,90,1996-08
1147,262,90,1996-08
1148,394,90,1996-08
1149,512,90,1996-08
1150,109,85,1996-08
1151,179,85,1996-08
1152,394,85,1996-08
1153,8,1101,1996-08
1154,109,1101,1996-08
1155,512,1101,1996-08
1156,38,740,1996-08
1157,54,740,1996-08
1158,109,740,1996-08
1159,444,740,1996-08
1160,54,985,1996-08
1161,109,985,1996-08
1162,444,985,1996-08
1163,38,700,1996-08
1164,109,700,1996-08
1165,395,700,1996-08
1166,444,700,1996-08
1167,512,700,1996-08
1168,38,701,1996-08
1169,109,701,1996-08
1170,395,701,1996-08
1171,512,701,1996-08
1172,395,765,1996-08
1173,444,765,1996-08
1174,38,702,1996-08
1175,109,702,1996-08
1176,444,702,1996-08
1177,38,705,1996-08
1178,109,705,1996-08
1179,512,705,1996-08
1180,54,984,1996-08
1181,109,984,1996-08
1182,395,984,1996-08
1183,512,984,1996-08
1184,109,102,1996-08
1185,395,102,1996-08
1186,512,102,1996-08
1187,170,331,1996-08
1188,395,331,1996-08
1189,498,331,1996-08
1190,170,339,1996-08
1191,498,339,1996-08
1192,588,339,1996-08
1193,602,339,1996-08
1194,395,771,1996-08
1195,498,771,1996-08
1196,588,771,1996-08
1197,602,771,1996-08
1198,498,940,1996-08
1199,588,940,1996-08
1200,602,940,1996-08
1201,498,939,1996-08
1202,588,939,1996-08
1203,38,695,1996-08
1204,109,695,1996-08
1205,262,695,1996-08
1206,588,695,1996-08
1207,38,741,1996-08
1208,54,741,1996-08
1209,109,741,1996-08
1210,588,741,1996-08
1211,38,706,1996-08
1212,109,706,1996-08
1213,588,706,1996-08
1214,54,987,1996-08
1215,109,987,1996-08
1216,588,987,1996-08
1217,142,276,1996-08
1218,170,276,1996-08
1219,395,276,1996-08
1220,142,277,1996-08
1221,170,277,1996-08
1222,602,277,1996-08
1223,142,274,1996-08
1224,170,274,1996-08
1225,142,285,1996-08
1226,486,285,1996-08
1227,602,285,1996-08
1228,395,769,1996-08
1229,486,769,1996-08
1230,602,769,1996-08
1231,170,333,1996-08
1232,395,333,1996-08
1233,602,333,1996-08
1234,109,74,1996-08
1235,170,74,1996-08
1236,394,74,1996-08
1237,507,74,1996-08
1238,109,79,1996-08
1239,170,79,1996-08
1240,507,79,1996-08
1241,588,79,1996-08
1242,109,78,1996-08
1243,170,78,1996-08
1244,507,78,1996-08
1245,109,75,1996-08
1246,170,75,1996-08
1247,394,75,1996-08
1248,588,75,1996-08
1249,109,96,1996-08
1250,394,96,1996-08
1251,588,96,1996-08
1252,109,73,1996-08
1253,170,73,1996-08
1254,394,73,1996-08
1255,109,118,1996-08
1256,507,118,1996-08
1257,588,118,1996-08
1258,109,66,1996-08
1259,142,66,1996-08
1260,395,66,1996-08
1261,507,66,1996-08
1262,109,100,1996-08
1263,395,100,1996-08
1264,507,100,1996-08
1265,109,109,1996-08
1266,486,109,1996-08
1267,507,109,1996-08
1268,395,767,1996-08
1269,486,767,1996-08
1270,507,767,1996-08
1271,394,762,1996-08
1272,498,762,1996-08
1273,512,762,1996-08
1274,602,762,1996-08
1275,170,329,1996-08
1276,394,329,1996-08
1277,498,329,1996-08
1278,170,338,1996-08
1279,498,338,1996-08
1280,512,338,1996-08
1281,602,338,1996-08
1282,394,763,1996-08
1283,512,763,1996-08
1284,170,340,1996-08
1285,498,340,1996-08
1286,602,340,1996-08
1287,170,337,1996-08
1288,498,337,1996-08
1289,170,328,1996-08
1290,394,328,1996-08
1291,8,1109,1996-08
1292,179,1109,1996-08
1293,498,1109,1996-08
1294,179,389,1996-08
1295,498,389,1996-08
1296,8,1129,1996-08
1297,498,1129,1996-08
1298,512,1129,1996-08
1299,602,1129,1996-08
1300,8,1128,1996-08
1301,498,1128,1996-08
1302,179,392,1996-08
1303,512,392,1996-08
1304,602,392,1996-08
1305,8,1110,1996-08
1306,179,1110,1996-08
1307,512,1110,1996-08
1308,179,391,1996-08
1309,512,391,1996-08
1310,498,938,1996-08
1311,512,938,1996-08
1312,602,938,1996-08
1313,498,941,1996-08
1314,602,941,1996-08
1315,142,278,1996-08
1316,179,278,1996-08
1317,395,278,1996-08
1318,179,385,1996-08
1319,395,385,1996-08
1320,486,385,1996-08
1321,109,65,1996-08
1322,142,65,1996-08
1323,395,65,1996-08
1324,486,65,1996-08
1325,109,97,1996-08
1326,395,97,1996-08
1327,486,97,1996-08
1328,109,64,1996-08
1329,142,64,1996-08
1330,395,64,1996-08
1331,142,283,1996-08
1332,395,283,1996-08
1333,486,283,1996-08
1334,142,284,1996-08
1335,486,284,1996-08
1336,142,282,1996-08
1337,395,282,1996-08
1338,395,766,1996-08
1339,486,766,1996-08
1340,38,724,1996-08
1341,262,724,1996-08
1342,395,724,1996-08
1343,512,724,1996-08
1344,8,1122,1996-08
1345,38,1122,1996-08
1346,395,1122,1996-08
1347,512,1122,1996-08
1348,8,1114,1996-08
1349,262,1114,1996-08
1350,512,1114,1996-08
1351,38,727,1996-08
1352,395,727,1996-08
1353,512,727,1996-08
1354,179,379,1996-08
1355,235,379,1996-08
1356,395,379,1996-08
1357,38,716,1996-08
1358,179,716,1996-08
1359,235,716,1996-08
1360,179,378,1996-08
1361,235,378,1996-08
1362,179,386,1996-08
1363,395,386,1996-08
1364,602,386,1996-08
1365,38,726,1996-08
1366,394,726,1996-08
1367,602,726,1996-08
1368,38,717,1996-08
1369,179,717,1996-08
1370,394,717,1996-08
1371,38,725,1996-08
1372,394,725,1996-08
1373,8,1108,1996-08
1374,179,1108,1996-08
1375,394,1108,1996-08
1376,179,383,1996-08
1377,394,383,1996-08
1378,394,764,1996-08
1379,602,764,1996-08
1380,8,1111,1996-08
1381,179,1111,1996-08
1382,602,1111,1996-08
1383,8,1107,1996-08
1384,179,1107,1996-08
1385,38,719,1996-08
1386,179,719,1996-08
1387,602,719,1996-08
1388,179,394,1996-08
1389,602,394,1996-08
1390,109,88,1996-08
1391,235,88,1996-08
1392,512,88,1996-08
1393,109,87,1996-08
1394,235,87,1996-08
1395,507,87,1996-08
1396,142,281,1996-08
1397,235,281,1996-08
1398,512,281,1996-08
1399,142,279,1996-08
1400,235,279,1996-08
1401,109,68,1996-08
1402,142,68,1996-08
1403,507,68,1996-08
1404,512,68,1996-08
1405,142,288,1996-08
1406,512,288,1996-08
1407,109,117,1996-08
1408,507,117,1996-08
1409,512,117,1996-08
1410,507,972,1996-08
1411,512,972,1996-08
1412,109,67,1996-08
1413,142,67,1996-08
1414,507,67,1996-08
1415,170,344,1996-08
1416,512,344,1996-08
1417,588,344,1996-08
1418,602,344,1996-08
1419,170,327,1996-08
1420,235,327,1996-08
1421,588,327,1996-08
1422,602,327,1996-08
1423,170,326,1996-08
1424,235,326,1996-08
1425,512,326,1996-08
1426,170,324,1996-08
1427,235,324,1996-08
1428,235,472,1996-08
1429,512,472,1996-08
1430,588,472,1996-08
1431,602,472,1996-08
1432,235,473,1996-08
1433,588,473,1996-08
1434,602,473,1996-08
1435,170,343,1996-08
1436,512,343,1996-08
1437,588,343,1996-08
1438,170,347,1996-08
1439,588,347,1996-08
1440,602,347,1996-08
1441,170,345,1996-08
1442,512,345,1996-08
1443,602,345,1996-08
1444,170,342,1996-08
1445,512,342,1996-08
1446,235,471,1996-08
1447,512,471,1996-08
1448,38,728,1996-08
1449,395,728,1996-08
1450,588,728,1996-08
1451,602,728,1996-08
1452,8,1125,1996-08
1453,38,1125,1996-08
1454,588,1125,1996-08
1455,602,1125,1996-08
1456,38,743,1996-08
1457,588,743,1996-08
1458,602,743,1996-08
1459,395,778,1996-08
1460,588,778,1996-08
1461,602,778,1996-08
1462,38,742,1996-08
1463,588,742,1996-08
1464,38,729,1996-08
1465,395,729,1996-08
1466,602,729,1996-08
1467,38,692,1996-08
1468,109,692,1996-08
1469,179,692,1996-08
1470,109,86,1996-08
1471,179,86,1996-08
1472,395,86,1996-08
1473,38,718,1996-08
1474,179,718,1996-08
1475,395,718,1996-08
1476,38,715,1996-08
1477,179,715,1996-08
1478,109,94,1996-08
1479,394,94,1996-08
1480,395,94,1996-08
1481,498,94,1996-08
1482,394,760,1996-08
1483,395,760,1996-08
1484,498,760,1996-08
1485,109,95,1996-08
1486,394,95,1996-08
1487,498,95,1996-08
1488,109,98,1996-08
1489,395,98,1996-08
1490,498,98,1996-08
1491,109,113,1996-08
1492,498,113,1996-08
1493,395,770,1996-08
1494,498,770,1996-08
1495,109,93,1996-08
1496,394,93,1996-08
1497,394,761,1996-08
1498,498,761,1996-08
1499,262,518,1996-08
1500,512,518,1996-08
1501,588,518,1996-08
1502,602,518,1996-08
1503,262,517,1996-08
1504,512,517,1996-08
1505,512,975,1996-08
1506,588,975,1996-08
1507,602,975,1996-08
1508,512,974,1996-08
1509,588,974,1996-08
1510,176,376,1996-08
1511,395,376,1996-08
1512,38,723,1996-08
1513,262,723,1996-08
1514,395,723,1996-08
1515,170,336,1996-08
1516,486,336,1996-08
1517,588,336,1996-08
1518,486,932,1996-08
1519,588,932,1996-08
1520,170,335,1996-08
1521,486,335,1996-08
1522,179,388,1996-08
1523,486,388,1996-08
1524,38,694,1996-08
1525,109,694,1996-08
1526,235,694,1996-08
1527,395,694,1996-08
1528,38,693,1996-08
1529,109,693,1996-08
1530,235,693,1996-08
1531,38,721,1996-08
1532,235,721,1996-08
1533,395,721,1996-08
1534,235,468,1996-08
1535,395,468,1996-08
1536,109,76,1996-08
1537,170,76,1996-08
1538,395,76,1996-08
1539,109,104,1996-08
1540,395,104,1996-08
1541,588,104,1996-08
1542,170,332,1996-08
1543,395,332,1996-08
1544,588,332,1996-08
1545,109,80,1996-08
1546,170,80,1996-08
1547,588,80,1996-08
1548,109,69,1996-08
1549,170,69,1996-08
1550,395,777,1996-08
1551,588,777,1996-08
1552,170,346,1996-08
1553,588,346,1996-08
1554,38,739,1996-08
1555,54,739,1996-08
1556,109,739,1996-08
1557,395,739,1996-08
1558,54,983,1996-08
1559,109,983,1996-08
1560,395,983,1996-08
1561,38,738,1996-08
1562,54,738,1996-08
1563,109,738,1996-08
1564,54,980,1996-08
1565,109,980,1996-08
1566,8,1118,1996-08
1567,38,1118,1996-08
1568,109,1118,1996-08
1569,395,1118,1996-08
1570,8,1116,1996-08
1571,38,1116,1996-08
1572,109,1116,1996-08
1573,8,1121,1996-08
1574,38,1121,1996-08
1575,395,1121,1996-08
1576,8,1127,1996-08
1577,395,1127,1996-08
1578,38,699,1996-08
1579,109,699,1996-08
1580,395,699,1996-08
1581,109,111,1996-08
1582,486,111,1996-08
1583,512,111,1996-08
1584,602,111,1996-08
1585,109,110,1996-08
1586,486,110,1996-08
1587,512,110,1996-08
1588,109,123,1996-08
1589,512,123,1996-08
1590,602,123,1996-08
1591,486,931,1996-08
1592,512,931,1996-08
1593,602,931,1996-08
1594,486,929,1996-08
1595,512,929,1996-08
1596,109,107,1996-08
1597,486,107,1996-08
1598,109,121,1996-08
1599,512,121,1996-08
1600,8,1124,1996-08
1601,38,1124,1996-08
1602,512,1124,1996-08
1603,602,1124,1996-08
1604,38,737,1996-08
1605,512,737,1996-08
1606,602,737,1996-08
1607,8,1132,1996-08
1608,512,1132,1996-08
1609,602,1132,1996-08
1610,8,1123,1996-08
1611,38,1123,1996-08
1612,512,1123,1996-08
1613,8,1131,1996-08
1614,512,1131,1996-08
1615,8,1126,1996-08
1616,38,1126,1996-08
1617,602,1126,1996-08
1618,109,124,1996-08
1619,588,124,1996-08
1620,602,124,1996-08
1621,235,474,1996-08
1622,602,474,1996-08
1623,8,1100,1996-08
1624,109,1100,1996-08
1625,235,1100,1996-08
1626,8,1112,1996-08
1627,235,1112,1996-08
1628,8,1133,1996-08
1629,602,1133,1996-08
1630,109,120,1996-08
1631,507,120,1996-08
1632,602,120,1996-08
1633,507,973,1996-08
1634,602,973,1996-08
1635,109,106,1996-08
1636,444,106,1996-08
1637,507,106,1996-08
1638,109,105,1996-08
1639,444,105,1996-08
1640,444,870,1996-08
1641,588,870,1996-08
1642,602,870,1996-08
1643,444,869,1996-08
1644,588,869,1996-08
1645,109,84,1996-08
1646,179,84,1996-08
1647,262,84,1996-08
1648,109,83,1996-08
1649,179,83,1996-08
1650,109,82,1996-08
1651,176,82,1996-08
1652,235,82,1996-08
1653,176,375,1996-08
1654,235,375,1996-08
1655,109,81,1996-08
1656,176,81,1996-08
1657,170,323,1996-08
1658,179,323,1996-08
1659,395,323,1996-08
1660,179,384,1996-08
1661,395,384,1996-08
1662,170,322,1996-08
1663,179,322,1996-08
1664,54,988,1996-08
1665,170,988,1996-08
1666,8,1103,1996-08
1667,170,1103,1996-08
1668,142,291,1996-08
1669,602,291,1996-08
1670,109,63,1996-08
1671,142,63,1996-08
1672,486,933,1996-08
1673,602,933,1996-08
1674,385,755,1996-08
1675,602,755,1996-08
1676,38,731,1996-08
1677,486,731,1996-08
1678,507,731,1996-08
1679,38,734,1996-08
1680,507,734,1996-08
1681,38,730,1996-08
1682,486,730,1996-08
1683,486,928,1996-08
1684,507,928,1996-08
1685,170,341,1996-08
1686,507,341,1996-08
1687,395,772,1996-08
1688,507,772,1996-08
1689,170,330,1996-08
1690,395,330,1996-08
1691,395,775,1996-08
1692,512,775,1996-08
1693,38,722,1996-08
1694,262,722,1996-08
1695,262,519,1996-08
1696,588,519,1996-08
1697,444,871,1996-08
1698,602,871,1996-08
1699,8,1130,1996-08
1700,507,1130,1996-08
1701,8,1113,1996-08
1702,262,1113,1996-08
1703,395,779,1996-08
1704,602,779,1996-08
1705,38,708,1996-08
1706,170,708,1996-08
1707,8,1115,1996-08
1708,38,1115,1996-08
1709,170,348,1996-08
1710,602,348,1996-08
1711,38,735,1996-08
1712,512,735,1996-08
1713,262,520,1996-08
1714,602,520,1996-08
1715,38,714,1996-08
1716,176,714,1996-08
1717,38,744,1996-08
1718,602,744,1996-08
1719,235,467,1996-08
1720,262,467,1996-08
1721,109,89,1996-08
1722,262,89,1996-08
1723,38,720,1996-08
1724,235,720,1996-08
1725,8,1099,1996-08
1726,109,1099,1996-08
1727,109,91,1996-08
1728,385,91,1996-08
1729,94,1154,1996-09
1730,173,1154,1996-09
1731,321,1154,1996-09
1732,386,1154,1996-09
1733,446,1154,1996-09
1734,530,1154,1996-09
1735,94,1157,1996-09
1736,173,1157,1996-09
1737,386,1157,1996-09
1738,446,1157,1996-09
1739,133,210,1996-09
1740,386,210,1996-09
1741,446,210,1996-09
1742,530,210,1996-09
1743,94,1153,1996-09
1744,173,1153,1996-09
1745,321,1153,1996-09
1746,386,1153,1996-09
1747,94,1156,1996-09
1748,173,1156,1996-09
1749,386,1156,1996-09
1750,94,1155,1996-09
1751,173,1155,1996-09
1752,321,1155,1996-09
1753,446,1155,1996-09
1754,94,1152,1996-09
1755,173,1152,1996-09
1756,321,1152,1996-09
1757,133,203,1996-09
1758,173,203,1996-09
1759,321,203,1996-09
1760,446,203,1996-09
1761,133,207,1996-09
1762,321,207,1996-09
1763,446,207,1996-09
1764,133,202,1996-09
1765,173,202,1996-09
1766,321,202,1996-09
1767,386,202,1996-09
1768,173,350,1996-09
1769,321,350,1996-09
1770,386,350,1996-09
1771,133,201,1996-09
1772,173,201,1996-09
1773,321,201,1996-09
1774,133,206,1996-09
1775,321,206,1996-09
1776,94,1148,1996-09
1777,133,1148,1996-09
1778,173,1148,1996-09
1779,446,1148,1996-09
1780,94,1158,1996-09
1781,173,1158,1996-09
1782,446,1158,1996-09
1783,133,205,1996-09
1784,173,205,1996-09
1785,446,205,1996-09
1786,94,1160,1996-09
1787,321,1160,1996-09
1788,446,1160,1996-09
1789,133,204,1996-09
1790,173,204,1996-09
1791,386,204,1996-09
1792,133,200,1996-09
1793,173,200,1996-09
1794,94,1162,1996-09
1795,386,1162,1996-09
1796,446,1162,1996-09
1797,321,607,1996-09
1798,386,607,1996-09
1799,530,607,1996-09
1800,386,756,1996-09
1801,446,756,1996-09
1802,530,756,1996-09
1803,386,757,1996-09
1804,530,757,1996-09
1805,94,1150,1996-09
1806,133,1150,1996-09
1807,446,1150,1996-09
1808,94,1149,1996-09
1809,133,1149,1996-09
1810,386,1149,1996-09
1811,94,1161,1996-09
1812,386,1161,1996-09
1813,321,606,1996-09
1814,386,606,1996-09
1815,446,606,1996-09
1816,94,1163,1996-09
1817,446,1163,1996-09
1818,530,1163,1996-09
1819,173,351,1996-09
1820,321,351,1996-09
1821,446,351,1996-09
1822,173,353,1996-09
1823,446,353,1996-09
1824,94,1151,1996-09
1825,173,1151,1996-09
1826,321,608,1996-09
1827,530,608,1996-09
1828,173,352,1996-09
1829,386,352,1996-09
1830,94,1159,1996-09
1831,321,1159,1996-09
1832,133,209,1996-09
1833,386,209,1996-09
1834,446,872,1996-09
1835,530,872,1996-09
1836,94,1147,1996-09
1837,133,1147,1996-09
1838,173,349,1996-09
1839,321,349,1996-09
1840,109,92,1996-09
1841,386,92,1996-09
1842,321,605,1996-09
1843,386,605,1996-09
1844,133,211,1996-09
1845,446,211,1996-09
1846,133,208,1996-09
1847,385,208,1996-09
1848,6,1068,1996-10
1849,37,1068,1996-10
1850,81,1068,1996-10
1851,117,1068,1996-10
1852,559,1068,1996-10
1853,6,1073,1996-10
1854,81,1073,1996-10
1855,117,1073,1996-10
1856,126,1073,1996-10
1857,559,1073,1996-10
1858,6,1074,1996-10
1859,81,1074,1996-10
1860,117,1074,1996-10
1861,559,1074,1996-10
1862,6,1070,1996-10
1863,458,1070,1996-10
1864,559,1070,1996-10
1865,6,1067,1996-10
1866,181,1067,1996-10
1867,559,1067,1996-10
1868,565,1067,1996-10
1869,181,397,1996-10
1870,458,397,1996-10
1871,559,397,1996-10
1872,565,397,1996-10
1873,117,127,1996-10
1874,181,127,1996-10
1875,458,127,1996-10
1876,117,128,1996-10
1877,181,128,1996-10
1878,501,128,1996-10
1879,6,1060,1996-10
1880,117,1060,1996-10
1881,126,1060,1996-10
1882,559,1060,1996-10
1883,117,130,1996-10
1884,181,130,1996-10
1885,559,130,1996-10
1886,565,130,1996-10
1887,181,399,1996-10
1888,559,399,1996-10
1889,565,399,1996-10
1890,6,1062,1996-10
1891,117,1062,1996-10
1892,181,1062,1996-10
1893,559,1062,1996-10
1894,6,1065,1996-10
1895,181,1065,1996-10
1896,501,1065,1996-10
1897,117,132,1996-10
1898,458,132,1996-10
1899,559,132,1996-10
1900,81,1138,1996-10
1901,559,1138,1996-10
1902,565,1138,1996-10
1903,6,1061,1996-10
1904,117,1061,1996-10
1905,181,1061,1996-10
1906,37,665,1996-10
1907,117,665,1996-10
1908,559,665,1996-10
1909,81,1135,1996-10
1910,117,1135,1996-10
1911,181,1135,1996-10
1912,81,1134,1996-10
1913,117,1134,1996-10
1914,117,129,1996-10
1915,181,129,1996-10
1916,559,129,1996-10
1917,181,396,1996-10
1918,458,396,1996-10
1919,559,396,1996-10
1920,181,395,1996-10
1921,458,395,1996-10
1922,6,1064,1996-10
1923,126,1064,1996-10
1924,458,1064,1996-10
1925,6,1066,1996-10
1926,181,1066,1996-10
1927,559,1066,1996-10
1928,117,134,1996-10
1929,559,134,1996-10
1930,565,134,1996-10
1931,559,992,1996-10
1932,565,992,1996-10
1933,181,398,1996-10
1934,501,398,1996-10
1935,81,1136,1996-10
1936,181,1136,1996-10
1937,6,1063,1996-10
1938,126,1063,1996-10
1939,117,131,1996-10
1940,458,131,1996-10
1941,126,174,1996-10
1942,559,174,1996-10
1943,81,1137,1996-10
1944,559,1137,1996-10
1945,458,882,1996-10
1946,559,882,1996-10
1947,117,126,1996-10
1948,126,126,1996-10
1949,6,1069,1996-10
1950,458,1069,1996-10
1951,385,752,1996-10
1952,501,752,1996-10
1953,6,1072,1996-10
1954,565,1072,1996-10
1955,501,970,1996-10
1956,559,970,1996-10
1957,37,664,1996-10
1958,117,664,1996-10
1959,6,1071,1996-10
1960,501,1071,1996-10
1961,117,133,1996-10
1962,501,133,1996-10
1963,58,1034,1996-11
1964,121,1034,1996-11
1965,240,1034,1996-11
1966,347,1034,1996-11
1967,566,1034,1996-11
1968,569,1034,1996-11
1969,121,142,1996-11
1970,240,142,1996-11
1971,347,142,1996-11
1972,373,142,1996-11
1973,374,142,1996-11
1974,379,142,1996-11
1975,470,142,1996-11
1976,609,142,1996-11
1977,5,965,1996-11
1978,58,965,1996-11
1979,240,965,1996-11
1980,347,965,1996-11
1981,373,965,1996-11
1982,379,965,1996-11
1983,240,479,1996-11
1984,347,479,1996-11
1985,373,479,1996-11
1986,379,479,1996-11
1987,58,1048,1996-11
1988,347,1048,1996-11
1989,373,1048,1996-11
1990,374,1048,1996-11
1991,470,1048,1996-11
1992,609,1048,1996-11
1993,347,629,1996-11
1994,373,629,1996-11
1995,374,629,1996-11
1996,470,629,1996-11
1997,609,629,1996-11
1998,5,963,1996-11
1999,58,963,1996-11
2000,121,963,1996-11
2001,240,963,1996-11
2002,374,963,1996-11
2003,566,963,1996-11
2004,43,858,1996-11
2005,58,858,1996-11
2006,121,858,1996-11
2007,240,858,1996-11
2008,566,858,1996-11
2009,58,1035,1996-11
2010,121,1035,1996-11
2011,240,1035,1996-11
2012,566,1035,1996-11
2013,5,964,1996-11
2014,58,964,1996-11
2015,240,964,1996-11
2016,58,1033,1996-11
2017,121,1033,1996-11
2018,240,1033,1996-11
2019,347,1033,1996-11
2020,470,1033,1996-11
2021,609,1033,1996-11
2022,58,1032,1996-11
2023,121,1032,1996-11
2024,240,1032,1996-11
2025,347,1032,1996-11
2026,121,143,1996-11
2027,240,143,1996-11
2028,347,143,1996-11
2029,470,143,1996-11
2030,609,143,1996-11
2031,121,141,1996-11
2032,240,141,1996-11
2033,347,141,1996-11
2034,58,1045,1996-11
2035,340,1045,1996-11
2036,347,1045,1996-11
2037,470,1045,1996-11
2038,609,1045,1996-11
2039,58,1052,1996-11
2040,347,1052,1996-11
2041,470,1052,1996-11
2042,609,1052,1996-11
2043,5,946,1996-11
2044,121,946,1996-11
2045,374,946,1996-11
2046,470,946,1996-11
2047,566,946,1996-11
2048,609,946,1996-11
2049,121,162,1996-11
2050,374,162,1996-11
2051,470,162,1996-11
2052,609,162,1996-11
2053,5,947,1996-11
2054,121,947,1996-11
2055,374,947,1996-11
2056,566,947,1996-11
2057,347,635,1996-11
2058,374,635,1996-11
2059,379,635,1996-11
2060,470,635,1996-11
2061,609,635,1996-11
2062,340,622,1996-11
2063,347,622,1996-11
2064,374,622,1996-11
2065,470,622,1996-11
2066,609,622,1996-11
2067,347,638,1996-11
2068,374,638,1996-11
2069,470,638,1996-11
2070,609,638,1996-11
2071,340,623,1996-11
2072,347,623,1996-11
2073,470,623,1996-11
2074,609,623,1996-11
2075,347,641,1996-11
2076,470,641,1996-11
2077,609,641,1996-11
2078,374,675,1996-11
2079,470,675,1996-11
2080,609,675,1996-11
2081,43,859,1996-11
2082,58,859,1996-11
2083,174,859,1996-11
2084,58,1054,1996-11
2085,373,1054,1996-11
2086,470,1054,1996-11
2087,609,1054,1996-11
2088,373,670,1996-11
2089,470,670,1996-11
2090,609,670,1996-11
2091,43,857,1996-11
2092,58,857,1996-11
2093,58,1057,1996-11
2094,470,1057,1996-11
2095,609,1057,1996-11
2096,347,637,1996-11
2097,374,637,1996-11
2098,470,637,1996-11
2099,566,637,1996-11
2100,174,362,1996-11
2101,347,362,1996-11
2102,566,362,1996-11
2103,470,910,1996-11
2104,569,910,1996-11
2105,609,910,1996-11
2106,43,852,1996-11
2107,174,852,1996-11
2108,569,852,1996-11
2109,43,851,1996-11
2110,174,851,1996-11
2111,470,851,1996-11
2112,609,851,1996-11
2113,121,151,1996-11
2114,347,151,1996-11
2115,373,151,1996-11
2116,566,151,1996-11
2117,609,151,1996-11
2118,121,156,1996-11
2119,347,156,1996-11
2120,566,156,1996-11
2121,121,152,1996-11
2122,347,152,1996-11
2123,373,152,1996-11
2124,609,152,1996-11
2125,121,157,1996-11
2126,347,157,1996-11
2127,609,157,1996-11
2128,121,167,1996-11
2129,566,167,1996-11
2130,609,167,1996-11
2131,5,945,1996-11
2132,121,945,1996-11
2133,373,945,1996-11
2134,566,945,1996-11
2135,5,961,1996-11
2136,43,961,1996-11
2137,121,961,1996-11
2138,566,961,1996-11
2139,43,848,1996-11
2140,121,848,1996-11
2141,566,848,1996-11
2142,121,159,1996-11
2143,373,159,1996-11
2144,566,159,1996-11
2145,121,153,1996-11
2146,347,153,1996-11
2147,374,153,1996-11
2148,379,153,1996-11
2149,470,153,1996-11
2150,347,634,1996-11
2151,374,634,1996-11
2152,379,634,1996-11
2153,470,634,1996-11
2154,347,636,1996-11
2155,374,636,1996-11
2156,470,636,1996-11
2157,240,483,1996-11
2158,374,483,1996-11
2159,566,483,1996-11
2160,609,483,1996-11
2161,240,484,1996-11
2162,374,484,1996-11
2163,609,484,1996-11
2164,240,482,1996-11
2165,374,482,1996-11
2166,566,482,1996-11
2167,374,677,1996-11
2168,566,677,1996-11
2169,609,677,1996-11
2170,374,678,1996-11
2171,609,678,1996-11
2172,174,366,1996-11
2173,374,366,1996-11
2174,566,366,1996-11
2175,566,1018,1996-11
2176,609,1018,1996-11
2177,5,943,1996-11
2178,121,943,1996-11
2179,347,943,1996-11
2180,373,943,1996-11
2181,470,943,1996-11
2182,121,150,1996-11
2183,347,150,1996-11
2184,373,150,1996-11
2185,470,150,1996-11
2186,121,149,1996-11
2187,347,149,1996-11
2188,373,149,1996-11
2189,5,944,1996-11
2190,121,944,1996-11
2191,373,944,1996-11
2192,121,146,1996-11
2193,240,146,1996-11
2194,374,146,1996-11
2195,470,146,1996-11
2196,121,147,1996-11
2197,240,147,1996-11
2198,470,147,1996-11
2199,174,365,1996-11
2200,374,365,1996-11
2201,470,365,1996-11
2202,121,161,1996-11
2203,374,161,1996-11
2204,470,161,1996-11
2205,174,355,1996-11
2206,240,355,1996-11
2207,374,355,1996-11
2208,174,364,1996-11
2209,374,364,1996-11
2210,240,488,1996-11
2211,470,488,1996-11
2212,566,488,1996-11
2213,174,369,1996-11
2214,470,369,1996-11
2215,566,369,1996-11
2216,174,358,1996-11
2217,240,358,1996-11
2218,566,358,1996-11
2219,240,489,1996-11
2220,566,489,1996-11
2221,174,357,1996-11
2222,240,357,1996-11
2223,470,357,1996-11
2224,121,154,1996-11
2225,347,154,1996-11
2226,379,154,1996-11
2227,470,154,1996-11
2228,347,640,1996-11
2229,379,640,1996-11
2230,470,640,1996-11
2231,121,155,1996-11
2232,347,155,1996-11
2233,470,155,1996-11
2234,121,165,1996-11
2235,470,165,1996-11
2236,609,165,1996-11
2237,174,371,1996-11
2238,470,371,1996-11
2239,609,371,1996-11
2240,121,168,1996-11
2241,609,168,1996-11
2242,58,1030,1996-11
2243,121,1030,1996-11
2244,174,1030,1996-11
2245,240,1030,1996-11
2246,58,1031,1996-11
2247,121,1031,1996-11
2248,240,1031,1996-11
2249,121,138,1996-11
2250,174,138,1996-11
2251,240,138,1996-11
2252,58,1038,1996-11
2253,121,1038,1996-11
2254,470,1038,1996-11
2255,58,1043,1996-11
2256,174,1043,1996-11
2257,470,1043,1996-11
2258,121,139,1996-11
2259,174,139,1996-11
2260,470,139,1996-11
2261,58,1029,1996-11
2262,121,1029,1996-11
2263,174,1029,1996-11
2264,5,949,1996-11
2265,121,949,1996-11
2266,379,949,1996-11
2267,470,949,1996-11
2268,121,164,1996-11
2269,379,164,1996-11
2270,470,164,1996-11
2271,379,679,1996-11
2272,470,679,1996-11
2273,240,486,1996-11
2274,379,486,1996-11
2275,609,486,1996-11
2276,174,356,1996-11
2277,240,356,1996-11
2278,379,356,1996-11
2279,379,681,1996-11
2280,609,681,1996-11
2281,174,359,1996-11
2282,240,359,1996-11
2283,609,359,1996-11
2284,240,490,1996-11
2285,609,490,1996-11
2286,174,374,1996-11
2287,609,374,1996-11
2288,58,1049,1996-11
2289,347,1049,1996-11
2290,373,1049,1996-11
2291,566,1049,1996-11
2292,58,1053,1996-11
2293,347,1053,1996-11
2294,566,1053,1996-11
2295,58,1047,1996-11
2296,347,1047,1996-11
2297,373,1047,1996-11
2298,58,1058,1996-11
2299,566,1058,1996-11
2300,347,631,1996-11
2301,373,631,1996-11
2302,566,631,1996-11
2303,347,642,1996-11
2304,566,642,1996-11
2305,5,953,1996-11
2306,174,953,1996-11
2307,240,953,1996-11
2308,373,953,1996-11
2309,5,955,1996-11
2310,240,955,1996-11
2311,373,955,1996-11
2312,58,1041,1996-11
2313,174,1041,1996-11
2314,240,1041,1996-11
2315,347,1041,1996-11
2316,58,1044,1996-11
2317,240,1044,1996-11
2318,347,1044,1996-11
2319,240,478,1996-11
2320,347,478,1996-11
2321,58,1040,1996-11
2322,174,1040,1996-11
2323,240,1040,1996-11
2324,121,144,1996-11
2325,240,144,1996-11
2326,373,144,1996-11
2327,374,144,1996-11
2328,373,666,1996-11
2329,374,666,1996-11
2330,121,145,1996-11
2331,240,145,1996-11
2332,374,145,1996-11
2333,121,160,1996-11
2334,374,160,1996-11
2335,5,958,1996-11
2336,347,958,1996-11
2337,373,958,1996-11
2338,609,958,1996-11
2339,5,966,1996-11
2340,609,966,1996-11
2341,347,632,1996-11
2342,373,632,1996-11
2343,609,632,1996-11
2344,5,957,1996-11
2345,347,957,1996-11
2346,373,957,1996-11
2347,5,959,1996-11
2348,373,959,1996-11
2349,5,950,1996-11
2350,121,950,1996-11
2351,379,950,1996-11
2352,566,950,1996-11
2353,5,952,1996-11
2354,121,952,1996-11
2355,566,952,1996-11
2356,121,166,1996-11
2357,566,166,1996-11
2358,5,948,1996-11
2359,121,948,1996-11
2360,379,948,1996-11
2361,347,630,1996-11
2362,373,630,1996-11
2363,470,630,1996-11
2364,373,669,1996-11
2365,470,669,1996-11
2366,347,628,1996-11
2367,373,628,1996-11
2368,5,951,1996-11
2369,121,951,1996-11
2370,470,951,1996-11
2371,5,942,1996-11
2372,121,942,1996-11
2373,174,361,1996-11
2374,347,361,1996-11
2375,470,361,1996-11
2376,174,370,1996-11
2377,470,370,1996-11
2378,569,370,1996-11
2379,470,909,1996-11
2380,569,909,1996-11
2381,43,854,1996-11
2382,347,854,1996-11
2383,43,860,1996-11
2384,609,860,1996-11
2385,347,643,1996-11
2386,609,643,1996-11
2387,58,1042,1996-11
2388,174,1042,1996-11
2389,373,1042,1996-11
2390,58,1036,1996-11
2391,121,1036,1996-11
2392,347,1036,1996-11
2393,121,148,1996-11
2394,347,148,1996-11
2395,43,850,1996-11
2396,174,850,1996-11
2397,470,850,1996-11
2398,43,849,1996-11
2399,174,849,1996-11
2400,174,368,1996-11
2401,470,368,1996-11
2402,5,956,1996-11
2403,240,956,1996-11
2404,379,956,1996-11
2405,240,485,1996-11
2406,379,485,1996-11
2407,5,954,1996-11
2408,240,954,1996-11
2409,58,1037,1996-11
2410,121,1037,1996-11
2411,373,1037,1996-11
2412,121,158,1996-11
2413,373,158,1996-11
2414,58,1028,1996-11
2415,121,1028,1996-11
2416,174,373,1996-11
2417,569,373,1996-11
2418,58,1051,1996-11
2419,347,1051,1996-11
2420,379,1051,1996-11
2421,347,639,1996-11
2422,379,639,1996-11
2423,174,367,1996-11
2424,379,367,1996-11
2425,121,163,1996-11
2426,379,163,1996-11
2427,240,480,1996-11
2428,373,480,1996-11
2429,373,668,1996-11
2430,379,668,1996-11
2431,566,668,1996-11
2432,373,667,1996-11
2433,379,667,1996-11
2434,373,671,1996-11
2435,566,671,1996-11
2436,379,680,1996-11
2437,566,680,1996-11
2438,374,674,1996-11
2439,470,674,1996-11
2440,566,674,1996-11
2441,374,676,1996-11
2442,566,676,1996-11
2443,374,673,1996-11
2444,470,673,1996-11
2445,470,908,1996-11
2446,566,908,1996-11
2447,58,1050,1996-11
2448,347,1050,1996-11
2449,374,1050,1996-11
2450,58,1055,1996-11
2451,374,1055,1996-11
2452,347,633,1996-11
2453,374,633,1996-11
2454,58,1046,1996-11
2455,347,1046,1996-11
2456,373,672,1996-11
2457,609,672,1996-11
2458,5,962,1996-11
2459,470,962,1996-11
2460,43,856,1996-11
2461,470,856,1996-11
2462,58,1056,1996-11
2463,470,1056,1996-11
2464,174,363,1996-11
2465,373,363,1996-11
2466,174,360,1996-11
2467,347,360,1996-11
2468,43,853,1996-11
2469,240,853,1996-11
2470,43,855,1996-11
2471,373,855,1996-11
2472,121,140,1996-11
2473,240,140,1996-11
2474,58,1039,1996-11
2475,174,1039,1996-11
2476,5,960,1996-11
2477,379,960,1996-11
2478,240,481,1996-11
2479,374,481,1996-11
2480,43,847,1996-11
2481,121,847,1996-11
2482,174,354,1996-11
2483,240,354,1996-11
2484,121,137,1996-11
2485,174,137,1996-11
2486,240,487,1996-11
2487,470,487,1996-11
2488,174,372,1996-11
2489,566,372,1996-11
2490,470,911,1996-11
2491,609,911,1996-11
2492,206,422,1996-12
2493,269,422,1996-12
2494,402,828,1996-12
2495,524,828,1996-12
2496,206,423,1996-12
2497,470,423,1996-12
2498,269,527,1996-12
2499,402,527,1996-12
2500,206,424,1996-12
2501,524,424,1996-12
2502,31,578,1996-12
2503,524,578,1996-12
2504,150,305,1997-01
2505,270,305,1997-01
2506,451,305,1997-01
2507,521,305,1997-01
2508,150,301,1997-01
2509,179,301,1997-01
2510,521,301,1997-01
2511,150,308,1997-01
2512,521,308,1997-01
2513,179,382,1997-01
2514,302,382,1997-01
2515,214,431,1997-01
2516,270,431,1997-01
2517,302,431,1997-01
2518,179,381,1997-01
2519,270,381,1997-01
2520,451,381,1997-01
2521,521,381,1997-01
2522,270,531,1997-01
2523,451,531,1997-01
2524,521,531,1997-01
2525,150,304,1997-01
2526,270,304,1997-01
2527,302,304,1997-01
2528,150,303,1997-01
2529,270,303,1997-01
2530,150,306,1997-01
2531,302,306,1997-01
2532,270,529,1997-01
2533,302,529,1997-01
2534,270,533,1997-01
2535,521,533,1997-01
2536,524,533,1997-01
2537,150,300,1997-01
2538,179,300,1997-01
2539,451,300,1997-01
2540,179,387,1997-01
2541,451,387,1997-01
2542,179,380,1997-01
2543,270,380,1997-01
2544,302,565,1997-01
2545,521,565,1997-01
2546,270,532,1997-01
2547,521,532,1997-01
2548,150,307,1997-01
2549,451,307,1997-01
2550,179,393,1997-01
2551,521,393,1997-01
2552,150,309,1997-01
2553,524,309,1997-01
2554,521,978,1997-01
2555,524,978,1997-01
2556,270,530,1997-01
2557,451,530,1997-01
2558,179,377,1997-01
2559,214,377,1997-01
2560,150,299,1997-01
2561,179,299,1997-01
2562,150,302,1997-01
2563,214,302,1997-01
2564,214,432,1997-01
2565,451,432,1997-01
2566,32,601,1997-02
2567,151,601,1997-02
2568,529,601,1997-02
2569,151,311,1997-02
2570,529,311,1997-02
2571,32,604,1997-02
2572,90,604,1997-02
2573,90,1143,1997-02
2574,151,1143,1997-02
2575,32,603,1997-02
2576,529,603,1997-02
2577,32,602,1997-02
2578,456,602,1997-02
2579,90,1144,1997-02
2580,529,1144,1997-02
2581,151,310,1997-02
2582,456,310,1997-02
2583,456,881,1997-02
2584,529,881,1997-02
2585,32,600,1997-02
2586,151,600,1997-02
2587,84,1141,1997-03
2588,276,1141,1997-03
2589,389,758,1997-03
2590,437,758,1997-03
2591,84,1142,1997-03
2592,437,1142,1997-03
2593,277,542,1997-04
2594,337,542,1997-04
2595,120,136,1997-04
2596,337,136,1997-04
2597,71,1092,1997-05
2598,350,1092,1997-05
2599,492,1092,1997-05
2600,71,1094,1997-05
2601,559,1094,1997-05
2602,492,936,1997-05
2603,559,936,1997-05
2604,71,1091,1997-05
2605,350,1091,1997-05
2606,350,654,1997-05
2607,559,654,1997-05
2608,350,653,1997-05
2609,492,653,1997-05
2610,71,1093,1997-05
2611,492,1093,1997-05
2612,263,521,1999-10
2613,597,521,1999-10
2614,33,615,1999-10
2615,268,615,1999-10
2616,199,412,1999-10
2617,597,412,1999-10
2618,268,526,1999-10
2619,412,526,1999-10
2620,33,613,1999-10
2621,156,613,1999-10
2622,33,616,1999-10
2623,597,616,1999-10
2624,33,614,1999-10
2625,263,614,1999-10
2626,140,268,1999-11
2627,383,268,1999-11
2628,266,525,1999-12
2629,577,525,1999-12
2630,156,313,2000-01
2631,225,313,2000-01
2632,45,879,2000-02
2633,140,879,2000-02
2634,59,1059,2000-03
2635,603,1059,2000-03
2636,414,841,2000-06
2637,465,841,2000-06
2638,1,2,2000-07
2639,96,2,2000-07
2640,1,1,2000-07
2641,607,1,2000-07
2642,430,861,2000-07
2643,607,861,2000-07
2644,96,1166,2000-07
2645,603,1166,2000-07
2646,27,528,2000-07
2647,607,528,2000-07
2648,1,0,2000-07
2649,27,0,2000-07
2650,19,405,2000-08
2651,57,405,2000-08
2652,294,405,2000-08
2653,469,405,2000-08
2654,19,404,2000-08
2655,57,404,2000-08
2656,294,404,2000-08
2657,19,403,2000-08
2658,57,403,2000-08
2659,265,403,2000-08
2660,57,1020,2000-08
2661,265,1020,2000-08
2662,294,1020,2000-08
2663,265,523,2000-08
2664,294,523,2000-08
2665,469,523,2000-08
2666,19,406,2000-08
2667,57,406,2000-08
2668,469,406,2000-08
2669,57,1022,2000-08
2670,294,1022,2000-08
2671,469,1022,2000-08
2672,57,1021,2000-08
2673,265,1021,2000-08
2674,469,1021,2000-08
2675,57,1019,2000-08
2676,265,1019,2000-08
2677,19,402,2000-08
2678,294,402,2000-08
2679,469,402,2000-08
2680,140,270,2000-08
2681,469,270,2000-08
2682,265,524,2000-08
2683,469,524,2000-08
2684,19,407,2000-08
2685,571,407,2000-08
2686,265,522,2000-08
2687,294,522,2000-08
2688,469,901,2000-08
2689,571,901,2000-08
2690,19,401,2000-08
2691,265,401,2000-08
2692,57,1024,2000-10
2693,453,1024,2000-10
2694,368,663,2000-10
2695,591,663,2000-10
2696,368,662,2000-10
2697,453,662,2000-10
2698,57,1023,2000-10
2699,368,1023,2000-10
2700,160,315,2000-10
2701,368,315,2000-10
2702,216,433,2000-11
2703,474,433,2000-11
2704,202,420,2000-11
2705,216,420,2000-11
2706,474,914,2000-11
2707,546,914,2000-11
2708,39,759,2000-11
2709,202,759,2000-11
2710,195,410,2000-11
2711,202,410,2000-11
2712,202,421,2000-11
2713,290,421,2000-11
2714,195,411,2000-11
2715,244,411,2000-11
2716,288,557,2001-01
2717,474,557,2001-01
2718,474,915,2001-01
2719,555,915,2001-01
2720,113,125,2001-01
2721,555,125,2001-01
2722,384,748,2001-07
2723,516,748,2001-07
2724,42,843,2001-07
2725,384,843,2001-07
2726,42,844,2001-07
2727,516,844,2001-07
2728,164,318,2001-09
2729,493,318,2001-09
2730,414,840,2002-04
2731,448,840,2002-04
2732,288,556,2002-08
2733,313,556,2002-08
2734,325,610,2002-12
2735,479,610,2002-12
2736,104,35,2003-03
2737,275,35,2003-03
2738,104,36,2003-03
2739,474,36,2003-03
2740,275,541,2003-03
2741,474,541,2003-03
2742,20,416,2003-05
2743,449,416,2003-05
2744,20,415,2003-05
2745,448,415,2003-05
2746,20,414,2003-05
2747,427,414,2003-05
2748,427,846,2003-05
2749,474,846,2003-05
2750,303,566,2003-05
2751,427,566,2003-05
2752,20,417,2003-05
2753,474,417,2003-05
2754,140,265,2003-06
2755,182,265,2003-06
2756,95,1165,2003-12
2757,474,1165,2003-12
2758,82,1139,2004-05
2759,140,1139,2004-05
2760,140,269,2004-05
2761,425,269,2004-05
2762,309,577,2004-06
2763,474,577,2004-06
2764,414,842,2004-07
2765,474,842,2004-07
2766,226,444,2004-09
2767,346,444,2004-09
2768,346,627,2004-09
2769,387,627,2004-09
2770,7,1088,2005-01
2771,156,1088,2005-01
2772,438,866,2005-01
2773,482,866,2005-01
2774,95,1164,2005-01
2775,438,1164,2005-01
2776,7,1090,2005-01
2777,438,1090,2005-01
2778,156,314,2005-01
2779,438,314,2005-01
2780,438,865,2005-01
2781,448,865,2005-01
2782,7,1089,2005-01
2783,425,1089,2005-01
2784,425,845,2005-01
2785,438,845,2005-01
2786,316,592,2005-03
2787,428,592,2005-03
2788,552,592,2005-03
2789,221,441,2005-03
2790,552,441,2005-03
2791,194,409,2005-03
2792,428,409,2005-03
2793,396,780,2005-03
2794,502,780,2005-03
2795,218,434,2005-03
2796,316,434,2005-03
2797,502,971,2005-03
2798,552,971,2005-03
2799,316,593,2005-03
2800,552,593,2005-03
2801,218,435,2005-03
2802,428,435,2005-03
2803,316,591,2005-03
2804,428,591,2005-03
2805,287,555,2005-03
2806,428,555,2005-03
2807,221,440,2005-03
2808,428,440,2005-03
2809,91,1146,2005-04
2810,488,1146,2005-04
2811,66,1080,2005-04
2812,91,1080,2005-04
2813,91,1145,2005-04
2814,438,1145,2005-04
2815,140,271,2005-05
2816,608,271,2005-05
2817,474,917,2005-05
2818,608,917,2005-05
2819,462,900,2005-07
2820,478,900,2005-07
2821,144,292,2006-01
2822,264,292,2006-01
2823,68,1081,2006-09
2824,132,1081,2006-09
2825,370,1081,2006-09
2826,75,1096,2006-09
2827,132,1096,2006-09
2828,68,1087,2006-09
2829,75,1087,2006-09
2830,232,461,2006-09
2831,414,461,2006-09
2832,64,1079,2006-10
2833,513,1079,2006-10
2834,64,1078,2006-10
2835,226,1078,2006-10
2836,34,621,2006-10
2837,64,621,2006-10
2838,64,1077,2006-10
2839,187,1077,2006-10
2840,34,620,2006-11
2841,381,620,2006-11
2842,381,747,2006-11
2843,542,747,2006-11
2844,129,175,2006-12
2845,399,175,2006-12
2846,140,267,2006-12
2847,381,267,2006-12
2848,140,266,2007-02
2849,274,266,2007-02
2850,274,540,2007-02
2851,387,540,2007-02
2852,274,540,2007-03
2853,387,540,2007-03
2854,288,558,2007-05
2855,480,558,2007-05
2856,254,510,2007-05
2857,483,510,2007-05
2858,254,509,2007-05
2859,480,509,2007-05
2860,480,923,2007-05
2861,540,923,2007-05
2862,474,913,2007-05
2863,480,913,2007-05
2864,474,916,2007-05
2865,606,916,2007-05
2866,480,924,2007-05
2867,606,924,2007-05
2868,232,463,2007-06
2869,593,463,2007-06
2870,570,1025,2007-06
2871,593,1025,2007-06
2872,232,462,2007-06
2873,570,462,2007-06
2874,483,925,2007-06
2875,570,925,2007-06
2876,570,1026,2007-06
2877,606,1026,2007-06
2878,68,1086,2007-06
2879,570,1086,2007-06
2880,307,575,2007-08
2881,573,575,2007-08
2882,307,574,2007-08
2883,416,574,2007-08
2884,274,539,2007-08
2885,307,539,2007-08
2886,226,443,2007-11
2887,230,443,2007-11
2888,219,436,2007-11
2889,226,436,2007-11
2890,354,659,2008-01
2891,381,659,2008-01
2892,219,437,2008-01
2893,354,437,2008-01
2894,381,746,2008-01
2895,477,746,2008-01
2896,343,625,2008-02
2897,361,625,2008-02
2898,72,1095,2008-07
2899,483,1095,2008-07
2900,232,461,2008-07
2901,414,461,2008-07
2902,232,460,2008-08
2903,322,460,2008-08
2904,420,460,2008-08
2905,232,458,2008-08
2906,292,458,2008-08
2907,232,459,2008-08
2908,322,459,2008-08
2909,68,1082,2008-12
2910,200,1082,2008-12
2911,200,418,2008-12
2912,220,418,2008-12
2913,200,419,2008-12
2914,356,419,2008-12
2915,68,1084,2008-12
2916,356,1084,2008-12
2917,28,546,2009-02
2918,334,546,2009-02
2919,28,544,2009-02
2920,271,544,2009-02
2921,28,545,2009-02
2922,318,545,2009-02
2923,440,867,2009-03
2924,600,867,2009-03
2925,318,595,2009-03
2926,369,595,2009-03
2927,28,547,2009-03
2928,369,547,2009-03
2929,334,618,2009-03
2930,600,618,2009-03
2931,318,599,2009-03
2932,600,599,2009-03
2933,28,548,2009-03
2934,600,548,2009-03
2935,78,1098,2009-09
2936,522,1098,2009-09
2937,207,425,2009-11
2938,590,425,2009-11
2939,220,439,2009-11
2940,590,439,2009-11
2941,431,862,2010-02
2942,590,862,2010-02
2943,292,560,2010-02
2944,590,560,2010-02
2945,318,598,2010-02
2946,590,598,2010-02
2947,22,438,2010-03
2948,68,438,2010-03
2949,68,1083,2010-03
2950,318,1083,2010-03
2951,318,596,2010-04
2952,434,596,2010-04
2953,330,617,2010-10
2954,464,617,2010-10
2955,132,199,2012-02
2956,351,199,2012-02
2957,351,655,2012-02
2958,490,655,2012-02
2959,489,935,2012-03
2960,539,935,2012-03
2961,292,559,2012-03
2962,489,559,2012-03
2963,83,1140,2012-04
2964,503,1140,2012-04
2965,280,549,2012-09
2966,357,549,2012-09
2967,249,506,2012-09
2968,357,506,2012-09
2969,249,507,2012-10
2970,606,507,2012-10
2971,222,442,2014-02
2972,528,442,2014-02
2973,318,597,2014-11
2974,483,597,2014-11
2975,308,576,2015-01
2976,323,576,2015-01
2977,323,609,2015-01
2978,344,609,2015-01
2979,344,626,2015-01
2980,443,626,2015-01
2981,487,934,2015-04
2982,497,934,2015-04
2983,317,594,2015-05
2984,393,594,2015-05
2985,103,34,2015-05
2986,393,34,2015-05
2987,103,33,2015-05
2988,249,33,2015-05
2989,21,427,2015-07
2990,509,427,2015-07
2991,119,135,2015-07
2992,509,135,2015-07
2993,448,877,2015-07
2994,509,877,2015-07
2995,76,1097,2015-08
2996,466,1097,2015-08
2997,63,1076,2015-09
2998,112,1076,2015-09
2999,21,429,2015-09
3000,63,429,2015-09
3001,2,413,2015-10
3002,378,413,2015-10
3003,233,464,2015-11
3004,241,464,2015-11
3005,105,40,2015-11
3006,233,40,2015-11
3007,298,40,2015-11
3008,105,38,2015-11
3009,227,38,2015-11
3010,298,38,2015-11
3011,105,41,2015-11
3012,241,41,2015-11
3013,123,171,2015-11
3014,241,171,2015-11
3015,105,39,2015-11
3016,233,39,2015-11
3017,123,173,2015-11
3018,582,173,2015-11
3019,298,563,2015-11
3020,581,563,2015-11
3021,105,43,2015-11
3022,581,43,2015-11
3023,298,561,2015-11
3024,318,561,2015-11
3025,298,564,2015-11
3026,582,564,2015-11
3027,105,37,2015-11
3028,227,37,2015-11
3029,105,44,2015-11
3030,582,44,2015-11
3031,227,445,2015-11
3032,298,445,2015-11
3033,123,172,2015-11
3034,298,172,2015-11
3035,241,491,2015-11
3036,298,491,2015-11
3037,298,562,2015-11
3038,563,562,2015-11
3039,105,42,2015-11
3040,256,42,2015-11
3041,256,511,2015-11
3042,298,511,2015-11
3043,233,465,2015-11
3044,298,465,2015-11
3045,10,4,2016-02
3046,445,4,2016-02
3047,10,3,2016-02
3048,18,3,2016-02
3049,24,476,2016-03
3050,424,476,2016-03
3051,41,835,2016-03
3052,495,835,2016-03
3053,24,477,2016-03
3054,495,477,2016-03
3055,24,475,2016-03
3056,41,475,2016-03
3057,41,834,2016-03
3058,424,834,2016-03
3059,305,570,2016-04
3060,339,570,2016-04
3061,534,570,2016-04
3062,305,568,2016-04
3063,319,568,2016-04
3064,339,619,2016-04
3065,418,619,2016-04
3066,305,571,2016-04
3067,418,571,2016-04
3068,122,170,2016-04
3069,534,170,2016-04
3070,305,569,2016-04
3071,339,569,2016-04
3072,448,878,2016-04
3073,534,878,2016-04
3074,122,169,2016-04
3075,305,169,2016-04
3076,408,833,2016-07
3077,560,833,2016-07
3078,52,977,2016-07
3079,560,977,2016-07
3080,21,426,2016-07
3081,247,426,2016-07
3082,106,45,2016-07
3083,560,45,2016-07
3084,21,428,2016-07
3085,560,428,2016-07
3086,564,1017,2016-11
3087,610,1017,2016-11
3088,341,624,2017-02
3089,517,624,2017-02
3090,365,661,2017-03
3091,548,661,2017-03
3092,365,660,2017-03
3093,517,660,2017-03
3094,212,430,2017-03
3095,414,430,2017-03
3096,380,745,2017-04
3097,561,745,2017-04
3098,47,906,2017-05
3099,380,906,2017-05
3100,610,906,2017-05
3101,47,904,2017-05
3102,352,904,2017-05
3103,610,904,2017-05
3104,328,612,2017-05
3105,380,612,2017-05
3106,610,612,2017-05
3107,352,656,2017-05
3108,380,656,2017-05
3109,610,656,2017-05
3110,47,905,2017-05
3111,380,905,2017-05
3112,47,903,2017-05
3113,352,903,2017-05
3114,328,611,2017-05
3115,352,611,2017-05
3116,47,902,2017-05
3117,328,902,2017-05
3118,47,907,2017-05
3119,610,907,2017-05
3120,471,912,2017-06
3121,599,912,2017-06
3122,252,508,2017-06
3123,599,508,2017-06
3124,475,918,2017-06
3125,599,918,2017-06
3126,279,543,2017-09
3127,551,543,2017-09
3128,15,298,2017-11
3129,401,298,2017-11
3130,141,272,2017-12
3131,282,272,2017-12
3132,50,968,2017-12
3133,401,968,2017-12
3134,50,967,2017-12
3135,141,967,2017-12
3136,141,273,2017-12
3137,401,273,2017-12
3138,306,573,2018-02
3139,599,573,2018-02
3140,305,567,2018-02
3141,306,567,2018-02
3142,62,1075,2018-03
3143,89,1075,2018-03
3144,50,969,2018-05
3145,567,969,2018-05
3146,153,312,2018-05
3147,567,312,2018-05
3148,68,1085,2018-05
3149,567,1085,2018-05
3150,305,572,2018-08
3151,514,572,2018-08
3152,233,466,2018-08
3153,596,466,2018-08
3154,272,534,2018-08
3155,596,534,2018-08
3156,248,505,2018-08
3157,596,505,2018-08
3158,514,976,2018-08
3159,596,976,2018-08
3160,184,400,2018-09
3161,331,400,2018-09
