,user_id,group_id,period
0,40,174,1996-05
1,130,174,1996-05
2,134,174,1996-05
3,284,174,1996-05
4,444,174,1996-05
5,40,173,1996-05
6,107,173,1996-05
7,134,173,1996-05
8,284,173,1996-05
9,468,173,1996-05
10,40,176,1996-05
11,134,176,1996-05
12,145,176,1996-05
13,284,176,1996-05
14,353,176,1996-05
15,40,172,1996-05
16,107,172,1996-05
17,130,172,1996-05
18,468,172,1996-05
19,536,172,1996-05
20,40,175,1996-05
21,130,175,1996-05
22,284,175,1996-05
23,353,175,1996-05
24,604,175,1996-05
25,107,30,1996-05
26,130,30,1996-05
27,134,30,1996-05
28,136,30,1996-05
29,468,30,1996-05
30,40,177,1996-05
31,136,177,1996-05
32,284,177,1996-05
33,353,177,1996-05
34,604,177,1996-05
35,134,58,1996-05
36,145,58,1996-05
37,284,58,1996-05
38,353,58,1996-05
39,444,58,1996-05
40,134,59,1996-05
41,145,59,1996-05
42,284,59,1996-05
43,353,59,1996-05
44,468,59,1996-05
45,14,72,1996-06
46,56,72,1996-06
47,102,72,1996-06
48,349,72,1996-06
49,411,72,1996-06
50,541,72,1996-06
51,584,72,1996-06
52,56,333,1996-06
53,102,333,1996-06
54,314,333,1996-06
55,385,333,1996-06
56,411,333,1996-06
57,476,333,1996-06
58,541,333,1996-06
59,46,275,1996-06
60,56,275,1996-06
61,102,275,1996-06
62,242,275,1996-06
63,411,275,1996-06
64,541,275,1996-06
65,574,275,1996-06
66,56,340,1996-06
67,102,340,1996-06
68,385,340,1996-06
69,411,340,1996-06
70,476,340,1996-06
71,541,340,1996-06
72,584,340,1996-06
73,46,272,1996-06
74,56,272,1996-06
75,102,272,1996-06
76,242,272,1996-06
77,273,272,1996-06
78,411,272,1996-06
79,541,272,1996-06
80,584,272,1996-06
81,56,343,1996-06
82,102,343,1996-06
83,411,343,1996-06
84,541,343,1996-06
85,584,343,1996-06
86,46,273,1996-06
87,56,273,1996-06
88,102,273,1996-06
89,242,273,1996-06
90,385,273,1996-06
91,411,273,1996-06
92,476,273,1996-06
93,541,273,1996-06
94,56,339,1996-06
95,102,339,1996-06
96,385,339,1996-06
97,411,339,1996-06
98,476,339,1996-06
99,541,339,1996-06
100,46,274,1996-06
101,56,274,1996-06
102,102,274,1996-06
103,242,274,1996-06
104,411,274,1996-06
105,541,274,1996-06
106,56,331,1996-06
107,102,331,1996-06
108,314,331,1996-06
109,349,331,1996-06
110,411,331,1996-06
111,476,331,1996-06
112,584,331,1996-06
113,46,276,1996-06
114,56,276,1996-06
115,102,276,1996-06
116,273,276,1996-06
117,349,276,1996-06
118,411,276,1996-06
119,584,276,1996-06
120,56,337,1996-06
121,102,337,1996-06
122,349,337,1996-06
123,411,337,1996-06
124,584,337,1996-06
125,46,279,1996-06
126,56,279,1996-06
127,102,279,1996-06
128,314,279,1996-06
129,411,279,1996-06
130,476,279,1996-06
131,56,335,1996-06
132,102,335,1996-06
133,314,335,1996-06
134,411,335,1996-06
135,476,335,1996-06
136,46,277,1996-06
137,56,277,1996-06
138,102,277,1996-06
139,273,277,1996-06
140,411,277,1996-06
141,476,277,1996-06
142,584,277,1996-06
143,56,342,1996-06
144,102,342,1996-06
145,411,342,1996-06
146,476,342,1996-06
147,584,342,1996-06
148,46,278,1996-06
149,56,278,1996-06
150,102,278,1996-06
151,273,278,1996-06
152,411,278,1996-06
153,584,278,1996-06
154,46,280,1996-06
155,56,280,1996-06
156,102,280,1996-06
157,411,280,1996-06
158,476,280,1996-06
159,14,60,1996-06
160,102,60,1996-06
161,192,60,1996-06
162,349,60,1996-06
163,411,60,1996-06
164,476,60,1996-06
165,541,60,1996-06
166,584,60,1996-06
167,14,67,1996-06
168,46,67,1996-06
169,102,67,1996-06
170,349,67,1996-06
171,411,67,1996-06
172,541,67,1996-06
173,584,67,1996-06
174,14,61,1996-06
175,102,61,1996-06
176,349,61,1996-06
177,411,61,1996-06
178,541,61,1996-06
179,584,61,1996-06
180,46,260,1996-06
181,102,260,1996-06
182,349,260,1996-06
183,411,260,1996-06
184,476,260,1996-06
185,584,260,1996-06
186,102,3,1996-06
187,349,3,1996-06
188,411,3,1996-06
189,476,3,1996-06
190,584,3,1996-06
191,46,261,1996-06
192,102,261,1996-06
193,349,261,1996-06
194,411,261,1996-06
195,584,261,1996-06
196,14,74,1996-06
197,56,74,1996-06
198,314,74,1996-06
199,411,74,1996-06
200,541,74,1996-06
201,584,74,1996-06
202,14,70,1996-06
203,46,70,1996-06
204,56,70,1996-06
205,411,70,1996-06
206,541,70,1996-06
207,574,70,1996-06
208,584,70,1996-06
209,14,75,1996-06
210,56,75,1996-06
211,411,75,1996-06
212,541,75,1996-06
213,584,75,1996-06
214,46,286,1996-06
215,56,286,1996-06
216,314,286,1996-06
217,411,286,1996-06
218,541,286,1996-06
219,574,286,1996-06
220,46,287,1996-06
221,56,287,1996-06
222,314,287,1996-06
223,411,287,1996-06
224,584,287,1996-06
225,14,69,1996-06
226,46,69,1996-06
227,411,69,1996-06
228,541,69,1996-06
229,584,69,1996-06
230,14,63,1996-06
231,192,63,1996-06
232,314,63,1996-06
233,385,63,1996-06
234,411,63,1996-06
235,476,63,1996-06
236,584,63,1996-06
237,314,141,1996-06
238,385,141,1996-06
239,411,141,1996-06
240,476,141,1996-06
241,574,141,1996-06
242,14,64,1996-06
243,192,64,1996-06
244,411,64,1996-06
245,476,64,1996-06
246,584,64,1996-06
247,14,65,1996-06
248,314,65,1996-06
249,411,65,1996-06
250,574,65,1996-06
251,584,65,1996-06
252,56,360,1996-06
253,349,360,1996-06
254,411,360,1996-06
255,476,360,1996-06
256,541,360,1996-06
257,584,360,1996-06
258,56,348,1996-06
259,242,348,1996-06
260,349,348,1996-06
261,411,348,1996-06
262,541,348,1996-06
263,574,348,1996-06
264,584,348,1996-06
265,56,362,1996-06
266,349,362,1996-06
267,411,362,1996-06
268,541,362,1996-06
269,584,362,1996-06
270,56,350,1996-06
271,242,350,1996-06
272,411,350,1996-06
273,476,350,1996-06
274,541,350,1996-06
275,574,350,1996-06
276,56,351,1996-06
277,242,351,1996-06
278,411,351,1996-06
279,476,351,1996-06
280,541,351,1996-06
281,584,351,1996-06
282,56,349,1996-06
283,242,349,1996-06
284,411,349,1996-06
285,476,349,1996-06
286,541,349,1996-06
287,56,361,1996-06
288,349,361,1996-06
289,411,361,1996-06
290,476,361,1996-06
291,584,361,1996-06
292,349,143,1996-06
293,411,143,1996-06
294,476,143,1996-06
295,541,143,1996-06
296,584,143,1996-06
297,46,284,1996-06
298,56,284,1996-06
299,242,284,1996-06
300,411,284,1996-06
301,541,284,1996-06
302,574,284,1996-06
303,584,284,1996-06
304,46,283,1996-06
305,56,283,1996-06
306,242,283,1996-06
307,411,283,1996-06
308,541,283,1996-06
309,574,283,1996-06
310,46,285,1996-06
311,56,285,1996-06
312,242,285,1996-06
313,411,285,1996-06
314,541,285,1996-06
315,584,285,1996-06
316,46,282,1996-06
317,56,282,1996-06
318,242,282,1996-06
319,411,282,1996-06
320,541,282,1996-06
321,46,289,1996-06
322,56,289,1996-06
323,411,289,1996-06
324,541,289,1996-06
325,574,289,1996-06
326,584,289,1996-06
327,46,288,1996-06
328,56,288,1996-06
329,411,288,1996-06
330,541,288,1996-06
331,574,288,1996-06
332,46,290,1996-06
333,56,290,1996-06
334,411,290,1996-06
335,541,290,1996-06
336,584,290,1996-06
337,56,353,1996-06
338,242,353,1996-06
339,411,353,1996-06
340,541,353,1996-06
341,574,353,1996-06
342,584,353,1996-06
343,56,352,1996-06
344,242,352,1996-06
345,411,352,1996-06
346,541,352,1996-06
347,574,352,1996-06
348,56,354,1996-06
349,242,354,1996-06
350,411,354,1996-06
351,541,354,1996-06
352,584,354,1996-06
353,56,366,1996-06
354,411,366,1996-06
355,541,366,1996-06
356,574,366,1996-06
357,584,366,1996-06
358,56,346,1996-06
359,192,346,1996-06
360,385,346,1996-06
361,411,346,1996-06
362,476,346,1996-06
363,541,346,1996-06
364,584,346,1996-06
365,56,356,1996-06
366,273,356,1996-06
367,385,356,1996-06
368,411,356,1996-06
369,476,356,1996-06
370,541,356,1996-06
371,584,356,1996-06
372,56,364,1996-06
373,385,364,1996-06
374,411,364,1996-06
375,476,364,1996-06
376,541,364,1996-06
377,584,364,1996-06
378,56,359,1996-06
379,273,359,1996-06
380,411,359,1996-06
381,541,359,1996-06
382,584,359,1996-06
383,56,363,1996-06
384,385,363,1996-06
385,411,363,1996-06
386,476,363,1996-06
387,541,363,1996-06
388,56,358,1996-06
389,273,358,1996-06
390,411,358,1996-06
391,476,358,1996-06
392,584,358,1996-06
393,192,128,1996-06
394,385,128,1996-06
395,411,128,1996-06
396,476,128,1996-06
397,584,128,1996-06
398,56,365,1996-06
399,411,365,1996-06
400,476,365,1996-06
401,541,365,1996-06
402,584,365,1996-06
403,56,347,1996-06
404,192,347,1996-06
405,411,347,1996-06
406,541,347,1996-06
407,584,347,1996-06
408,56,330,1996-06
409,102,330,1996-06
410,314,330,1996-06
411,349,330,1996-06
412,385,330,1996-06
413,476,330,1996-06
414,584,330,1996-06
415,56,334,1996-06
416,102,334,1996-06
417,314,334,1996-06
418,385,334,1996-06
419,476,334,1996-06
420,56,328,1996-06
421,102,328,1996-06
422,273,328,1996-06
423,385,328,1996-06
424,476,328,1996-06
425,584,328,1996-06
426,56,341,1996-06
427,102,341,1996-06
428,385,341,1996-06
429,476,341,1996-06
430,584,341,1996-06
431,56,323,1996-06
432,102,323,1996-06
433,273,323,1996-06
434,314,323,1996-06
435,349,323,1996-06
436,476,323,1996-06
437,584,323,1996-06
438,56,332,1996-06
439,102,332,1996-06
440,314,332,1996-06
441,349,332,1996-06
442,476,332,1996-06
443,584,332,1996-06
444,56,327,1996-06
445,102,327,1996-06
446,273,327,1996-06
447,349,327,1996-06
448,584,327,1996-06
449,56,329,1996-06
450,102,329,1996-06
451,273,329,1996-06
452,476,329,1996-06
453,584,329,1996-06
454,56,357,1996-06
455,273,357,1996-06
456,385,357,1996-06
457,476,357,1996-06
458,584,357,1996-06
459,14,71,1996-06
460,56,71,1996-06
461,102,71,1996-06
462,242,71,1996-06
463,411,71,1996-06
464,574,71,1996-06
465,584,71,1996-06
466,14,73,1996-06
467,56,73,1996-06
468,102,73,1996-06
469,411,73,1996-06
470,584,73,1996-06
471,56,321,1996-06
472,102,321,1996-06
473,242,321,1996-06
474,411,321,1996-06
475,574,321,1996-06
476,56,322,1996-06
477,102,322,1996-06
478,242,322,1996-06
479,411,322,1996-06
480,584,322,1996-06
481,14,76,1996-06
482,56,76,1996-06
483,411,76,1996-06
484,574,76,1996-06
485,584,76,1996-06
486,56,336,1996-06
487,102,336,1996-06
488,349,336,1996-06
489,385,336,1996-06
490,411,336,1996-06
491,56,317,1996-06
492,102,317,1996-06
493,242,317,1996-06
494,273,317,1996-06
495,349,317,1996-06
496,411,317,1996-06
497,56,318,1996-06
498,102,318,1996-06
499,242,318,1996-06
500,273,318,1996-06
501,385,318,1996-06
502,411,318,1996-06
503,56,319,1996-06
504,102,319,1996-06
505,242,319,1996-06
506,273,319,1996-06
507,411,319,1996-06
508,56,320,1996-06
509,102,320,1996-06
510,242,320,1996-06
511,385,320,1996-06
512,411,320,1996-06
513,56,325,1996-06
514,102,325,1996-06
515,273,325,1996-06
516,349,325,1996-06
517,411,325,1996-06
518,56,324,1996-06
519,102,324,1996-06
520,273,324,1996-06
521,349,324,1996-06
522,385,324,1996-06
523,56,316,1996-06
524,102,316,1996-06
525,192,316,1996-06
526,349,316,1996-06
527,541,316,1996-06
528,584,316,1996-06
529,56,338,1996-06
530,102,338,1996-06
531,349,338,1996-06
532,541,338,1996-06
533,584,338,1996-06
534,102,0,1996-06
535,192,0,1996-06
536,349,0,1996-06
537,541,0,1996-06
538,584,0,1996-06
539,46,255,1996-06
540,102,255,1996-06
541,192,255,1996-06
542,411,255,1996-06
543,476,255,1996-06
544,541,255,1996-06
545,584,255,1996-06
546,102,1,1996-06
547,192,1,1996-06
548,411,1,1996-06
549,476,1,1996-06
550,541,1,1996-06
551,584,1,1996-06
552,46,264,1996-06
553,102,264,1996-06
554,411,264,1996-06
555,476,264,1996-06
556,541,264,1996-06
557,584,264,1996-06
558,102,4,1996-06
559,411,4,1996-06
560,476,4,1996-06
561,541,4,1996-06
562,584,4,1996-06
563,46,266,1996-06
564,102,266,1996-06
565,411,266,1996-06
566,541,266,1996-06
567,584,266,1996-06
568,46,263,1996-06
569,102,263,1996-06
570,411,263,1996-06
571,476,263,1996-06
572,541,263,1996-06
573,46,265,1996-06
574,102,265,1996-06
575,411,265,1996-06
576,476,265,1996-06
577,584,265,1996-06
578,46,268,1996-06
579,192,268,1996-06
580,411,268,1996-06
581,541,268,1996-06
582,584,268,1996-06
583,192,129,1996-06
584,411,129,1996-06
585,476,129,1996-06
586,541,129,1996-06
587,584,129,1996-06
588,46,257,1996-06
589,102,257,1996-06
590,273,257,1996-06
591,349,257,1996-06
592,574,257,1996-06
593,584,257,1996-06
594,46,256,1996-06
595,102,256,1996-06
596,273,256,1996-06
597,349,256,1996-06
598,476,256,1996-06
599,584,256,1996-06
600,46,258,1996-06
601,102,258,1996-06
602,273,258,1996-06
603,349,258,1996-06
604,584,258,1996-06
605,46,259,1996-06
606,102,259,1996-06
607,273,259,1996-06
608,476,259,1996-06
609,584,259,1996-06
610,46,262,1996-06
611,102,262,1996-06
612,349,262,1996-06
613,476,262,1996-06
614,584,262,1996-06
615,102,2,1996-06
616,273,2,1996-06
617,349,2,1996-06
618,476,2,1996-06
619,584,2,1996-06
620,46,269,1996-06
621,273,269,1996-06
622,385,269,1996-06
623,411,269,1996-06
624,476,269,1996-06
625,584,269,1996-06
626,46,270,1996-06
627,273,270,1996-06
628,411,270,1996-06
629,476,270,1996-06
630,584,270,1996-06
631,273,140,1996-06
632,385,140,1996-06
633,411,140,1996-06
634,476,140,1996-06
635,584,140,1996-06
636,56,344,1996-06
637,192,344,1996-06
638,242,344,1996-06
639,411,344,1996-06
640,574,344,1996-06
641,584,344,1996-06
642,56,355,1996-06
643,242,355,1996-06
644,411,355,1996-06
645,574,355,1996-06
646,584,355,1996-06
647,56,345,1996-06
648,192,345,1996-06
649,349,345,1996-06
650,541,345,1996-06
651,584,345,1996-06
652,46,281,1996-06
653,56,281,1996-06
654,192,281,1996-06
655,574,281,1996-06
656,584,281,1996-06
657,46,267,1996-06
658,192,267,1996-06
659,411,267,1996-06
660,541,267,1996-06
661,574,267,1996-06
662,56,326,1996-06
663,102,326,1996-06
664,273,326,1996-06
665,349,326,1996-06
666,574,326,1996-06
667,14,68,1996-06
668,46,68,1996-06
669,242,68,1996-06
670,574,68,1996-06
671,584,68,1996-06
672,14,66,1996-06
673,314,66,1996-06
674,476,66,1996-06
675,541,66,1996-06
676,584,66,1996-06
677,14,62,1996-06
678,102,62,1996-06
679,385,62,1996-06
680,411,62,1996-06
681,541,62,1996-06
682,46,271,1996-06
683,273,271,1996-06
684,476,271,1996-06
685,574,271,1996-06
686,584,271,1996-06
687,26,139,1996-07
688,229,139,1996-07
689,404,139,1996-07
690,447,139,1996-07
691,455,139,1996-07
692,485,139,1996-07
693,592,139,1996-07
694,162,106,1996-07
695,229,106,1996-07
696,404,106,1996-07
697,447,106,1996-07
698,455,106,1996-07
699,592,106,1996-07
700,229,133,1996-07
701,404,133,1996-07
702,447,133,1996-07
703,455,133,1996-07
704,485,133,1996-07
705,592,133,1996-07
706,162,107,1996-07
707,229,107,1996-07
708,447,107,1996-07
709,485,107,1996-07
710,592,107,1996-07
711,243,137,1996-07
712,404,137,1996-07
713,455,137,1996-07
714,485,137,1996-07
715,592,137,1996-07
716,162,108,1996-07
717,404,108,1996-07
718,455,108,1996-07
719,485,108,1996-07
720,592,108,1996-07
721,38,145,1996-08
722,109,145,1996-08
723,170,145,1996-08
724,176,145,1996-08
725,179,145,1996-08
726,235,145,1996-08
727,486,145,1996-08
728,498,145,1996-08
729,512,145,1996-08
730,588,145,1996-08
731,602,145,1996-08
732,38,146,1996-08
733,109,146,1996-08
734,176,146,1996-08
735,179,146,1996-08
736,235,146,1996-08
737,394,146,1996-08
738,486,146,1996-08
739,498,146,1996-08
740,512,146,1996-08
741,588,146,1996-08
742,602,146,1996-08
743,38,147,1996-08
744,109,147,1996-08
745,176,147,1996-08
746,179,147,1996-08
747,235,147,1996-08
748,486,147,1996-08
749,498,147,1996-08
750,512,147,1996-08
751,588,147,1996-08
752,602,147,1996-08
753,109,39,1996-08
754,170,39,1996-08
755,179,39,1996-08
756,235,39,1996-08
757,394,39,1996-08
758,486,39,1996-08
759,498,39,1996-08
760,512,39,1996-08
761,109,40,1996-08
762,170,40,1996-08
763,179,40,1996-08
764,235,40,1996-08
765,444,40,1996-08
766,486,40,1996-08
767,498,40,1996-08
768,512,40,1996-08
769,109,41,1996-08
770,170,41,1996-08
771,179,41,1996-08
772,235,41,1996-08
773,486,41,1996-08
774,498,41,1996-08
775,512,41,1996-08
776,109,32,1996-08
777,142,32,1996-08
778,179,32,1996-08
779,235,32,1996-08
780,394,32,1996-08
781,486,32,1996-08
782,498,32,1996-08
783,507,32,1996-08
784,512,32,1996-08
785,109,44,1996-08
786,179,44,1996-08
787,235,44,1996-08
788,394,44,1996-08
789,486,44,1996-08
790,498,44,1996-08
791,512,44,1996-08
792,8,409,1996-08
793,109,409,1996-08
794,170,409,1996-08
795,176,409,1996-08
796,179,409,1996-08
797,235,409,1996-08
798,512,409,1996-08
799,588,409,1996-08
800,602,409,1996-08
801,109,38,1996-08
802,170,38,1996-08
803,176,38,1996-08
804,179,38,1996-08
805,235,38,1996-08
806,512,38,1996-08
807,588,38,1996-08
808,602,38,1996-08
809,109,31,1996-08
810,142,31,1996-08
811,176,31,1996-08
812,179,31,1996-08
813,235,31,1996-08
814,512,31,1996-08
815,588,31,1996-08
816,602,31,1996-08
817,109,43,1996-08
818,176,43,1996-08
819,179,43,1996-08
820,235,43,1996-08
821,512,43,1996-08
822,588,43,1996-08
823,602,43,1996-08
824,54,315,1996-08
825,109,315,1996-08
826,142,315,1996-08
827,170,315,1996-08
828,179,315,1996-08
829,235,315,1996-08
830,512,315,1996-08
831,109,42,1996-08
832,170,42,1996-08
833,179,42,1996-08
834,235,42,1996-08
835,512,42,1996-08
836,8,446,1996-08
837,38,446,1996-08
838,176,446,1996-08
839,179,446,1996-08
840,235,446,1996-08
841,486,446,1996-08
842,498,446,1996-08
843,512,446,1996-08
844,602,446,1996-08
845,38,152,1996-08
846,142,152,1996-08
847,176,152,1996-08
848,179,152,1996-08
849,235,152,1996-08
850,486,152,1996-08
851,498,152,1996-08
852,512,152,1996-08
853,602,152,1996-08
854,38,160,1996-08
855,176,160,1996-08
856,179,160,1996-08
857,235,160,1996-08
858,486,160,1996-08
859,498,160,1996-08
860,512,160,1996-08
861,602,160,1996-08
862,38,159,1996-08
863,170,159,1996-08
864,176,159,1996-08
865,179,159,1996-08
866,486,159,1996-08
867,498,159,1996-08
868,512,159,1996-08
869,588,159,1996-08
870,602,159,1996-08
871,38,153,1996-08
872,142,153,1996-08
873,176,153,1996-08
874,179,153,1996-08
875,486,153,1996-08
876,498,153,1996-08
877,512,153,1996-08
878,588,153,1996-08
879,602,153,1996-08
880,38,161,1996-08
881,176,161,1996-08
882,179,161,1996-08
883,486,161,1996-08
884,498,161,1996-08
885,512,161,1996-08
886,588,161,1996-08
887,602,161,1996-08
888,142,83,1996-08
889,170,83,1996-08
890,179,83,1996-08
891,486,83,1996-08
892,498,83,1996-08
893,512,83,1996-08
894,170,115,1996-08
895,179,115,1996-08
896,486,115,1996-08
897,498,115,1996-08
898,512,115,1996-08
899,142,78,1996-08
900,170,78,1996-08
901,176,78,1996-08
902,179,78,1996-08
903,512,78,1996-08
904,588,78,1996-08
905,602,78,1996-08
906,170,112,1996-08
907,176,112,1996-08
908,179,112,1996-08
909,512,112,1996-08
910,588,112,1996-08
911,602,112,1996-08
912,142,89,1996-08
913,176,89,1996-08
914,179,89,1996-08
915,512,89,1996-08
916,588,89,1996-08
917,602,89,1996-08
918,38,154,1996-08
919,142,154,1996-08
920,176,154,1996-08
921,179,154,1996-08
922,486,154,1996-08
923,498,154,1996-08
924,512,154,1996-08
925,602,154,1996-08
926,38,162,1996-08
927,176,162,1996-08
928,179,162,1996-08
929,486,162,1996-08
930,498,162,1996-08
931,512,162,1996-08
932,602,162,1996-08
933,8,410,1996-08
934,109,410,1996-08
935,179,410,1996-08
936,235,410,1996-08
937,486,410,1996-08
938,498,410,1996-08
939,512,410,1996-08
940,588,410,1996-08
941,602,410,1996-08
942,109,34,1996-08
943,142,34,1996-08
944,179,34,1996-08
945,235,34,1996-08
946,486,34,1996-08
947,498,34,1996-08
948,512,34,1996-08
949,588,34,1996-08
950,602,34,1996-08
951,109,46,1996-08
952,179,46,1996-08
953,235,46,1996-08
954,486,46,1996-08
955,498,46,1996-08
956,512,46,1996-08
957,588,46,1996-08
958,602,46,1996-08
959,109,33,1996-08
960,142,33,1996-08
961,179,33,1996-08
962,235,33,1996-08
963,486,33,1996-08
964,498,33,1996-08
965,512,33,1996-08
966,109,45,1996-08
967,179,45,1996-08
968,235,45,1996-08
969,486,45,1996-08
970,498,45,1996-08
971,512,45,1996-08
972,8,407,1996-08
973,109,407,1996-08
974,142,407,1996-08
975,179,407,1996-08
976,235,407,1996-08
977,512,407,1996-08
978,588,407,1996-08
979,602,407,1996-08
980,8,411,1996-08
981,109,411,1996-08
982,179,411,1996-08
983,235,411,1996-08
984,512,411,1996-08
985,588,411,1996-08
986,602,411,1996-08
987,109,36,1996-08
988,142,36,1996-08
989,179,36,1996-08
990,235,36,1996-08
991,512,36,1996-08
992,588,36,1996-08
993,602,36,1996-08
994,109,47,1996-08
995,179,47,1996-08
996,235,47,1996-08
997,512,47,1996-08
998,588,47,1996-08
999,602,47,1996-08
1000,109,35,1996-08
1001,142,35,1996-08
1002,179,35,1996-08
1003,235,35,1996-08
1004,512,35,1996-08
1005,8,421,1996-08
1006,142,421,1996-08
1007,179,421,1996-08
1008,235,421,1996-08
1009,486,421,1996-08
1010,498,421,1996-08
1011,512,421,1996-08
1012,602,421,1996-08
1013,142,91,1996-08
1014,179,91,1996-08
1015,235,91,1996-08
1016,486,91,1996-08
1017,498,91,1996-08
1018,512,91,1996-08
1019,602,91,1996-08
1020,142,90,1996-08
1021,179,90,1996-08
1022,235,90,1996-08
1023,486,90,1996-08
1024,498,90,1996-08
1025,512,90,1996-08
1026,142,98,1996-08
1027,179,98,1996-08
1028,486,98,1996-08
1029,498,98,1996-08
1030,512,98,1996-08
1031,588,98,1996-08
1032,602,98,1996-08
1033,179,125,1996-08
1034,486,125,1996-08
1035,498,125,1996-08
1036,512,125,1996-08
1037,588,125,1996-08
1038,602,125,1996-08
1039,142,102,1996-08
1040,179,102,1996-08
1041,512,102,1996-08
1042,588,102,1996-08
1043,602,102,1996-08
1044,142,99,1996-08
1045,179,99,1996-08
1046,486,99,1996-08
1047,498,99,1996-08
1048,512,99,1996-08
1049,602,99,1996-08
1050,142,97,1996-08
1051,179,97,1996-08
1052,486,97,1996-08
1053,498,97,1996-08
1054,512,97,1996-08
1055,8,428,1996-08
1056,170,428,1996-08
1057,176,428,1996-08
1058,179,428,1996-08
1059,235,428,1996-08
1060,486,428,1996-08
1061,512,428,1996-08
1062,602,428,1996-08
1063,170,109,1996-08
1064,176,109,1996-08
1065,179,109,1996-08
1066,235,109,1996-08
1067,486,109,1996-08
1068,512,109,1996-08
1069,602,109,1996-08
1070,142,85,1996-08
1071,176,85,1996-08
1072,179,85,1996-08
1073,235,85,1996-08
1074,486,85,1996-08
1075,507,85,1996-08
1076,512,85,1996-08
1077,602,85,1996-08
1078,142,80,1996-08
1079,170,80,1996-08
1080,179,80,1996-08
1081,235,80,1996-08
1082,486,80,1996-08
1083,507,80,1996-08
1084,512,80,1996-08
1085,170,114,1996-08
1086,179,114,1996-08
1087,235,114,1996-08
1088,486,114,1996-08
1089,512,114,1996-08
1090,142,92,1996-08
1091,179,92,1996-08
1092,235,92,1996-08
1093,486,92,1996-08
1094,507,92,1996-08
1095,512,92,1996-08
1096,8,414,1996-08
1097,142,414,1996-08
1098,170,414,1996-08
1099,176,414,1996-08
1100,179,414,1996-08
1101,235,414,1996-08
1102,512,414,1996-08
1103,602,414,1996-08
1104,8,429,1996-08
1105,170,429,1996-08
1106,176,429,1996-08
1107,179,429,1996-08
1108,235,429,1996-08
1109,512,429,1996-08
1110,602,429,1996-08
1111,170,110,1996-08
1112,176,110,1996-08
1113,179,110,1996-08
1114,235,110,1996-08
1115,512,110,1996-08
1116,602,110,1996-08
1117,142,82,1996-08
1118,170,82,1996-08
1119,179,82,1996-08
1120,235,82,1996-08
1121,512,82,1996-08
1122,8,418,1996-08
1123,142,418,1996-08
1124,176,418,1996-08
1125,179,418,1996-08
1126,235,418,1996-08
1127,486,418,1996-08
1128,512,418,1996-08
1129,602,418,1996-08
1130,8,430,1996-08
1131,176,430,1996-08
1132,179,430,1996-08
1133,235,430,1996-08
1134,486,430,1996-08
1135,512,430,1996-08
1136,602,430,1996-08
1137,142,86,1996-08
1138,176,86,1996-08
1139,179,86,1996-08
1140,235,86,1996-08
1141,486,86,1996-08
1142,512,86,1996-08
1143,602,86,1996-08
1144,176,118,1996-08
1145,179,118,1996-08
1146,235,118,1996-08
1147,486,118,1996-08
1148,512,118,1996-08
1149,602,118,1996-08
1150,8,419,1996-08
1151,142,419,1996-08
1152,176,419,1996-08
1153,179,419,1996-08
1154,235,419,1996-08
1155,512,419,1996-08
1156,602,419,1996-08
1157,8,431,1996-08
1158,176,431,1996-08
1159,179,431,1996-08
1160,235,431,1996-08
1161,512,431,1996-08
1162,602,431,1996-08
1163,142,87,1996-08
1164,176,87,1996-08
1165,179,87,1996-08
1166,235,87,1996-08
1167,512,87,1996-08
1168,602,87,1996-08
1169,142,77,1996-08
1170,170,77,1996-08
1171,176,77,1996-08
1172,179,77,1996-08
1173,486,77,1996-08
1174,512,77,1996-08
1175,602,77,1996-08
1176,170,111,1996-08
1177,176,111,1996-08
1178,179,111,1996-08
1179,486,111,1996-08
1180,512,111,1996-08
1181,602,111,1996-08
1182,142,84,1996-08
1183,170,84,1996-08
1184,179,84,1996-08
1185,486,84,1996-08
1186,512,84,1996-08
1187,142,79,1996-08
1188,170,79,1996-08
1189,176,79,1996-08
1190,179,79,1996-08
1191,512,79,1996-08
1192,602,79,1996-08
1193,170,113,1996-08
1194,176,113,1996-08
1195,179,113,1996-08
1196,512,113,1996-08
1197,602,113,1996-08
1198,142,88,1996-08
1199,176,88,1996-08
1200,179,88,1996-08
1201,486,88,1996-08
1202,512,88,1996-08
1203,602,88,1996-08
1204,8,422,1996-08
1205,142,422,1996-08
1206,179,422,1996-08
1207,235,422,1996-08
1208,486,422,1996-08
1209,512,422,1996-08
1210,602,422,1996-08
1211,142,94,1996-08
1212,179,94,1996-08
1213,235,94,1996-08
1214,486,94,1996-08
1215,512,94,1996-08
1216,602,94,1996-08
1217,142,93,1996-08
1218,179,93,1996-08
1219,235,93,1996-08
1220,486,93,1996-08
1221,512,93,1996-08
1222,142,100,1996-08
1223,179,100,1996-08
1224,486,100,1996-08
1225,512,100,1996-08
1226,602,100,1996-08
1227,179,120,1996-08
1228,235,120,1996-08
1229,395,120,1996-08
1230,486,120,1996-08
1231,498,120,1996-08
1232,512,120,1996-08
1233,602,120,1996-08
1234,179,122,1996-08
1235,235,122,1996-08
1236,486,122,1996-08
1237,498,122,1996-08
1238,507,122,1996-08
1239,512,122,1996-08
1240,602,122,1996-08
1241,179,121,1996-08
1242,235,121,1996-08
1243,486,121,1996-08
1244,498,121,1996-08
1245,507,121,1996-08
1246,512,121,1996-08
1247,8,433,1996-08
1248,179,433,1996-08
1249,235,433,1996-08
1250,486,433,1996-08
1251,498,433,1996-08
1252,512,433,1996-08
1253,602,433,1996-08
1254,8,434,1996-08
1255,179,434,1996-08
1256,235,434,1996-08
1257,486,434,1996-08
1258,507,434,1996-08
1259,512,434,1996-08
1260,602,434,1996-08
1261,179,124,1996-08
1262,235,124,1996-08
1263,486,124,1996-08
1264,507,124,1996-08
1265,512,124,1996-08
1266,602,124,1996-08
1267,179,123,1996-08
1268,235,123,1996-08
1269,486,123,1996-08
1270,507,123,1996-08
1271,512,123,1996-08
1272,8,435,1996-08
1273,179,435,1996-08
1274,235,435,1996-08
1275,486,435,1996-08
1276,512,435,1996-08
1277,602,435,1996-08
1278,8,439,1996-08
1279,38,439,1996-08
1280,109,439,1996-08
1281,512,439,1996-08
1282,588,439,1996-08
1283,602,439,1996-08
1284,38,144,1996-08
1285,109,144,1996-08
1286,142,144,1996-08
1287,394,144,1996-08
1288,512,144,1996-08
1289,588,144,1996-08
1290,602,144,1996-08
1291,38,148,1996-08
1292,109,148,1996-08
1293,394,148,1996-08
1294,512,148,1996-08
1295,588,148,1996-08
1296,602,148,1996-08
1297,38,149,1996-08
1298,109,149,1996-08
1299,512,149,1996-08
1300,588,149,1996-08
1301,602,149,1996-08
1302,8,408,1996-08
1303,109,408,1996-08
1304,142,408,1996-08
1305,512,408,1996-08
1306,588,408,1996-08
1307,602,408,1996-08
1308,8,412,1996-08
1309,109,412,1996-08
1310,512,412,1996-08
1311,588,412,1996-08
1312,602,412,1996-08
1313,109,37,1996-08
1314,142,37,1996-08
1315,512,37,1996-08
1316,588,37,1996-08
1317,602,37,1996-08
1318,8,448,1996-08
1319,38,448,1996-08
1320,235,448,1996-08
1321,444,448,1996-08
1322,512,448,1996-08
1323,588,448,1996-08
1324,602,448,1996-08
1325,38,155,1996-08
1326,142,155,1996-08
1327,235,155,1996-08
1328,512,155,1996-08
1329,588,155,1996-08
1330,602,155,1996-08
1331,8,441,1996-08
1332,38,441,1996-08
1333,142,441,1996-08
1334,235,441,1996-08
1335,512,441,1996-08
1336,602,441,1996-08
1337,8,450,1996-08
1338,38,450,1996-08
1339,235,450,1996-08
1340,512,450,1996-08
1341,602,450,1996-08
1342,38,156,1996-08
1343,142,156,1996-08
1344,235,156,1996-08
1345,512,156,1996-08
1346,602,156,1996-08
1347,8,425,1996-08
1348,142,425,1996-08
1349,235,425,1996-08
1350,512,425,1996-08
1351,588,425,1996-08
1352,602,425,1996-08
1353,8,437,1996-08
1354,235,437,1996-08
1355,512,437,1996-08
1356,588,437,1996-08
1357,602,437,1996-08
1358,142,103,1996-08
1359,235,103,1996-08
1360,512,103,1996-08
1361,588,103,1996-08
1362,602,103,1996-08
1363,8,442,1996-08
1364,38,442,1996-08
1365,142,442,1996-08
1366,512,442,1996-08
1367,588,442,1996-08
1368,602,442,1996-08
1369,8,451,1996-08
1370,38,451,1996-08
1371,512,451,1996-08
1372,588,451,1996-08
1373,602,451,1996-08
1374,8,443,1996-08
1375,38,443,1996-08
1376,142,443,1996-08
1377,512,443,1996-08
1378,602,443,1996-08
1379,38,157,1996-08
1380,142,157,1996-08
1381,512,157,1996-08
1382,588,157,1996-08
1383,602,157,1996-08
1384,8,426,1996-08
1385,142,426,1996-08
1386,512,426,1996-08
1387,588,426,1996-08
1388,602,426,1996-08
1389,8,423,1996-08
1390,142,423,1996-08
1391,179,423,1996-08
1392,235,423,1996-08
1393,498,423,1996-08
1394,512,423,1996-08
1395,602,423,1996-08
1396,142,96,1996-08
1397,179,96,1996-08
1398,235,96,1996-08
1399,498,96,1996-08
1400,512,96,1996-08
1401,602,96,1996-08
1402,142,95,1996-08
1403,179,95,1996-08
1404,235,95,1996-08
1405,498,95,1996-08
1406,512,95,1996-08
1407,142,101,1996-08
1408,179,101,1996-08
1409,498,101,1996-08
1410,512,101,1996-08
1411,602,101,1996-08
1412,8,424,1996-08
1413,142,424,1996-08
1414,179,424,1996-08
1415,235,424,1996-08
1416,512,424,1996-08
1417,602,424,1996-08
1418,8,436,1996-08
1419,179,436,1996-08
1420,235,436,1996-08
1421,498,436,1996-08
1422,512,436,1996-08
1423,602,436,1996-08
1424,8,444,1996-08
1425,38,444,1996-08
1426,170,444,1996-08
1427,176,444,1996-08
1428,179,444,1996-08
1429,235,444,1996-08
1430,38,158,1996-08
1431,170,158,1996-08
1432,176,158,1996-08
1433,179,158,1996-08
1434,235,158,1996-08
1435,8,440,1996-08
1436,38,440,1996-08
1437,142,440,1996-08
1438,176,440,1996-08
1439,179,440,1996-08
1440,235,440,1996-08
1441,8,445,1996-08
1442,38,445,1996-08
1443,176,445,1996-08
1444,179,445,1996-08
1445,235,445,1996-08
1446,38,151,1996-08
1447,142,151,1996-08
1448,176,151,1996-08
1449,179,151,1996-08
1450,235,151,1996-08
1451,38,150,1996-08
1452,142,150,1996-08
1453,170,150,1996-08
1454,176,150,1996-08
1455,179,150,1996-08
1456,8,413,1996-08
1457,142,413,1996-08
1458,170,413,1996-08
1459,176,413,1996-08
1460,179,413,1996-08
1461,235,413,1996-08
1462,8,427,1996-08
1463,170,427,1996-08
1464,176,427,1996-08
1465,179,427,1996-08
1466,235,427,1996-08
1467,8,416,1996-08
1468,142,416,1996-08
1469,170,416,1996-08
1470,179,416,1996-08
1471,235,416,1996-08
1472,507,416,1996-08
1473,142,81,1996-08
1474,170,81,1996-08
1475,179,81,1996-08
1476,235,81,1996-08
1477,507,81,1996-08
1478,8,415,1996-08
1479,142,415,1996-08
1480,170,415,1996-08
1481,179,415,1996-08
1482,235,415,1996-08
1483,8,420,1996-08
1484,142,420,1996-08
1485,176,420,1996-08
1486,179,420,1996-08
1487,512,420,1996-08
1488,602,420,1996-08
1489,8,432,1996-08
1490,176,432,1996-08
1491,179,432,1996-08
1492,512,432,1996-08
1493,602,432,1996-08
1494,38,163,1996-08
1495,235,163,1996-08
1496,498,163,1996-08
1497,512,163,1996-08
1498,588,163,1996-08
1499,602,163,1996-08
1500,38,164,1996-08
1501,235,164,1996-08
1502,498,164,1996-08
1503,512,164,1996-08
1504,602,164,1996-08
1505,38,167,1996-08
1506,498,167,1996-08
1507,512,167,1996-08
1508,588,167,1996-08
1509,602,167,1996-08
1510,235,134,1996-08
1511,498,134,1996-08
1512,512,134,1996-08
1513,588,134,1996-08
1514,602,134,1996-08
1515,38,165,1996-08
1516,235,165,1996-08
1517,512,165,1996-08
1518,588,165,1996-08
1519,602,165,1996-08
1520,176,119,1996-08
1521,179,119,1996-08
1522,486,119,1996-08
1523,498,119,1996-08
1524,588,119,1996-08
1525,602,119,1996-08
1526,8,438,1996-08
1527,38,438,1996-08
1528,109,438,1996-08
1529,235,438,1996-08
1530,444,438,1996-08
1531,602,438,1996-08
1532,8,449,1996-08
1533,38,449,1996-08
1534,235,449,1996-08
1535,444,449,1996-08
1536,602,449,1996-08
1537,8,447,1996-08
1538,38,447,1996-08
1539,176,447,1996-08
1540,179,447,1996-08
1541,498,447,1996-08
1542,512,447,1996-08
1543,176,117,1996-08
1544,179,117,1996-08
1545,235,117,1996-08
1546,444,117,1996-08
1547,486,117,1996-08
1548,602,117,1996-08
1549,8,417,1996-08
1550,142,417,1996-08
1551,176,417,1996-08
1552,179,417,1996-08
1553,235,417,1996-08
1554,38,166,1996-08
1555,395,166,1996-08
1556,486,166,1996-08
1557,498,166,1996-08
1558,602,166,1996-08
1559,6,400,1996-10
1560,37,400,1996-10
1561,117,400,1996-10
1562,126,400,1996-10
1563,181,400,1996-10
1564,458,400,1996-10
1565,565,400,1996-10
1566,6,402,1996-10
1567,37,402,1996-10
1568,117,402,1996-10
1569,126,402,1996-10
1570,559,402,1996-10
1571,565,402,1996-10
1572,6,405,1996-10
1573,81,405,1996-10
1574,117,405,1996-10
1575,181,405,1996-10
1576,458,405,1996-10
1577,6,401,1996-10
1578,37,401,1996-10
1579,117,401,1996-10
1580,126,401,1996-10
1581,458,401,1996-10
1582,6,404,1996-10
1583,37,404,1996-10
1584,126,404,1996-10
1585,181,404,1996-10
1586,458,404,1996-10
1587,6,397,1996-10
1588,117,397,1996-10
1589,126,397,1996-10
1590,458,397,1996-10
1591,559,397,1996-10
1592,6,399,1996-10
1593,126,399,1996-10
1594,458,399,1996-10
1595,559,399,1996-10
1596,565,399,1996-10
1597,6,398,1996-10
1598,117,398,1996-10
1599,181,398,1996-10
1600,458,398,1996-10
1601,559,398,1996-10
1602,6,403,1996-10
1603,37,403,1996-10
1604,117,403,1996-10
1605,126,403,1996-10
1606,565,403,1996-10
1607,6,396,1996-10
1608,117,396,1996-10
1609,126,396,1996-10
1610,181,396,1996-10
1611,458,396,1996-10
1612,43,184,1996-11
1613,174,184,1996-11
1614,240,184,1996-11
1615,340,184,1996-11
1616,373,184,1996-11
1617,379,184,1996-11
1618,470,184,1996-11
1619,566,184,1996-11
1620,569,184,1996-11
1621,43,237,1996-11
1622,58,237,1996-11
1623,240,237,1996-11
1624,347,237,1996-11
1625,373,237,1996-11
1626,374,237,1996-11
1627,379,237,1996-11
1628,470,237,1996-11
1629,566,237,1996-11
1630,43,179,1996-11
1631,121,179,1996-11
1632,240,179,1996-11
1633,373,179,1996-11
1634,379,179,1996-11
1635,470,179,1996-11
1636,566,179,1996-11
1637,609,179,1996-11
1638,43,213,1996-11
1639,240,213,1996-11
1640,373,213,1996-11
1641,379,213,1996-11
1642,470,213,1996-11
1643,566,213,1996-11
1644,58,383,1996-11
1645,240,383,1996-11
1646,340,383,1996-11
1647,373,383,1996-11
1648,374,383,1996-11
1649,379,383,1996-11
1650,470,383,1996-11
1651,566,383,1996-11
1652,5,291,1996-11
1653,121,291,1996-11
1654,240,291,1996-11
1655,340,291,1996-11
1656,373,291,1996-11
1657,379,291,1996-11
1658,470,291,1996-11
1659,566,291,1996-11
1660,240,135,1996-11
1661,340,135,1996-11
1662,373,135,1996-11
1663,379,135,1996-11
1664,470,135,1996-11
1665,566,135,1996-11
1666,58,371,1996-11
1667,121,371,1996-11
1668,240,371,1996-11
1669,373,371,1996-11
1670,374,371,1996-11
1671,379,371,1996-11
1672,470,371,1996-11
1673,566,371,1996-11
1674,58,388,1996-11
1675,240,388,1996-11
1676,373,388,1996-11
1677,374,388,1996-11
1678,379,388,1996-11
1679,470,388,1996-11
1680,566,388,1996-11
1681,121,49,1996-11
1682,240,49,1996-11
1683,373,49,1996-11
1684,379,49,1996-11
1685,470,49,1996-11
1686,566,49,1996-11
1687,240,136,1996-11
1688,373,136,1996-11
1689,379,136,1996-11
1690,470,136,1996-11
1691,566,136,1996-11
1692,43,229,1996-11
1693,58,229,1996-11
1694,174,229,1996-11
1695,340,229,1996-11
1696,347,229,1996-11
1697,379,229,1996-11
1698,470,229,1996-11
1699,566,229,1996-11
1700,5,300,1996-11
1701,43,300,1996-11
1702,174,300,1996-11
1703,340,300,1996-11
1704,379,300,1996-11
1705,470,300,1996-11
1706,566,300,1996-11
1707,609,300,1996-11
1708,43,204,1996-11
1709,174,204,1996-11
1710,340,204,1996-11
1711,379,204,1996-11
1712,470,204,1996-11
1713,566,204,1996-11
1714,43,252,1996-11
1715,58,252,1996-11
1716,347,252,1996-11
1717,379,252,1996-11
1718,470,252,1996-11
1719,566,252,1996-11
1720,609,252,1996-11
1721,43,251,1996-11
1722,58,251,1996-11
1723,347,251,1996-11
1724,379,251,1996-11
1725,470,251,1996-11
1726,566,251,1996-11
1727,43,219,1996-11
1728,379,219,1996-11
1729,470,219,1996-11
1730,566,219,1996-11
1731,609,219,1996-11
1732,5,311,1996-11
1733,58,311,1996-11
1734,340,311,1996-11
1735,379,311,1996-11
1736,470,311,1996-11
1737,566,311,1996-11
1738,58,393,1996-11
1739,340,393,1996-11
1740,379,393,1996-11
1741,470,393,1996-11
1742,566,393,1996-11
1743,5,295,1996-11
1744,340,295,1996-11
1745,379,295,1996-11
1746,470,295,1996-11
1747,566,295,1996-11
1748,58,392,1996-11
1749,340,392,1996-11
1750,373,392,1996-11
1751,374,392,1996-11
1752,566,392,1996-11
1753,569,392,1996-11
1754,5,293,1996-11
1755,121,293,1996-11
1756,340,293,1996-11
1757,373,293,1996-11
1758,566,293,1996-11
1759,569,293,1996-11
1760,609,293,1996-11
1761,5,309,1996-11
1762,58,309,1996-11
1763,121,309,1996-11
1764,340,309,1996-11
1765,373,309,1996-11
1766,374,309,1996-11
1767,566,309,1996-11
1768,5,292,1996-11
1769,121,292,1996-11
1770,340,292,1996-11
1771,373,292,1996-11
1772,566,292,1996-11
1773,5,312,1996-11
1774,58,312,1996-11
1775,340,312,1996-11
1776,566,312,1996-11
1777,609,312,1996-11
1778,43,244,1996-11
1779,58,244,1996-11
1780,340,244,1996-11
1781,373,244,1996-11
1782,374,244,1996-11
1783,470,244,1996-11
1784,566,244,1996-11
1785,43,180,1996-11
1786,121,180,1996-11
1787,340,180,1996-11
1788,373,180,1996-11
1789,470,180,1996-11
1790,566,180,1996-11
1791,609,180,1996-11
1792,43,215,1996-11
1793,340,215,1996-11
1794,373,215,1996-11
1795,470,215,1996-11
1796,566,215,1996-11
1797,43,220,1996-11
1798,58,220,1996-11
1799,121,220,1996-11
1800,373,220,1996-11
1801,374,220,1996-11
1802,470,220,1996-11
1803,566,220,1996-11
1804,609,220,1996-11
1805,43,253,1996-11
1806,58,253,1996-11
1807,373,253,1996-11
1808,374,253,1996-11
1809,470,253,1996-11
1810,566,253,1996-11
1811,43,181,1996-11
1812,121,181,1996-11
1813,373,181,1996-11
1814,470,181,1996-11
1815,566,181,1996-11
1816,609,181,1996-11
1817,58,372,1996-11
1818,121,372,1996-11
1819,340,372,1996-11
1820,373,372,1996-11
1821,374,372,1996-11
1822,470,372,1996-11
1823,566,372,1996-11
1824,58,390,1996-11
1825,340,390,1996-11
1826,373,390,1996-11
1827,374,390,1996-11
1828,470,390,1996-11
1829,566,390,1996-11
1830,121,50,1996-11
1831,340,50,1996-11
1832,373,50,1996-11
1833,470,50,1996-11
1834,566,50,1996-11
1835,58,376,1996-11
1836,121,376,1996-11
1837,373,376,1996-11
1838,374,376,1996-11
1839,470,376,1996-11
1840,566,376,1996-11
1841,58,395,1996-11
1842,373,395,1996-11
1843,374,395,1996-11
1844,470,395,1996-11
1845,566,395,1996-11
1846,43,249,1996-11
1847,58,249,1996-11
1848,340,249,1996-11
1849,470,249,1996-11
1850,566,249,1996-11
1851,609,249,1996-11
1852,43,248,1996-11
1853,58,248,1996-11
1854,340,248,1996-11
1855,470,248,1996-11
1856,566,248,1996-11
1857,43,218,1996-11
1858,340,218,1996-11
1859,470,218,1996-11
1860,566,218,1996-11
1861,609,218,1996-11
1862,43,254,1996-11
1863,58,254,1996-11
1864,470,254,1996-11
1865,566,254,1996-11
1866,609,254,1996-11
1867,58,374,1996-11
1868,121,374,1996-11
1869,340,374,1996-11
1870,373,374,1996-11
1871,374,374,1996-11
1872,566,374,1996-11
1873,609,374,1996-11
1874,121,51,1996-11
1875,340,51,1996-11
1876,373,51,1996-11
1877,566,51,1996-11
1878,609,51,1996-11
1879,58,378,1996-11
1880,121,378,1996-11
1881,373,378,1996-11
1882,374,378,1996-11
1883,566,378,1996-11
1884,609,378,1996-11
1885,58,373,1996-11
1886,121,373,1996-11
1887,340,373,1996-11
1888,373,373,1996-11
1889,374,373,1996-11
1890,566,373,1996-11
1891,58,391,1996-11
1892,340,391,1996-11
1893,373,391,1996-11
1894,374,391,1996-11
1895,566,391,1996-11
1896,58,377,1996-11
1897,121,377,1996-11
1898,373,377,1996-11
1899,374,377,1996-11
1900,566,377,1996-11
1901,43,194,1996-11
1902,174,194,1996-11
1903,240,194,1996-11
1904,347,194,1996-11
1905,373,194,1996-11
1906,379,194,1996-11
1907,470,194,1996-11
1908,5,298,1996-11
1909,43,298,1996-11
1910,174,298,1996-11
1911,240,298,1996-11
1912,373,298,1996-11
1913,379,298,1996-11
1914,470,298,1996-11
1915,43,196,1996-11
1916,174,196,1996-11
1917,240,196,1996-11
1918,373,196,1996-11
1919,379,196,1996-11
1920,470,196,1996-11
1921,43,208,1996-11
1922,240,208,1996-11
1923,347,208,1996-11
1924,373,208,1996-11
1925,379,208,1996-11
1926,470,208,1996-11
1927,43,212,1996-11
1928,240,212,1996-11
1929,373,212,1996-11
1930,379,212,1996-11
1931,470,212,1996-11
1932,5,294,1996-11
1933,240,294,1996-11
1934,373,294,1996-11
1935,379,294,1996-11
1936,470,294,1996-11
1937,5,301,1996-11
1938,43,301,1996-11
1939,174,301,1996-11
1940,347,301,1996-11
1941,379,301,1996-11
1942,470,301,1996-11
1943,43,206,1996-11
1944,174,206,1996-11
1945,347,206,1996-11
1946,379,206,1996-11
1947,470,206,1996-11
1948,5,302,1996-11
1949,43,302,1996-11
1950,174,302,1996-11
1951,379,302,1996-11
1952,470,302,1996-11
1953,43,183,1996-11
1954,174,183,1996-11
1955,240,183,1996-11
1956,340,183,1996-11
1957,347,183,1996-11
1958,373,183,1996-11
1959,566,183,1996-11
1960,43,186,1996-11
1961,174,186,1996-11
1962,240,186,1996-11
1963,340,186,1996-11
1964,373,186,1996-11
1965,566,186,1996-11
1966,609,186,1996-11
1967,43,185,1996-11
1968,174,185,1996-11
1969,240,185,1996-11
1970,340,185,1996-11
1971,373,185,1996-11
1972,566,185,1996-11
1973,43,211,1996-11
1974,240,211,1996-11
1975,347,211,1996-11
1976,373,211,1996-11
1977,566,211,1996-11
1978,609,211,1996-11
1979,43,210,1996-11
1980,240,210,1996-11
1981,347,210,1996-11
1982,373,210,1996-11
1983,566,210,1996-11
1984,43,214,1996-11
1985,240,214,1996-11
1986,373,214,1996-11
1987,566,214,1996-11
1988,609,214,1996-11
1989,43,201,1996-11
1990,174,201,1996-11
1991,340,201,1996-11
1992,347,201,1996-11
1993,566,201,1996-11
1994,609,201,1996-11
1995,43,205,1996-11
1996,174,205,1996-11
1997,340,205,1996-11
1998,566,205,1996-11
1999,609,205,1996-11
2000,43,216,1996-11
2001,340,216,1996-11
2002,373,216,1996-11
2003,566,216,1996-11
2004,609,216,1996-11
2005,43,193,1996-11
2006,174,193,1996-11
2007,240,193,1996-11
2008,347,193,1996-11
2009,373,193,1996-11
2010,43,221,1996-11
2011,58,221,1996-11
2012,174,221,1996-11
2013,240,221,1996-11
2014,340,221,1996-11
2015,347,221,1996-11
2016,379,221,1996-11
2017,43,239,1996-11
2018,58,239,1996-11
2019,240,239,1996-11
2020,347,239,1996-11
2021,379,239,1996-11
2022,43,228,1996-11
2023,58,228,1996-11
2024,174,228,1996-11
2025,340,228,1996-11
2026,347,228,1996-11
2027,379,228,1996-11
2028,43,195,1996-11
2029,174,195,1996-11
2030,240,195,1996-11
2031,347,195,1996-11
2032,379,195,1996-11
2033,43,182,1996-11
2034,174,182,1996-11
2035,240,182,1996-11
2036,340,182,1996-11
2037,347,182,1996-11
2038,43,234,1996-11
2039,58,234,1996-11
2040,240,234,1996-11
2041,340,234,1996-11
2042,374,234,1996-11
2043,379,234,1996-11
2044,566,234,1996-11
2045,43,207,1996-11
2046,240,207,1996-11
2047,340,207,1996-11
2048,379,207,1996-11
2049,566,207,1996-11
2050,43,240,1996-11
2051,58,240,1996-11
2052,240,240,1996-11
2053,374,240,1996-11
2054,379,240,1996-11
2055,566,240,1996-11
2056,58,384,1996-11
2057,240,384,1996-11
2058,340,384,1996-11
2059,374,384,1996-11
2060,379,384,1996-11
2061,566,384,1996-11
2062,58,389,1996-11
2063,240,389,1996-11
2064,374,389,1996-11
2065,379,389,1996-11
2066,566,389,1996-11
2067,43,247,1996-11
2068,58,247,1996-11
2069,340,247,1996-11
2070,379,247,1996-11
2071,566,247,1996-11
2072,43,246,1996-11
2073,58,246,1996-11
2074,340,246,1996-11
2075,374,246,1996-11
2076,566,246,1996-11
2077,121,48,1996-11
2078,174,48,1996-11
2079,379,48,1996-11
2080,470,48,1996-11
2081,566,48,1996-11
2082,58,375,1996-11
2083,121,375,1996-11
2084,347,375,1996-11
2085,379,375,1996-11
2086,470,375,1996-11
2087,566,375,1996-11
2088,58,379,1996-11
2089,121,379,1996-11
2090,379,379,1996-11
2091,470,379,1996-11
2092,566,379,1996-11
2093,58,381,1996-11
2094,174,381,1996-11
2095,347,381,1996-11
2096,379,381,1996-11
2097,470,381,1996-11
2098,566,381,1996-11
2099,58,394,1996-11
2100,347,394,1996-11
2101,379,394,1996-11
2102,470,394,1996-11
2103,566,394,1996-11
2104,43,225,1996-11
2105,58,225,1996-11
2106,174,225,1996-11
2107,240,225,1996-11
2108,347,225,1996-11
2109,569,225,1996-11
2110,5,299,1996-11
2111,43,299,1996-11
2112,174,299,1996-11
2113,240,299,1996-11
2114,569,299,1996-11
2115,5,305,1996-11
2116,43,305,1996-11
2117,58,305,1996-11
2118,174,305,1996-11
2119,347,305,1996-11
2120,5,297,1996-11
2121,43,297,1996-11
2122,174,297,1996-11
2123,240,297,1996-11
2124,347,297,1996-11
2125,43,224,1996-11
2126,58,224,1996-11
2127,174,224,1996-11
2128,240,224,1996-11
2129,347,224,1996-11
2130,43,223,1996-11
2131,58,223,1996-11
2132,174,223,1996-11
2133,240,223,1996-11
2134,340,223,1996-11
2135,379,223,1996-11
2136,470,223,1996-11
2137,43,189,1996-11
2138,174,189,1996-11
2139,240,189,1996-11
2140,340,189,1996-11
2141,379,189,1996-11
2142,470,189,1996-11
2143,43,241,1996-11
2144,58,241,1996-11
2145,240,241,1996-11
2146,379,241,1996-11
2147,470,241,1996-11
2148,58,385,1996-11
2149,240,385,1996-11
2150,340,385,1996-11
2151,379,385,1996-11
2152,470,385,1996-11
2153,43,232,1996-11
2154,58,232,1996-11
2155,174,232,1996-11
2156,340,232,1996-11
2157,379,232,1996-11
2158,470,232,1996-11
2159,43,203,1996-11
2160,174,203,1996-11
2161,340,203,1996-11
2162,379,203,1996-11
2163,470,203,1996-11
2164,43,197,1996-11
2165,174,197,1996-11
2166,240,197,1996-11
2167,379,197,1996-11
2168,470,197,1996-11
2169,43,222,1996-11
2170,58,222,1996-11
2171,174,222,1996-11
2172,240,222,1996-11
2173,340,222,1996-11
2174,379,222,1996-11
2175,43,188,1996-11
2176,174,188,1996-11
2177,240,188,1996-11
2178,340,188,1996-11
2179,379,188,1996-11
2180,43,231,1996-11
2181,58,231,1996-11
2182,174,231,1996-11
2183,340,231,1996-11
2184,379,231,1996-11
2185,43,235,1996-11
2186,58,235,1996-11
2187,240,235,1996-11
2188,340,235,1996-11
2189,379,235,1996-11
2190,43,227,1996-11
2191,58,227,1996-11
2192,174,227,1996-11
2193,340,227,1996-11
2194,347,227,1996-11
2195,373,227,1996-11
2196,566,227,1996-11
2197,43,250,1996-11
2198,58,250,1996-11
2199,347,250,1996-11
2200,373,250,1996-11
2201,566,250,1996-11
2202,43,230,1996-11
2203,58,230,1996-11
2204,174,230,1996-11
2205,340,230,1996-11
2206,347,230,1996-11
2207,566,230,1996-11
2208,43,245,1996-11
2209,58,245,1996-11
2210,340,245,1996-11
2211,373,245,1996-11
2212,566,245,1996-11
2213,43,199,1996-11
2214,174,199,1996-11
2215,340,199,1996-11
2216,347,199,1996-11
2217,373,199,1996-11
2218,566,199,1996-11
2219,43,202,1996-11
2220,174,202,1996-11
2221,340,202,1996-11
2222,373,202,1996-11
2223,566,202,1996-11
2224,43,200,1996-11
2225,174,200,1996-11
2226,340,200,1996-11
2227,347,200,1996-11
2228,566,200,1996-11
2229,43,226,1996-11
2230,58,226,1996-11
2231,174,226,1996-11
2232,340,226,1996-11
2233,347,226,1996-11
2234,5,296,1996-11
2235,43,296,1996-11
2236,121,296,1996-11
2237,240,296,1996-11
2238,470,296,1996-11
2239,43,178,1996-11
2240,121,178,1996-11
2241,240,178,1996-11
2242,347,178,1996-11
2243,470,178,1996-11
2244,5,303,1996-11
2245,43,303,1996-11
2246,240,303,1996-11
2247,347,303,1996-11
2248,470,303,1996-11
2249,58,380,1996-11
2250,174,380,1996-11
2251,240,380,1996-11
2252,347,380,1996-11
2253,566,380,1996-11
2254,58,370,1996-11
2255,121,370,1996-11
2256,240,370,1996-11
2257,347,370,1996-11
2258,566,370,1996-11
2259,58,367,1996-11
2260,121,367,1996-11
2261,174,367,1996-11
2262,347,367,1996-11
2263,566,367,1996-11
2264,43,191,1996-11
2265,174,191,1996-11
2266,240,191,1996-11
2267,340,191,1996-11
2268,566,191,1996-11
2269,569,191,1996-11
2270,43,190,1996-11
2271,174,190,1996-11
2272,240,190,1996-11
2273,340,190,1996-11
2274,566,190,1996-11
2275,43,187,1996-11
2276,174,187,1996-11
2277,240,187,1996-11
2278,340,187,1996-11
2279,374,187,1996-11
2280,569,187,1996-11
2281,43,192,1996-11
2282,174,192,1996-11
2283,240,192,1996-11
2284,340,192,1996-11
2285,569,192,1996-11
2286,43,238,1996-11
2287,58,238,1996-11
2288,240,238,1996-11
2289,347,238,1996-11
2290,373,238,1996-11
2291,470,238,1996-11
2292,43,209,1996-11
2293,240,209,1996-11
2294,347,209,1996-11
2295,373,209,1996-11
2296,470,209,1996-11
2297,5,304,1996-11
2298,43,304,1996-11
2299,240,304,1996-11
2300,470,304,1996-11
2301,566,304,1996-11
2302,43,242,1996-11
2303,58,242,1996-11
2304,240,242,1996-11
2305,470,242,1996-11
2306,566,242,1996-11
2307,5,310,1996-11
2308,58,310,1996-11
2309,240,310,1996-11
2310,470,310,1996-11
2311,566,310,1996-11
2312,5,308,1996-11
2313,43,308,1996-11
2314,58,308,1996-11
2315,470,308,1996-11
2316,566,308,1996-11
2317,58,387,1996-11
2318,240,387,1996-11
2319,347,387,1996-11
2320,470,387,1996-11
2321,566,387,1996-11
2322,569,387,1996-11
2323,58,386,1996-11
2324,240,386,1996-11
2325,347,386,1996-11
2326,470,386,1996-11
2327,566,386,1996-11
2328,43,243,1996-11
2329,58,243,1996-11
2330,340,243,1996-11
2331,347,243,1996-11
2332,569,243,1996-11
2333,5,306,1996-11
2334,43,306,1996-11
2335,58,306,1996-11
2336,340,306,1996-11
2337,347,306,1996-11
2338,5,307,1996-11
2339,43,307,1996-11
2340,58,307,1996-11
2341,347,307,1996-11
2342,569,307,1996-11
2343,58,382,1996-11
2344,240,382,1996-11
2345,340,382,1996-11
2346,347,382,1996-11
2347,374,382,1996-11
2348,58,369,1996-11
2349,121,369,1996-11
2350,240,369,1996-11
2351,347,369,1996-11
2352,374,369,1996-11
2353,58,368,1996-11
2354,121,368,1996-11
2355,240,368,1996-11
2356,340,368,1996-11
2357,374,368,1996-11
2358,43,217,1996-11
2359,340,217,1996-11
2360,374,217,1996-11
2361,470,217,1996-11
2362,569,217,1996-11
2363,43,236,1996-11
2364,58,236,1996-11
2365,240,236,1996-11
2366,340,236,1996-11
2367,569,236,1996-11
2368,43,198,1996-11
2369,174,198,1996-11
2370,240,198,1996-11
2371,379,198,1996-11
2372,569,198,1996-11
2373,174,116,1996-11
2374,340,116,1996-11
2375,379,116,1996-11
2376,470,116,1996-11
2377,569,116,1996-11
2378,5,313,1996-11
2379,58,313,1996-11
2380,373,313,1996-11
2381,470,313,1996-11
2382,566,313,1996-11
2383,43,233,1996-11
2384,58,233,1996-11
2385,174,233,1996-11
2386,347,233,1996-11
2387,470,233,1996-11
2388,150,104,1997-01
2389,179,104,1997-01
2390,270,104,1997-01
2391,302,104,1997-01
2392,521,104,1997-01
2393,150,105,1997-01
2394,270,105,1997-01
2395,302,105,1997-01
2396,451,105,1997-01
2397,521,105,1997-01
2398,33,142,1999-10
2399,199,142,1999-10
2400,208,142,1999-10
2401,268,142,1999-10
2402,535,142,1999-10
2403,199,132,1999-10
2404,201,132,1999-10
2405,268,132,1999-10
2406,535,132,1999-10
2407,597,132,1999-10
2408,199,131,1999-10
2409,201,131,1999-10
2410,268,131,1999-10
2411,412,131,1999-10
2412,597,131,1999-10
2413,19,127,2000-08
2414,57,127,2000-08
2415,265,127,2000-08
2416,294,127,2000-08
2417,469,127,2000-08
2418,19,126,2000-08
2419,27,126,2000-08
2420,57,126,2000-08
2421,294,126,2000-08
2422,469,126,2000-08
2423,39,169,2000-11
2424,195,169,2000-11
2425,202,169,2000-11
2426,290,169,2000-11
2427,450,169,2000-11
2428,39,170,2000-11
2429,79,170,2000-11
2430,195,170,2000-11
2431,202,170,2000-11
2432,290,170,2000-11
2433,39,171,2000-11
2434,79,171,2000-11
2435,202,171,2000-11
2436,290,171,2000-11
2437,450,171,2000-11
2438,79,406,2000-11
2439,202,406,2000-11
2440,244,406,2000-11
2441,292,406,2000-11
2442,450,406,2000-11
2443,195,130,2000-11
2444,202,130,2000-11
2445,290,130,2000-11
2446,450,130,2000-11
2447,474,130,2000-11
2448,39,168,2000-11
2449,195,168,2000-11
2450,202,168,2000-11
2451,244,168,2000-11
2452,290,168,2000-11
2453,105,11,2015-11
2454,123,11,2015-11
2455,227,11,2015-11
2456,241,11,2015-11
2457,256,11,2015-11
2458,298,11,2015-11
2459,581,11,2015-11
2460,105,14,2015-11
2461,123,14,2015-11
2462,227,14,2015-11
2463,256,14,2015-11
2464,298,14,2015-11
2465,582,14,2015-11
2466,105,13,2015-11
2467,123,13,2015-11
2468,227,13,2015-11
2469,256,13,2015-11
2470,298,13,2015-11
2471,105,7,2015-11
2472,123,7,2015-11
2473,227,7,2015-11
2474,233,7,2015-11
2475,241,7,2015-11
2476,298,7,2015-11
2477,105,6,2015-11
2478,123,6,2015-11
2479,227,6,2015-11
2480,233,6,2015-11
2481,241,6,2015-11
2482,256,6,2015-11
2483,105,10,2015-11
2484,123,10,2015-11
2485,227,10,2015-11
2486,241,10,2015-11
2487,256,10,2015-11
2488,105,5,2015-11
2489,123,5,2015-11
2490,227,5,2015-11
2491,233,5,2015-11
2492,241,5,2015-11
2493,105,9,2015-11
2494,123,9,2015-11
2495,227,9,2015-11
2496,233,9,2015-11
2497,298,9,2015-11
2498,581,9,2015-11
2499,105,8,2015-11
2500,123,8,2015-11
2501,227,8,2015-11
2502,233,8,2015-11
2503,298,8,2015-11
2504,105,22,2015-11
2505,123,22,2015-11
2506,233,22,2015-11
2507,298,22,2015-11
2508,581,22,2015-11
2509,105,21,2015-11
2510,123,21,2015-11
2511,233,21,2015-11
2512,241,21,2015-11
2513,256,21,2015-11
2514,105,18,2015-11
2515,123,18,2015-11
2516,227,18,2015-11
2517,298,18,2015-11
2518,581,18,2015-11
2519,582,18,2015-11
2520,105,25,2015-11
2521,123,25,2015-11
2522,298,25,2015-11
2523,581,25,2015-11
2524,582,25,2015-11
2525,105,16,2015-11
2526,123,16,2015-11
2527,227,16,2015-11
2528,256,16,2015-11
2529,581,16,2015-11
2530,582,16,2015-11
2531,105,17,2015-11
2532,123,17,2015-11
2533,227,17,2015-11
2534,256,17,2015-11
2535,582,17,2015-11
2536,105,20,2015-11
2537,123,20,2015-11
2538,227,20,2015-11
2539,581,20,2015-11
2540,582,20,2015-11
2541,105,24,2015-11
2542,123,24,2015-11
2543,241,24,2015-11
2544,298,24,2015-11
2545,581,24,2015-11
2546,105,12,2015-11
2547,123,12,2015-11
2548,227,12,2015-11
2549,241,12,2015-11
2550,298,12,2015-11
2551,105,26,2015-11
2552,227,26,2015-11
2553,233,26,2015-11
2554,241,26,2015-11
2555,581,26,2015-11
2556,123,57,2015-11
2557,227,57,2015-11
2558,256,57,2015-11
2559,298,57,2015-11
2560,582,57,2015-11
2561,105,27,2015-11
2562,233,27,2015-11
2563,241,27,2015-11
2564,256,27,2015-11
2565,581,27,2015-11
2566,105,29,2015-11
2567,241,29,2015-11
2568,298,29,2015-11
2569,581,29,2015-11
2570,582,29,2015-11
2571,105,19,2015-11
2572,123,19,2015-11
2573,227,19,2015-11
2574,298,19,2015-11
2575,582,19,2015-11
2576,105,28,2015-11
2577,241,28,2015-11
2578,256,28,2015-11
2579,581,28,2015-11
2580,582,28,2015-11
2581,105,23,2015-11
2582,123,23,2015-11
2583,241,23,2015-11
2584,256,23,2015-11
2585,582,23,2015-11
2586,105,15,2015-11
2587,123,15,2015-11
2588,227,15,2015-11
2589,256,15,2015-11
2590,581,15,2015-11
2591,122,54,2016-04
2592,305,54,2016-04
2593,319,54,2016-04
2594,339,54,2016-04
2595,418,54,2016-04
2596,534,54,2016-04
2597,122,56,2016-04
2598,305,56,2016-04
2599,339,56,2016-04
2600,418,56,2016-04
2601,534,56,2016-04
2602,122,52,2016-04
2603,196,52,2016-04
2604,305,52,2016-04
2605,319,52,2016-04
2606,534,52,2016-04
2607,122,53,2016-04
2608,305,53,2016-04
2609,319,53,2016-04
2610,339,53,2016-04
2611,418,53,2016-04
2612,122,55,2016-04
2613,305,55,2016-04
2614,319,55,2016-04
2615,339,55,2016-04
2616,534,55,2016-04
2617,52,314,2016-07
2618,106,314,2016-07
2619,247,314,2016-07
2620,408,314,2016-07
2621,560,314,2016-07
2622,25,138,2018-08
2623,77,138,2018-08
2624,248,138,2018-08
2625,514,138,2018-08
2626,596,138,2018-08
