,user_id,group_id,period
0,81,1235,1996
1,126,1235,1996
2,235,1235,1996
3,314,1235,1996
4,394,1235,1996
5,81,1233,1996
6,117,1233,1996
7,126,1233,1996
8,136,1233,1996
9,411,1233,1996
10,436,1233,1996
11,584,1233,1996
12,602,1233,1996
13,40,913,1996
14,81,913,1996
15,126,913,1996
16,373,913,1996
17,446,913,1996
18,485,913,1996
19,566,913,1996
20,588,913,1996
21,81,1234,1996
22,126,1234,1996
23,14,118,1996
24,58,118,1996
25,117,118,1996
26,379,118,1996
27,602,118,1996
28,604,118,1996
29,40,914,1996
30,94,914,1996
31,373,914,1996
32,541,914,1996
33,40,908,1996
34,117,908,1996
35,373,908,1996
36,602,908,1996
37,94,1295,1996
38,126,1295,1996
39,386,1295,1996
40,541,1295,1996
41,117,46,1996
42,126,46,1996
43,468,46,1996
44,584,46,1996
45,117,47,1996
46,126,47,1996
47,584,47,1996
48,6,1160,1996
49,94,1160,1996
50,117,1160,1996
51,541,1160,1996
52,126,58,1996
53,136,58,1996
54,145,58,1996
55,314,58,1996
56,394,58,1996
57,436,58,1996
58,498,58,1996
59,126,64,1996
60,191,64,1996
61,314,64,1996
62,394,64,1996
63,588,64,1996
64,126,67,1996
65,314,67,1996
66,394,67,1996
67,126,62,1996
68,136,62,1996
69,436,62,1996
70,588,62,1996
71,126,61,1996
72,136,61,1996
73,436,61,1996
74,38,852,1996
75,94,852,1996
76,235,852,1996
77,373,852,1996
78,94,1292,1996
79,121,1292,1996
80,373,1292,1996
81,559,1292,1996
82,94,1308,1996
83,455,1308,1996
84,14,112,1996
85,314,112,1996
86,191,377,1996
87,314,377,1996
88,386,377,1996
89,446,377,1996
90,126,60,1996
91,136,60,1996
92,314,60,1996
93,379,60,1996
94,6,1145,1996
95,126,1145,1996
96,126,59,1996
97,136,59,1996
98,314,59,1996
99,126,66,1996
100,314,66,1996
101,126,57,1996
102,136,57,1996
103,14,119,1996
104,81,119,1996
105,379,119,1996
106,411,119,1996
107,38,848,1996
108,81,848,1996
109,373,848,1996
110,386,848,1996
111,541,848,1996
112,588,848,1996
113,81,1240,1996
114,373,1240,1996
115,411,1240,1996
116,588,1240,1996
117,81,1244,1996
118,411,1244,1996
119,81,1241,1996
120,373,1241,1996
121,588,1241,1996
122,14,113,1996
123,373,113,1996
124,379,113,1996
125,541,113,1996
126,14,114,1996
127,379,114,1996
128,386,881,1996
129,541,881,1996
130,58,1127,1996
131,109,1127,1996
132,373,818,1996
133,386,818,1996
134,524,818,1996
135,373,821,1996
136,444,821,1996
137,38,834,1996
138,191,834,1996
139,524,834,1996
140,117,50,1996
141,136,50,1996
142,584,50,1996
143,602,50,1996
144,117,53,1996
145,602,53,1996
146,117,52,1996
147,584,52,1996
148,58,1130,1996
149,126,1130,1996
150,38,851,1996
151,94,851,1996
152,126,851,1996
153,485,851,1996
154,588,851,1996
155,126,69,1996
156,485,69,1996
157,588,69,1996
158,94,1294,1996
159,126,1294,1996
160,133,1294,1996
161,94,1293,1996
162,126,1293,1996
163,126,70,1996
164,588,70,1996
165,38,845,1996
166,588,845,1996
167,81,1239,1996
168,314,1239,1996
169,446,1239,1996
170,81,1238,1996
171,314,1238,1996
172,81,1245,1996
173,446,1245,1996
174,5,1034,1996
175,314,1034,1996
176,26,562,1996
177,38,562,1996
178,314,562,1996
179,386,562,1996
180,446,562,1996
181,566,562,1996
182,446,973,1996
183,566,973,1996
184,385,869,1996
185,386,869,1996
186,38,842,1996
187,559,842,1996
188,38,838,1996
189,386,838,1996
190,58,1129,1996
191,117,1129,1996
192,136,1129,1996
193,94,1306,1996
194,373,1306,1996
195,386,1306,1996
196,117,49,1996
197,136,49,1996
198,373,49,1996
199,58,1139,1996
200,94,1139,1996
201,117,1139,1996
202,121,1139,1996
203,373,1139,1996
204,58,1128,1996
205,117,1128,1996
206,117,51,1996
207,373,51,1996
208,94,1290,1996
209,117,1290,1996
210,386,1290,1996
211,94,1289,1996
212,117,1289,1996
213,94,1291,1996
214,121,1291,1996
215,373,1291,1996
216,94,1305,1996
217,373,1305,1996
218,117,48,1996
219,136,48,1996
220,58,1138,1996
221,94,1138,1996
222,373,824,1996
223,468,824,1996
224,99,1327,1996
225,353,1327,1996
226,373,1327,1996
227,559,1327,1996
228,136,93,1996
229,314,93,1996
230,604,93,1996
231,136,99,1996
232,446,99,1996
233,136,89,1996
234,181,89,1996
235,314,89,1996
236,136,92,1996
237,314,92,1996
238,181,244,1996
239,314,244,1996
240,446,244,1996
241,181,243,1996
242,314,243,1996
243,314,741,1996
244,386,741,1996
245,446,741,1996
246,314,744,1996
247,446,744,1996
248,94,1302,1996
249,314,1302,1996
250,386,1302,1996
251,588,1302,1996
252,94,1297,1996
253,133,1297,1996
254,386,1297,1996
255,314,745,1996
256,588,745,1996
257,94,1298,1996
258,133,1298,1996
259,588,1298,1996
260,94,1312,1996
261,588,1312,1996
262,94,1296,1996
263,133,1296,1996
264,94,1307,1996
265,386,1307,1996
266,99,1324,1996
267,181,1324,1996
268,373,1324,1996
269,58,1136,1996
270,536,1136,1996
271,58,1132,1996
272,373,1132,1996
273,386,1132,1996
274,373,817,1996
275,386,817,1996
276,99,1330,1996
277,373,1330,1996
278,99,1322,1996
279,136,1322,1996
280,588,1322,1996
281,136,102,1996
282,588,102,1996
283,102,10,1996
284,386,10,1996
285,386,882,1996
286,559,882,1996
287,99,1329,1996
288,353,1329,1996
289,559,1329,1996
290,136,95,1996
291,353,95,1996
292,386,95,1996
293,136,97,1996
294,386,97,1996
295,99,1331,1996
296,386,1331,1996
297,14,116,1996
298,386,116,1996
299,565,116,1996
300,14,117,1996
301,386,117,1996
302,588,117,1996
303,14,115,1996
304,386,115,1996
305,536,1069,1996
306,588,1069,1996
307,181,251,1996
308,386,251,1996
309,536,251,1996
310,436,965,1996
311,584,965,1996
312,6,1159,1996
313,584,1159,1996
314,99,1332,1996
315,436,1332,1996
316,314,740,1996
317,386,740,1996
318,394,740,1996
319,314,742,1996
320,394,742,1996
321,133,83,1996
322,314,83,1996
323,386,83,1996
324,81,1237,1996
325,235,1237,1996
326,181,242,1996
327,235,242,1996
328,81,1236,1996
329,181,1236,1996
330,386,879,1996
331,524,879,1996
332,588,879,1996
333,386,878,1996
334,524,878,1996
335,284,626,1996
336,386,626,1996
337,588,626,1996
338,386,884,1996
339,588,884,1996
340,386,883,1996
341,566,883,1996
342,181,250,1996
343,386,250,1996
344,386,877,1996
345,501,877,1996
346,38,833,1996
347,181,833,1996
348,373,833,1996
349,38,836,1996
350,373,836,1996
351,541,836,1996
352,373,827,1996
353,541,827,1996
354,38,835,1996
355,373,835,1996
356,38,832,1996
357,136,832,1996
358,40,911,1996
359,373,911,1996
360,446,911,1996
361,524,911,1996
362,40,910,1996
363,373,910,1996
364,446,910,1996
365,373,825,1996
366,524,825,1996
367,284,627,1996
368,524,627,1996
369,5,1035,1996
370,446,1035,1996
371,38,837,1996
372,385,837,1996
373,446,837,1996
374,349,783,1996
375,468,783,1996
376,133,85,1996
377,386,85,1996
378,468,85,1996
379,133,84,1996
380,386,84,1996
381,126,65,1996
382,235,65,1996
383,394,65,1996
384,126,68,1996
385,394,68,1996
386,126,63,1996
387,170,63,1996
388,99,1323,1996
389,174,1323,1996
390,99,1328,1996
391,353,1328,1996
392,429,1328,1996
393,99,1326,1996
394,353,1326,1996
395,468,997,1996
396,566,997,1996
397,602,997,1996
398,121,54,1996
399,602,54,1996
400,58,1133,1996
401,373,1133,1996
402,559,1133,1996
403,373,823,1996
404,455,823,1996
405,559,823,1996
406,58,1131,1996
407,373,1131,1996
408,373,820,1996
409,436,820,1996
410,6,1153,1996
411,373,1153,1996
412,559,1153,1996
413,181,248,1996
414,373,248,1996
415,559,248,1996
416,6,1156,1996
417,436,1156,1996
418,373,828,1996
419,559,828,1996
420,58,1134,1996
421,411,1134,1996
422,512,1134,1996
423,602,1134,1996
424,411,926,1996
425,602,926,1996
426,58,1137,1996
427,602,1137,1996
428,38,840,1996
429,411,840,1996
430,38,844,1996
431,58,844,1996
432,81,1243,1996
433,394,1243,1996
434,588,1243,1996
435,81,1242,1996
436,394,1242,1996
437,394,898,1996
438,588,898,1996
439,81,1247,1996
440,588,1247,1996
441,6,1152,1996
442,373,1152,1996
443,379,1152,1996
444,6,1148,1996
445,181,1148,1996
446,379,1148,1996
447,6,1154,1996
448,379,1154,1996
449,6,1147,1996
450,181,1147,1996
451,373,1147,1996
452,6,1151,1996
453,373,1151,1996
454,94,1300,1996
455,191,1300,1996
456,94,1311,1996
457,584,1311,1996
458,94,1304,1996
459,353,1304,1996
460,191,382,1996
461,584,382,1996
462,191,378,1996
463,353,378,1996
464,353,793,1996
465,584,793,1996
466,136,91,1996
467,191,91,1996
468,191,379,1996
469,373,379,1996
470,284,625,1996
471,373,625,1996
472,314,738,1996
473,379,738,1996
474,379,830,1996
475,386,830,1996
476,314,739,1996
477,386,739,1996
478,136,90,1996
479,181,90,1996
480,373,90,1996
481,373,819,1996
482,395,819,1996
483,38,839,1996
484,40,839,1996
485,446,839,1996
486,40,912,1996
487,446,912,1996
488,38,841,1996
489,446,841,1996
490,314,743,1996
491,411,743,1996
492,6,1157,1996
493,486,1157,1996
494,6,1150,1996
495,314,1150,1996
496,411,925,1996
497,566,925,1996
498,181,246,1996
499,353,246,1996
500,373,246,1996
501,170,220,1996
502,181,220,1996
503,181,245,1996
504,353,245,1996
505,94,1299,1996
506,181,1299,1996
507,94,1309,1996
508,536,1309,1996
509,5,1033,1996
510,181,1033,1996
511,181,255,1996
512,536,255,1996
513,541,1070,1996
514,559,1070,1996
515,353,791,1996
516,436,791,1996
517,386,875,1996
518,485,875,1996
519,109,18,1996
520,386,18,1996
521,385,872,1996
522,559,872,1996
523,181,253,1996
524,436,253,1996
525,559,253,1996
526,181,256,1996
527,559,256,1996
528,181,254,1996
529,446,254,1996
530,181,259,1996
531,592,259,1996
532,373,822,1996
533,446,822,1996
534,181,247,1996
535,373,247,1996
536,94,1303,1996
537,314,1303,1996
538,541,1303,1996
539,94,1310,1996
540,541,1310,1996
541,94,1301,1996
542,314,1301,1996
543,191,376,1996
544,314,376,1996
545,191,381,1996
546,468,381,1996
547,436,964,1996
548,559,964,1996
549,235,548,1996
550,566,548,1996
551,385,873,1996
552,566,873,1996
553,353,790,1996
554,411,790,1996
555,353,792,1996
556,559,792,1996
557,446,974,1996
558,602,974,1996
559,191,380,1996
560,386,380,1996
561,386,880,1996
562,536,880,1996
563,99,1325,1996
564,191,1325,1996
565,6,1161,1996
566,99,1161,1996
567,6,1149,1996
568,191,1149,1996
569,102,8,1996
570,109,8,1996
571,102,9,1996
572,136,9,1996
573,136,100,1996
574,524,100,1996
575,38,849,1996
576,81,849,1996
577,566,849,1996
578,81,1246,1996
579,566,1246,1996
580,38,847,1996
581,81,847,1996
582,38,843,1996
583,566,843,1996
584,235,547,1996
585,314,547,1996
586,602,547,1996
587,235,546,1996
588,314,546,1996
589,181,252,1996
590,411,252,1996
591,385,870,1996
592,411,870,1996
593,181,249,1996
594,385,249,1996
595,109,17,1996
596,136,17,1996
597,373,826,1996
598,536,826,1996
599,541,1071,1996
600,602,1071,1996
601,385,871,1996
602,541,871,1996
603,566,1077,1996
604,602,1077,1996
605,181,257,1996
606,566,257,1996
607,136,94,1996
608,353,94,1996
609,136,96,1996
610,373,96,1996
611,353,789,1996
612,373,789,1996
613,94,1313,1996
614,602,1313,1996
615,38,850,1996
616,94,850,1996
617,38,846,1996
618,602,846,1996
619,136,103,1996
620,602,103,1996
621,314,737,1996
622,373,737,1996
623,6,1155,1996
624,411,1155,1996
625,385,874,1996
626,602,874,1996
627,386,876,1996
628,486,876,1996
629,40,907,1996
630,109,907,1996
631,181,258,1996
632,588,258,1996
633,136,101,1996
634,559,101,1996
635,40,909,1996
636,373,909,1996
637,58,1135,1996
638,436,1135,1996
639,181,241,1996
640,191,241,1996
641,136,98,1996
642,411,98,1996
643,373,816,1996
644,379,816,1996
645,136,88,1996
646,181,88,1996
647,6,1158,1996
648,541,1158,1996
649,314,736,1996
650,353,736,1996
651,130,71,1996
652,394,71,1996
653,6,1146,1996
654,181,1146,1996
655,38,831,1996
656,117,831,1996
657,524,1063,1996
658,566,1063,1996
659,84,1254,1997
660,270,1254,1997
661,437,1254,1997
662,270,582,1997
663,437,582,1997
664,297,673,1998
665,481,673,1998
666,263,564,1999
667,266,564,1999
668,263,566,1999
669,597,566,1999
670,4,904,1999
671,263,904,1999
672,266,574,1999
673,412,574,1999
674,199,391,1999
675,201,391,1999
676,4,903,1999
677,199,903,1999
678,266,573,1999
679,268,573,1999
680,199,395,1999
681,597,395,1999
682,266,575,1999
683,597,575,1999
684,236,549,1999
685,597,549,1999
686,199,392,1999
687,268,392,1999
688,263,565,1999
689,535,565,1999
690,199,394,1999
691,577,394,1999
692,208,417,1999
693,263,417,1999
694,554,1075,1999
695,577,1075,1999
696,115,36,2000
697,160,36,2000
698,469,36,2000
699,19,345,2000
700,57,345,2000
701,160,345,2000
702,217,345,2000
703,414,345,2000
704,115,35,2000
705,160,35,2000
706,244,35,2000
707,57,1081,2000
708,115,1081,2000
709,294,1081,2000
710,160,178,2000
711,244,178,2000
712,288,178,2000
713,19,358,2000
714,57,358,2000
715,217,358,2000
716,469,358,2000
717,160,174,2000
718,217,174,2000
719,414,174,2000
720,469,174,2000
721,19,354,2000
722,57,354,2000
723,217,354,2000
724,294,354,2000
725,414,354,2000
726,19,348,2000
727,57,348,2000
728,160,348,2000
729,294,348,2000
730,57,1087,2000
731,160,1087,2000
732,265,1087,2000
733,288,1087,2000
734,57,1088,2000
735,160,1088,2000
736,265,1088,2000
737,294,1088,2000
738,57,1119,2000
739,414,1119,2000
740,546,1119,2000
741,19,350,2000
742,57,350,2000
743,160,350,2000
744,368,350,2000
745,414,350,2000
746,160,163,2000
747,216,163,2000
748,469,163,2000
749,19,351,2000
750,57,351,2000
751,160,351,2000
752,414,351,2000
753,19,361,2000
754,57,361,2000
755,294,361,2000
756,414,361,2000
757,19,356,2000
758,57,356,2000
759,217,356,2000
760,368,356,2000
761,414,356,2000
762,57,1104,2000
763,217,1104,2000
764,603,1104,2000
765,19,366,2000
766,57,366,2000
767,368,366,2000
768,474,366,2000
769,57,1110,2000
770,294,1110,2000
771,368,1110,2000
772,474,1110,2000
773,57,1116,2000
774,368,1116,2000
775,474,1116,2000
776,19,370,2000
777,57,370,2000
778,474,370,2000
779,57,1122,2000
780,474,1122,2000
781,19,360,2000
782,57,360,2000
783,294,360,2000
784,368,360,2000
785,19,344,2000
786,57,344,2000
787,160,344,2000
788,217,344,2000
789,368,344,2000
790,19,349,2000
791,57,349,2000
792,160,349,2000
793,368,349,2000
794,19,355,2000
795,57,355,2000
796,217,355,2000
797,368,355,2000
798,57,1084,2000
799,160,1084,2000
800,217,1084,2000
801,368,1084,2000
802,19,299,2000
803,199,299,2000
804,368,299,2000
805,469,299,2000
806,19,364,2000
807,57,364,2000
808,368,364,2000
809,414,364,2000
810,469,364,2000
811,19,368,2000
812,57,368,2000
813,414,368,2000
814,469,368,2000
815,19,365,2000
816,57,365,2000
817,368,365,2000
818,469,365,2000
819,19,323,2000
820,368,323,2000
821,414,323,2000
822,469,323,2000
823,19,327,2000
824,414,327,2000
825,469,327,2000
826,197,386,2000
827,217,386,2000
828,414,386,2000
829,156,148,2000
830,294,148,2000
831,603,148,2000
832,19,309,2000
833,244,309,2000
834,57,1091,2000
835,160,1091,2000
836,294,1091,2000
837,368,1091,2000
838,603,1091,2000
839,57,1111,2000
840,294,1111,2000
841,368,1111,2000
842,603,1111,2000
843,160,166,2000
844,217,166,2000
845,288,166,2000
846,368,166,2000
847,469,166,2000
848,160,184,2000
849,288,184,2000
850,368,184,2000
851,469,184,2000
852,160,160,2000
853,202,160,2000
854,288,160,2000
855,469,160,2000
856,160,168,2000
857,217,168,2000
858,288,168,2000
859,469,168,2000
860,160,175,2000
861,217,175,2000
862,469,175,2000
863,294,668,2000
864,414,668,2000
865,469,668,2000
866,288,649,2000
867,414,649,2000
868,469,649,2000
869,288,652,2000
870,469,652,2000
871,603,652,2000
872,368,807,2000
873,414,807,2000
874,546,807,2000
875,160,183,2000
876,288,183,2000
877,368,183,2000
878,414,183,2000
879,414,936,2000
880,546,936,2000
881,160,159,2000
882,202,159,2000
883,288,159,2000
884,368,159,2000
885,160,158,2000
886,202,158,2000
887,288,158,2000
888,160,167,2000
889,217,167,2000
890,288,167,2000
891,368,167,2000
892,546,167,2000
893,160,165,2000
894,217,165,2000
895,288,165,2000
896,368,165,2000
897,160,185,2000
898,288,185,2000
899,368,185,2000
900,546,185,2000
901,368,812,2000
902,546,812,2000
903,160,200,2000
904,465,200,2000
905,19,287,2000
906,160,287,2000
907,288,287,2000
908,294,287,2000
909,160,186,2000
910,288,186,2000
911,469,186,2000
912,288,640,2000
913,294,640,2000
914,469,640,2000
915,474,1010,2000
916,546,1010,2000
917,265,569,2000
918,288,569,2000
919,19,341,2000
920,57,341,2000
921,115,341,2000
922,160,341,2000
923,115,34,2000
924,160,34,2000
925,57,1080,2000
926,115,1080,2000
927,19,346,2000
928,57,346,2000
929,160,346,2000
930,265,346,2000
931,57,1086,2000
932,160,1086,2000
933,265,1086,2000
934,19,375,2000
935,96,375,2000
936,217,375,2000
937,19,291,2000
938,160,291,2000
939,368,291,2000
940,414,291,2000
941,27,581,2000
942,57,581,2000
943,414,581,2000
944,57,1114,2000
945,368,1114,2000
946,414,1114,2000
947,469,1114,2000
948,57,1118,2000
949,414,1118,2000
950,469,1118,2000
951,368,806,2000
952,414,806,2000
953,469,806,2000
954,27,580,2000
955,469,580,2000
956,19,293,2000
957,160,293,2000
958,453,293,2000
959,217,441,2000
960,414,441,2000
961,469,441,2000
962,202,414,2000
963,217,414,2000
964,469,414,2000
965,19,357,2000
966,57,357,2000
967,217,357,2000
968,414,357,2000
969,57,1103,2000
970,217,1103,2000
971,414,1103,2000
972,160,181,2000
973,265,181,2000
974,368,181,2000
975,57,1093,2000
976,160,1093,2000
977,368,1093,2000
978,414,1093,2000
979,57,1095,2000
980,160,1095,2000
981,414,1095,2000
982,45,988,2000
983,368,988,2000
984,19,285,2000
985,160,285,2000
986,265,285,2000
987,160,179,2000
988,244,179,2000
989,368,179,2000
990,57,1085,2000
991,160,1085,2000
992,244,1085,2000
993,19,301,2000
994,217,301,2000
995,292,301,2000
996,57,1109,2000
997,294,1109,2000
998,368,1109,2000
999,57,1115,2000
1000,368,1115,2000
1001,469,1115,2000
1002,45,991,2000
1003,57,991,2000
1004,294,991,2000
1005,160,193,2000
1006,368,193,2000
1007,469,193,2000
1008,19,333,2000
1009,45,333,2000
1010,217,333,2000
1011,294,333,2000
1012,57,1123,2000
1013,571,1123,2000
1014,96,1315,2000
1015,160,1315,2000
1016,217,1315,2000
1017,96,1316,2000
1018,217,1316,2000
1019,19,284,2000
1020,160,284,2000
1021,217,284,2000
1022,294,284,2000
1023,19,347,2000
1024,57,347,2000
1025,160,347,2000
1026,288,347,2000
1027,57,1089,2000
1028,160,1089,2000
1029,288,1089,2000
1030,19,305,2000
1031,217,305,2000
1032,368,305,2000
1033,469,305,2000
1034,217,439,2000
1035,368,439,2000
1036,469,439,2000
1037,19,307,2000
1038,217,307,2000
1039,469,307,2000
1040,19,304,2000
1041,217,304,2000
1042,368,304,2000
1043,288,641,2000
1044,294,641,2000
1045,603,641,2000
1046,19,343,2000
1047,57,343,2000
1048,160,343,2000
1049,217,343,2000
1050,57,1083,2000
1051,160,1083,2000
1052,217,1083,2000
1053,19,289,2000
1054,160,289,2000
1055,294,289,2000
1056,469,289,2000
1057,19,280,2000
1058,115,280,2000
1059,294,280,2000
1060,115,42,2000
1061,294,42,2000
1062,368,42,2000
1063,115,41,2000
1064,294,41,2000
1065,19,296,2000
1066,160,296,2000
1067,603,296,2000
1068,19,320,2000
1069,294,320,2000
1070,603,320,2000
1071,160,176,2000
1072,217,176,2000
1073,603,176,2000
1074,160,172,2000
1075,217,172,2000
1076,368,172,2000
1077,414,172,2000
1078,160,173,2000
1079,217,173,2000
1080,414,173,2000
1081,288,639,2000
1082,294,639,2000
1083,414,639,2000
1084,19,318,2000
1085,294,318,2000
1086,368,318,2000
1087,414,318,2000
1088,45,987,2000
1089,294,987,2000
1090,603,987,2000
1091,160,169,2000
1092,217,169,2000
1093,288,169,2000
1094,546,169,2000
1095,217,445,2000
1096,546,445,2000
1097,160,187,2000
1098,288,187,2000
1099,546,187,2000
1100,288,655,2000
1101,546,655,2000
1102,294,669,2000
1103,414,669,2000
1104,603,669,2000
1105,368,808,2000
1106,414,808,2000
1107,603,808,2000
1108,19,278,2000
1109,101,278,2000
1110,160,278,2000
1111,101,6,2000
1112,414,6,2000
1113,19,352,2000
1114,57,352,2000
1115,160,352,2000
1116,469,352,2000
1117,19,369,2000
1118,57,369,2000
1119,469,369,2000
1120,19,342,2000
1121,57,342,2000
1122,160,342,2000
1123,19,308,2000
1124,217,308,2000
1125,603,308,2000
1126,19,303,2000
1127,217,303,2000
1128,294,303,2000
1129,414,303,2000
1130,19,283,2000
1131,160,283,2000
1132,217,283,2000
1133,288,283,2000
1134,19,282,2000
1135,160,282,2000
1136,217,282,2000
1137,160,164,2000
1138,217,164,2000
1139,288,164,2000
1140,57,1094,2000
1141,160,1094,2000
1142,368,1094,2000
1143,603,1094,2000
1144,57,1117,2000
1145,368,1117,2000
1146,603,1117,2000
1147,160,194,2000
1148,368,194,2000
1149,603,194,2000
1150,19,363,2000
1151,57,363,2000
1152,368,363,2000
1153,414,363,2000
1154,19,362,2000
1155,57,362,2000
1156,368,362,2000
1157,57,1113,2000
1158,368,1113,2000
1159,414,1113,2000
1160,160,189,2000
1161,294,189,2000
1162,368,189,2000
1163,414,189,2000
1164,57,1100,2000
1165,216,1100,2000
1166,59,1142,2000
1167,603,1142,2000
1168,217,442,2000
1169,414,442,2000
1170,474,442,2000
1171,140,120,2000
1172,414,120,2000
1173,217,435,2000
1174,294,435,2000
1175,368,435,2000
1176,57,1106,2000
1177,265,1106,2000
1178,603,1106,2000
1179,57,1102,2000
1180,217,1102,2000
1181,368,1102,2000
1182,19,292,2000
1183,160,292,2000
1184,414,292,2000
1185,115,37,2000
1186,217,37,2000
1187,265,570,2000
1188,368,570,2000
1189,217,443,2000
1190,414,443,2000
1191,603,443,2000
1192,19,286,2000
1193,160,286,2000
1194,288,286,2000
1195,292,662,2000
1196,546,662,2000
1197,57,1099,2000
1198,197,1099,2000
1199,160,170,2000
1200,217,170,2000
1201,294,170,2000
1202,19,316,2000
1203,290,316,2000
1204,414,316,2000
1205,197,385,2000
1206,217,385,2000
1207,217,432,2000
1208,245,432,2000
1209,19,310,2000
1210,245,310,2000
1211,160,191,2000
1212,294,191,2000
1213,603,191,2000
1214,19,359,2000
1215,57,359,2000
1216,294,359,2000
1217,368,811,2000
1218,474,811,2000
1219,288,653,2000
1220,474,653,2000
1221,115,40,2000
1222,288,40,2000
1223,19,279,2000
1224,115,279,2000
1225,57,1098,2000
1226,160,1098,2000
1227,469,1098,2000
1228,57,1096,2000
1229,160,1096,2000
1230,430,1096,2000
1231,57,1092,2000
1232,160,1092,2000
1233,368,1092,2000
1234,288,645,2000
1235,368,645,2000
1236,414,645,2000
1237,19,324,2000
1238,368,324,2000
1239,469,324,2000
1240,19,294,2000
1241,160,294,2000
1242,469,294,2000
1243,19,338,2000
1244,469,338,2000
1245,57,1082,2000
1246,156,1082,2000
1247,217,437,2000
1248,294,437,2000
1249,469,437,2000
1250,217,438,2000
1251,368,438,2000
1252,414,438,2000
1253,160,182,2000
1254,288,182,2000
1255,368,182,2000
1256,19,295,2000
1257,160,295,2000
1258,571,295,2000
1259,288,647,2000
1260,368,647,2000
1261,571,647,2000
1262,160,188,2000
1263,294,188,2000
1264,368,188,2000
1265,244,552,2000
1266,368,552,2000
1267,19,335,2000
1268,45,335,2000
1269,414,335,2000
1270,57,1090,2000
1271,160,1090,2000
1272,294,1090,2000
1273,160,196,2000
1274,414,196,2000
1275,469,196,2000
1276,414,932,2000
1277,469,932,2000
1278,156,145,2000
1279,217,145,2000
1280,294,145,2000
1281,156,147,2000
1282,294,147,2000
1283,156,144,2000
1284,217,144,2000
1285,1,2,2000
1286,414,2,2000
1287,57,1097,2000
1288,160,1097,2000
1289,453,1097,2000
1290,160,199,2000
1291,453,199,2000
1292,57,1120,2000
1293,453,1120,2000
1294,19,319,2000
1295,294,319,2000
1296,414,319,2000
1297,160,161,2000
1298,202,161,2000
1299,469,161,2000
1300,160,157,2000
1301,202,157,2000
1302,160,201,2000
1303,469,201,2000
1304,45,992,2000
1305,603,992,2000
1306,160,207,2000
1307,603,207,2000
1308,607,207,2000
1309,115,38,2000
1310,244,38,2000
1311,160,190,2000
1312,294,190,2000
1313,414,190,2000
1314,19,353,2000
1315,57,353,2000
1316,217,353,2000
1317,19,313,2000
1318,288,313,2000
1319,294,313,2000
1320,19,372,2000
1321,587,372,2000
1322,409,916,2000
1323,414,916,2000
1324,217,434,2000
1325,288,434,2000
1326,469,434,2000
1327,217,444,2000
1328,469,444,2000
1329,19,315,2000
1330,288,315,2000
1331,603,315,2000
1332,294,666,2000
1333,368,666,2000
1334,603,666,2000
1335,115,44,2000
1336,603,44,2000
1337,19,328,2000
1338,414,328,2000
1339,571,328,2000
1340,19,290,2000
1341,160,290,2000
1342,368,290,2000
1343,160,171,2000
1344,217,171,2000
1345,368,171,2000
1346,19,306,2000
1347,217,306,2000
1348,414,306,2000
1349,217,431,2000
1350,244,431,2000
1351,288,431,2000
1352,244,551,2000
1353,288,551,2000
1354,19,322,2000
1355,368,322,2000
1356,414,322,2000
1357,19,297,2000
1358,195,297,2000
1359,57,1112,2000
1360,294,1112,2000
1361,469,1112,2000
1362,57,1121,2000
1363,469,1121,2000
1364,19,330,2000
1365,414,330,2000
1366,603,330,2000
1367,19,329,2000
1368,414,329,2000
1369,591,329,2000
1370,414,939,2000
1371,591,939,2000
1372,45,985,2000
1373,217,985,2000
1374,414,985,2000
1375,45,989,2000
1376,414,989,2000
1377,19,334,2000
1378,45,334,2000
1379,294,334,2000
1380,45,984,2000
1381,217,984,2000
1382,294,984,2000
1383,19,332,2000
1384,45,332,2000
1385,217,332,2000
1386,19,331,2000
1387,45,331,2000
1388,217,436,2000
1389,294,436,2000
1390,414,436,2000
1391,19,302,2000
1392,217,302,2000
1393,294,302,2000
1394,217,440,2000
1395,368,440,2000
1396,603,440,2000
1397,160,192,2000
1398,368,192,2000
1399,414,192,2000
1400,202,413,2000
1401,217,413,2000
1402,288,413,2000
1403,202,415,2000
1404,288,415,2000
1405,202,412,2000
1406,217,412,2000
1407,4,906,2000
1408,603,906,2000
1409,59,1141,2000
1410,217,1141,2000
1411,19,317,2000
1412,294,317,2000
1413,368,317,2000
1414,19,288,2000
1415,160,288,2000
1416,294,288,2000
1417,19,325,2000
1418,368,325,2000
1419,603,325,2000
1420,294,665,2000
1421,368,665,2000
1422,414,665,2000
1423,101,5,2000
1424,333,5,2000
1425,101,7,2000
1426,603,7,2000
1427,288,646,2000
1428,368,646,2000
1429,469,646,2000
1430,368,810,2000
1431,469,810,2000
1432,288,651,2000
1433,469,651,2000
1434,19,314,2000
1435,288,314,2000
1436,414,314,2000
1437,19,367,2000
1438,57,367,2000
1439,414,367,2000
1440,27,579,2000
1441,414,579,2000
1442,45,983,2000
1443,217,983,2000
1444,19,300,2000
1445,216,300,2000
1446,156,150,2000
1447,603,150,2000
1448,414,933,2000
1449,474,933,2000
1450,19,336,2000
1451,450,336,2000
1452,202,416,2000
1453,469,416,2000
1454,19,339,2000
1455,474,339,2000
1456,19,281,2000
1457,156,281,2000
1458,368,814,2000
1459,603,814,2000
1460,4,905,2000
1461,414,905,2000
1462,265,571,2000
1463,414,571,2000
1464,160,177,2000
1465,244,177,2000
1466,195,384,2000
1467,368,384,2000
1468,45,986,2000
1469,294,986,2000
1470,57,1107,2000
1471,288,1107,2000
1472,160,203,2000
1473,546,203,2000
1474,288,658,2000
1475,603,658,2000
1476,217,430,2000
1477,224,430,2000
1478,160,208,2000
1479,607,208,2000
1480,160,206,2000
1481,603,206,2000
1482,115,43,2000
1483,368,43,2000
1484,414,940,2000
1485,603,940,2000
1486,27,578,2000
1487,294,578,2000
1488,4,902,2000
1489,19,902,2000
1490,57,1101,2000
1491,217,1101,2000
1492,27,576,2000
1493,160,576,2000
1494,39,892,2000
1495,217,892,2000
1496,19,312,2000
1497,27,312,2000
1498,96,1314,2000
1499,160,1314,2000
1500,39,893,2000
1501,294,893,2000
1502,414,937,2000
1503,571,937,2000
1504,368,809,2000
1505,453,809,2000
1506,1,0,2000
1507,160,0,2000
1508,368,813,2000
1509,571,813,2000
1510,27,577,2000
1511,217,577,2000
1512,216,429,2000
1513,294,429,2000
1514,160,180,2000
1515,265,180,2000
1516,265,572,2000
1517,603,572,2000
1518,294,671,2000
1519,603,671,2000
1520,288,648,2000
1521,414,648,2000
1522,19,311,2000
1523,265,311,2000
1524,294,670,2000
1525,469,670,2000
1526,409,917,2000
1527,603,917,2000
1528,217,433,2000
1529,288,433,2000
1530,115,39,2000
1531,265,39,2000
1532,288,657,2000
1533,571,657,2000
1534,160,162,2000
1535,216,162,2000
1536,57,1124,2000
1537,603,1124,2000
1538,19,373,2000
1539,591,373,2000
1540,19,326,2000
1541,409,326,2000
1542,1,1,2000
1543,19,1,2000
1544,79,1232,2000
1545,160,1232,2000
1546,160,205,2000
1547,571,205,2000
1548,19,298,2000
1549,199,298,2000
1550,217,446,2000
1551,587,446,2000
1552,294,667,2000
1553,409,667,2000
1554,19,340,2000
1555,546,340,2000
1556,217,447,2000
1557,603,447,2000
1558,294,664,2000
1559,333,664,2000
1560,244,553,2000
1561,603,553,2000
1562,57,1105,2000
1563,265,1105,2000
1564,96,1317,2000
1565,368,1317,2000
1566,96,1318,2000
1567,603,1318,2000
1568,288,638,2000
1569,294,638,2000
1570,19,371,2000
1571,571,371,2000
1572,19,337,2000
1573,453,337,2000
1574,57,1108,2000
1575,294,1108,2000
1576,19,321,2000
1577,333,321,2000
1578,19,374,2000
1579,607,374,2000
1580,288,644,2000
1581,368,644,2000
1582,135,86,2001
1583,234,86,2001
1584,234,545,2001
1585,555,545,2001
1586,384,868,2001
1587,555,868,2001
1588,42,949,2001
1589,384,949,2001
1590,42,948,2001
1591,288,948,2001
1592,234,544,2001
1593,414,544,2001
1594,42,952,2001
1595,555,952,2001
1596,160,204,2001
1597,555,204,2001
1598,42,946,2001
1599,135,946,2001
1600,474,1011,2001
1601,555,1011,2001
1602,288,643,2001
1603,367,643,2001
1604,135,87,2001
1605,288,87,2001
1606,288,656,2001
1607,555,656,2001
1608,255,560,2001
1609,474,560,2001
1610,42,950,2001
1611,422,950,2001
1612,414,928,2001
1613,422,928,2001
1614,160,195,2001
1615,414,195,2001
1616,384,867,2001
1617,474,867,2001
1618,42,947,2001
1619,234,947,2001
1620,42,951,2001
1621,474,951,2001
1622,414,933,2001
1623,474,933,2001
1624,198,388,2002
1625,325,388,2002
1626,292,661,2002
1627,448,661,2002
1628,325,753,2002
1629,391,753,2002
1630,313,732,2002
1631,392,732,2002
1632,198,390,2002
1633,448,390,2002
1634,292,660,2002
1635,391,660,2002
1636,313,733,2002
1637,448,733,2002
1638,198,387,2002
1639,313,387,2002
1640,198,389,2002
1641,391,389,2002
1642,391,896,2002
1643,448,896,2002
1644,313,730,2002
1645,325,730,2002
1646,325,754,2002
1647,448,754,2002
1648,313,731,2002
1649,391,731,2002
1650,313,735,2002
1651,479,735,2002
1652,391,895,2002
1653,414,895,2002
1654,313,734,2002
1655,474,734,2002
1656,45,990,2002
1657,448,990,2002
1658,325,755,2002
1659,479,755,2002
1660,448,976,2002
1661,479,976,2002
1662,414,934,2002
1663,479,934,2002
1664,20,397,2003
1665,104,397,2003
1666,182,397,2003
1667,20,403,2003
1668,182,403,2003
1669,474,403,2003
1670,20,402,2003
1671,182,402,2003
1672,449,402,2003
1673,182,270,2003
1674,449,270,2003
1675,20,407,2003
1676,449,407,2003
1677,20,400,2003
1678,182,400,2003
1679,342,400,2003
1680,20,398,2003
1681,160,398,2003
1682,182,398,2003
1683,20,404,2003
1684,275,404,2003
1685,20,401,2003
1686,182,401,2003
1687,448,401,2003
1688,20,405,2003
1689,293,405,2003
1690,160,197,2003
1691,427,197,2003
1692,160,202,2003
1693,474,202,2003
1694,293,663,2003
1695,474,663,2003
1696,182,264,2003
1697,312,264,2003
1698,311,729,2003
1699,474,729,2003
1700,182,263,2003
1701,293,263,2003
1702,303,689,2003
1703,311,689,2003
1704,104,13,2003
1705,474,13,2003
1706,448,975,2003
1707,474,975,2003
1708,104,12,2003
1709,182,12,2003
1710,182,265,2003
1711,342,265,2003
1712,182,261,2003
1713,288,261,2003
1714,182,260,2003
1715,275,260,2003
1716,108,16,2003
1717,474,16,2003
1718,9,1266,2003
1719,474,1266,2003
1720,20,406,2003
1721,448,406,2003
1722,160,198,2003
1723,448,198,2003
1724,182,269,2003
1725,448,269,2003
1726,182,262,2003
1727,292,262,2003
1728,275,610,2003
1729,474,610,2003
1730,427,954,2003
1731,474,954,2003
1732,182,267,2003
1733,427,267,2003
1734,182,266,2003
1735,414,266,2003
1736,108,15,2003
1737,182,15,2003
1738,275,608,2003
1739,414,608,2003
1740,275,609,2003
1741,427,609,2003
1742,20,399,2003
1743,182,399,2003
1744,414,929,2003
1745,427,929,2003
1746,414,933,2003
1747,474,933,2003
1748,427,953,2003
1749,448,953,2003
1750,182,271,2003
1751,474,271,2003
1752,160,156,2003
1753,182,156,2003
1754,414,931,2003
1755,448,931,2003
1756,310,727,2004
1757,387,727,2004
1758,82,1249,2004
1759,387,1249,2004
1760,82,1250,2004
1761,425,1250,2004
1762,36,798,2004
1763,387,798,2004
1764,387,885,2004
1765,425,885,2004
1766,199,393,2004
1767,414,393,2004
1768,82,1248,2004
1769,226,1248,2004
1770,226,502,2004
1771,387,502,2004
1772,387,887,2004
1773,474,887,2004
1774,226,506,2004
1775,448,506,2004
1776,182,266,2004
1777,414,266,2004
1778,82,1251,2004
1779,448,1251,2004
1780,310,728,2004
1781,474,728,2004
1782,414,931,2004
1783,448,931,2004
1784,414,933,2004
1785,474,933,2004
1786,7,1218,2005
1787,91,1218,2005
1788,428,1218,2005
1789,502,1218,2005
1790,48,1014,2005
1791,316,1014,2005
1792,287,629,2005
1793,316,629,2005
1794,608,629,2005
1795,287,631,2005
1796,428,631,2005
1797,608,631,2005
1798,194,383,2005
1799,287,383,2005
1800,91,1267,2005
1801,156,1267,2005
1802,428,1267,2005
1803,608,1267,2005
1804,226,503,2005
1805,428,503,2005
1806,552,503,2005
1807,608,503,2005
1808,221,495,2005
1809,478,495,2005
1810,287,634,2005
1811,488,634,2005
1812,608,634,2005
1813,226,504,2005
1814,428,504,2005
1815,608,504,2005
1816,91,1269,2005
1817,287,1269,2005
1818,428,1269,2005
1819,91,1273,2005
1820,316,1273,2005
1821,428,1273,2005
1822,91,1276,2005
1823,428,1276,2005
1824,438,1276,2005
1825,448,980,2005
1826,552,980,2005
1827,428,960,2005
1828,448,960,2005
1829,608,960,2005
1830,91,1280,2005
1831,448,1280,2005
1832,448,982,2005
1833,608,982,2005
1834,91,1282,2005
1835,462,1282,2005
1836,478,1282,2005
1837,428,958,2005
1838,438,958,2005
1839,608,958,2005
1840,91,1283,2005
1841,462,1283,2005
1842,608,1283,2005
1843,91,1288,2005
1844,552,1288,2005
1845,608,1288,2005
1846,91,1277,2005
1847,428,1277,2005
1848,552,1277,2005
1849,156,149,2005
1850,428,149,2005
1851,608,149,2005
1852,91,1270,2005
1853,287,1270,2005
1854,478,1270,2005
1855,91,1284,2005
1856,478,1284,2005
1857,221,493,2005
1858,428,493,2005
1859,226,507,2005
1860,552,507,2005
1861,91,1278,2005
1862,428,1278,2005
1863,608,1278,2005
1864,91,1271,2005
1865,287,1271,2005
1866,608,1271,2005
1867,91,1274,2005
1868,316,1274,2005
1869,608,1274,2005
1870,91,1272,2005
1871,316,1272,2005
1872,286,628,2005
1873,608,628,2005
1874,438,970,2005
1875,552,970,2005
1876,608,970,2005
1877,316,747,2005
1878,428,747,2005
1879,608,747,2005
1880,428,962,2005
1881,552,962,2005
1882,608,962,2005
1883,226,501,2005
1884,287,501,2005
1885,182,268,2005
1886,438,268,2005
1887,428,957,2005
1888,438,957,2005
1889,552,957,2005
1890,428,956,2005
1891,438,956,2005
1892,448,956,2005
1893,438,968,2005
1894,502,968,2005
1895,608,968,2005
1896,7,1208,2005
1897,199,1208,2005
1898,7,1210,2005
1899,221,1210,2005
1900,221,494,2005
1901,462,494,2005
1902,7,1214,2005
1903,462,1214,2005
1904,156,146,2005
1905,287,146,2005
1906,438,969,2005
1907,552,969,2005
1908,346,781,2005
1909,428,781,2005
1910,91,1286,2005
1911,502,1286,2005
1912,221,496,2005
1913,608,496,2005
1914,316,746,2005
1915,428,746,2005
1916,226,508,2005
1917,608,508,2005
1918,502,1053,2005
1919,608,1053,2005
1920,396,901,2005
1921,608,901,2005
1922,7,1217,2005
1923,91,1217,2005
1924,260,563,2005
1925,287,563,2005
1926,287,635,2005
1927,552,635,2005
1928,91,1285,2005
1929,488,1285,2005
1930,287,636,2005
1931,594,636,2005
1932,462,996,2005
1933,608,996,2005
1934,387,886,2005
1935,428,886,2005
1936,478,1012,2005
1937,608,1012,2005
1938,396,899,2005
1939,428,899,2005
1940,396,900,2005
1941,502,900,2005
1942,7,1211,2005
1943,287,1211,2005
1944,428,959,2005
1945,448,959,2005
1946,66,1184,2005
1947,608,1184,2005
1948,156,151,2005
1949,608,151,2005
1950,91,1275,2005
1951,428,1275,2005
1952,316,749,2005
1953,608,749,2005
1954,428,961,2005
1955,552,961,2005
1956,287,637,2005
1957,608,637,2005
1958,287,633,2005
1959,462,633,2005
1960,48,1013,2005
1961,287,1013,2005
1962,387,889,2005
1963,552,889,2005
1964,182,272,2005
1965,608,272,2005
1966,462,994,2005
1967,478,994,2005
1968,346,782,2005
1969,608,782,2005
1970,488,1027,2005
1971,608,1027,2005
1972,7,1216,2005
1973,608,1216,2005
1974,316,748,2005
1975,438,748,2005
1976,438,967,2005
1977,462,967,2005
1978,552,1074,2005
1979,608,1074,2005
1980,91,1287,2005
1981,552,1287,2005
1982,7,1215,2005
1983,552,1215,2005
1984,226,505,2005
1985,438,505,2005
1986,7,1212,2005
1987,428,1212,2005
1988,387,891,2005
1989,608,891,2005
1990,428,955,2005
1991,438,955,2005
1992,287,632,2005
1993,438,632,2005
1994,287,630,2005
1995,428,630,2005
1996,91,1268,2005
1997,287,1268,2005
1998,438,966,2005
1999,448,966,2005
2000,438,971,2005
2001,608,971,2005
2002,414,930,2005
2003,438,930,2005
2004,91,1279,2005
2005,438,1279,2005
2006,7,1209,2005
2007,218,1209,2005
2008,91,1281,2005
2009,462,1281,2005
2010,7,1213,2005
2011,438,1213,2005
2012,7,1207,2005
2013,182,1207,2005
2014,34,780,2006
2015,68,780,2006
2016,132,780,2006
2017,64,1183,2006
2018,68,1183,2006
2019,167,1183,2006
2020,64,1179,2006
2021,167,1179,2006
2022,381,860,2006
2023,462,860,2006
2024,132,77,2006
2025,370,77,2006
2026,462,77,2006
2027,144,129,2006
2028,381,129,2006
2029,144,128,2006
2030,187,128,2006
2031,68,1198,2006
2032,370,1198,2006
2033,68,1191,2006
2034,187,1191,2006
2035,381,1191,2006
2036,75,1224,2006
2037,462,1224,2006
2038,64,1181,2006
2039,542,1181,2006
2040,68,1188,2006
2041,132,1188,2006
2042,381,1188,2006
2043,187,276,2006
2044,462,276,2006
2045,68,1186,2006
2046,129,1186,2006
2047,187,274,2006
2048,309,274,2006
2049,167,217,2006
2050,187,217,2006
2051,75,1222,2006
2052,167,1222,2006
2053,68,1197,2006
2054,289,1197,2006
2055,34,777,2006
2056,187,777,2006
2057,167,218,2006
2058,510,218,2006
2059,132,74,2006
2060,187,74,2006
2061,144,127,2006
2062,167,127,2006
2063,68,1195,2006
2064,259,1195,2006
2065,132,76,2006
2066,370,76,2006
2067,68,1190,2006
2068,167,1190,2006
2069,264,567,2006
2070,423,567,2006
2071,68,1194,2006
2072,257,1194,2006
2073,68,1201,2006
2074,462,1201,2006
2075,68,1196,2006
2076,264,1196,2006
2077,132,81,2006
2078,510,81,2006
2079,132,79,2006
2080,462,79,2006
2081,34,776,2006
2082,132,776,2006
2083,264,568,2006
2084,542,568,2006
2085,64,1178,2006
2086,132,1178,2006
2087,34,779,2006
2088,68,779,2006
2089,64,1180,2006
2090,381,1180,2006
2091,132,73,2006
2092,167,73,2006
2093,381,863,2006
2094,542,863,2006
2095,132,78,2006
2096,381,78,2006
2097,132,82,2006
2098,542,82,2006
2099,64,1182,2006
2100,68,1182,2006
2101,187,275,2006
2102,381,275,2006
2103,68,1206,2006
2104,75,1206,2006
2105,68,1200,2006
2106,387,1200,2006
2107,68,1202,2006
2108,510,1202,2006
2109,75,1223,2006
2110,381,1223,2006
2111,68,1193,2006
2112,226,1193,2006
2113,167,219,2006
2114,542,219,2006
2115,68,1199,2006
2116,381,1199,2006
2117,34,778,2006
2118,381,778,2006
2119,68,1187,2006
2120,132,1187,2006
2121,68,1203,2006
2122,542,1203,2006
2123,232,537,2006
2124,438,537,2006
2125,219,470,2007
2126,307,470,2007
2127,570,470,2007
2128,580,470,2007
2129,166,211,2007
2130,219,211,2007
2131,307,211,2007
2132,483,211,2007
2133,573,211,2007
2134,166,215,2007
2135,307,215,2007
2136,480,215,2007
2137,570,215,2007
2138,307,714,2007
2139,570,714,2007
2140,606,714,2007
2141,274,587,2007
2142,307,587,2007
2143,480,587,2007
2144,570,587,2007
2145,166,213,2007
2146,274,213,2007
2147,307,213,2007
2148,166,214,2007
2149,307,214,2007
2150,219,465,2007
2151,307,465,2007
2152,480,465,2007
2153,483,465,2007
2154,307,698,2007
2155,359,698,2007
2156,483,698,2007
2157,219,454,2007
2158,274,454,2007
2159,307,454,2007
2160,483,454,2007
2161,219,468,2007
2162,307,468,2007
2163,483,468,2007
2164,230,515,2007
2165,307,515,2007
2166,480,515,2007
2167,483,515,2007
2168,570,515,2007
2169,307,706,2007
2170,480,706,2007
2171,483,706,2007
2172,570,706,2007
2173,230,517,2007
2174,307,517,2007
2175,570,517,2007
2176,219,466,2007
2177,307,466,2007
2178,480,466,2007
2179,570,466,2007
2180,573,466,2007
2181,219,471,2007
2182,307,471,2007
2183,573,471,2007
2184,274,599,2007
2185,480,599,2007
2186,570,599,2007
2187,219,483,2007
2188,480,483,2007
2189,570,483,2007
2190,230,519,2007
2191,307,519,2007
2192,593,519,2007
2193,307,707,2007
2194,480,707,2007
2195,483,707,2007
2196,580,707,2007
2197,448,978,2007
2198,480,978,2007
2199,606,978,2007
2200,274,586,2007
2201,307,586,2007
2202,480,586,2007
2203,483,586,2007
2204,307,702,2007
2205,416,702,2007
2206,483,702,2007
2207,307,711,2007
2208,483,711,2007
2209,573,711,2007
2210,307,715,2007
2211,573,715,2007
2212,274,600,2007
2213,480,600,2007
2214,593,600,2007
2215,187,277,2007
2216,593,277,2007
2217,219,460,2007
2218,274,460,2007
2219,573,460,2007
2220,219,484,2007
2221,480,484,2007
2222,573,484,2007
2223,219,489,2007
2224,573,489,2007
2225,219,474,2007
2226,307,474,2007
2227,593,474,2007
2228,606,474,2007
2229,219,475,2007
2230,307,475,2007
2231,606,475,2007
2232,307,718,2007
2233,593,718,2007
2234,606,718,2007
2235,230,514,2007
2236,307,514,2007
2237,480,514,2007
2238,483,514,2007
2239,219,467,2007
2240,307,467,2007
2241,480,467,2007
2242,580,467,2007
2243,219,472,2007
2244,307,472,2007
2245,580,472,2007
2246,219,453,2007
2247,274,453,2007
2248,307,453,2007
2249,480,453,2007
2250,219,458,2007
2251,274,458,2007
2252,480,458,2007
2253,606,458,2007
2254,219,457,2007
2255,274,457,2007
2256,480,457,2007
2257,483,457,2007
2258,274,588,2007
2259,307,588,2007
2260,480,588,2007
2261,606,588,2007
2262,132,75,2007
2263,274,75,2007
2264,307,75,2007
2265,274,585,2007
2266,307,585,2007
2267,448,585,2007
2268,480,585,2007
2269,166,210,2007
2270,219,210,2007
2271,274,210,2007
2272,166,209,2007
2273,219,209,2007
2274,166,212,2007
2275,274,212,2007
2276,416,944,2007
2277,483,944,2007
2278,606,944,2007
2279,480,1017,2007
2280,483,1017,2007
2281,606,1017,2007
2282,416,943,2007
2283,483,943,2007
2284,232,531,2007
2285,274,531,2007
2286,307,531,2007
2287,480,531,2007
2288,219,450,2007
2289,232,450,2007
2290,274,450,2007
2291,480,450,2007
2292,232,532,2007
2293,274,532,2007
2294,480,532,2007
2295,274,596,2007
2296,448,596,2007
2297,480,596,2007
2298,288,642,2007
2299,307,642,2007
2300,480,642,2007
2301,414,935,2007
2302,480,935,2007
2303,226,500,2007
2304,274,500,2007
2305,219,478,2007
2306,381,478,2007
2307,606,478,2007
2308,219,487,2007
2309,483,487,2007
2310,606,487,2007
2311,483,1024,2007
2312,606,1024,2007
2313,219,449,2007
2314,230,449,2007
2315,307,449,2007
2316,219,485,2007
2317,480,485,2007
2318,606,485,2007
2319,307,705,2007
2320,480,705,2007
2321,483,705,2007
2322,219,482,2007
2323,480,482,2007
2324,483,482,2007
2325,219,469,2007
2326,307,469,2007
2327,570,469,2007
2328,219,488,2007
2329,570,488,2007
2330,166,216,2007
2331,480,216,2007
2332,570,216,2007
2333,480,1016,2007
2334,483,1016,2007
2335,570,1016,2007
2336,219,473,2007
2337,307,473,2007
2338,593,473,2007
2339,307,708,2007
2340,480,708,2007
2341,570,708,2007
2342,230,518,2007
2343,307,518,2007
2344,580,518,2007
2345,307,697,2007
2346,359,697,2007
2347,307,710,2007
2348,483,710,2007
2349,570,710,2007
2350,274,601,2007
2351,480,601,2007
2352,606,601,2007
2353,274,598,2007
2354,480,598,2007
2355,483,598,2007
2356,230,510,2007
2357,232,510,2007
2358,274,510,2007
2359,274,589,2007
2360,307,589,2007
2361,483,589,2007
2362,274,590,2007
2363,307,590,2007
2364,606,590,2007
2365,359,795,2007
2366,416,795,2007
2367,593,795,2007
2368,219,464,2007
2369,307,464,2007
2370,480,464,2007
2371,230,525,2007
2372,570,525,2007
2373,593,525,2007
2374,230,524,2007
2375,570,524,2007
2376,230,527,2007
2377,593,527,2007
2378,230,516,2007
2379,307,516,2007
2380,483,516,2007
2381,307,712,2007
2382,483,712,2007
2383,593,712,2007
2384,307,717,2007
2385,593,717,2007
2386,219,455,2007
2387,274,455,2007
2388,448,455,2007
2389,307,709,2007
2390,480,709,2007
2391,580,709,2007
2392,219,481,2007
2393,448,481,2007
2394,480,481,2007
2395,219,461,2007
2396,274,461,2007
2397,580,461,2007
2398,230,521,2007
2399,448,521,2007
2400,219,452,2007
2401,274,452,2007
2402,307,452,2007
2403,274,584,2007
2404,307,584,2007
2405,387,584,2007
2406,219,477,2007
2407,381,477,2007
2408,573,1126,2007
2409,580,1126,2007
2410,274,604,2007
2411,573,604,2007
2412,230,512,2007
2413,274,512,2007
2414,307,512,2007
2415,219,459,2007
2416,274,459,2007
2417,483,459,2007
2418,219,486,2007
2419,483,486,2007
2420,580,1140,2007
2421,593,1140,2007
2422,219,456,2007
2423,274,456,2007
2424,480,456,2007
2425,219,462,2007
2426,274,462,2007
2427,593,462,2007
2428,274,606,2007
2429,593,606,2007
2430,274,583,2007
2431,288,583,2007
2432,480,583,2007
2433,288,654,2007
2434,480,654,2007
2435,219,463,2007
2436,307,463,2007
2437,448,463,2007
2438,307,699,2007
2439,381,699,2007
2440,381,859,2007
2441,448,859,2007
2442,288,650,2007
2443,448,650,2007
2444,226,506,2007
2445,448,506,2007
2446,219,479,2007
2447,387,479,2007
2448,473,1009,2007
2449,480,1009,2007
2450,480,1018,2007
2451,570,1018,2007
2452,480,1015,2007
2453,483,1015,2007
2454,307,713,2007
2455,570,713,2007
2456,274,603,2007
2457,570,603,2007
2458,274,602,2007
2459,483,602,2007
2460,483,1023,2007
2461,580,1023,2007
2462,230,511,2007
2463,274,511,2007
2464,381,862,2007
2465,483,862,2007
2466,570,1125,2007
2467,580,1125,2007
2468,219,448,2007
2469,230,448,2007
2470,230,522,2007
2471,480,522,2007
2472,230,523,2007
2473,483,523,2007
2474,230,513,2007
2475,307,513,2007
2476,483,1022,2007
2477,570,1022,2007
2478,274,597,2007
2479,473,597,2007
2480,307,704,2007
2481,473,704,2007
2482,232,542,2007
2483,606,542,2007
2484,359,797,2007
2485,606,797,2007
2486,307,703,2007
2487,448,703,2007
2488,230,509,2007
2489,232,509,2007
2490,307,716,2007
2491,580,716,2007
2492,219,490,2007
2493,580,490,2007
2494,462,995,2007
2495,606,995,2007
2496,110,19,2007
2497,219,19,2007
2498,359,796,2007
2499,480,796,2007
2500,274,591,2007
2501,359,591,2007
2502,480,1020,2007
2503,580,1020,2007
2504,230,526,2007
2505,580,526,2007
2506,132,80,2007
2507,480,80,2007
2508,219,451,2007
2509,254,451,2007
2510,448,977,2007
2511,480,977,2007
2512,232,540,2007
2513,480,540,2007
2514,381,864,2007
2515,606,864,2007
2516,307,701,2007
2517,416,701,2007
2518,274,595,2007
2519,448,595,2007
2520,416,942,2007
2521,480,942,2007
2522,274,593,2007
2523,387,593,2007
2524,219,491,2007
2525,593,491,2007
2526,219,492,2007
2527,606,492,2007
2528,254,559,2007
2529,307,559,2007
2530,416,945,2007
2531,593,945,2007
2532,448,981,2007
2533,606,981,2007
2534,480,1019,2007
2535,573,1019,2007
2536,307,719,2007
2537,606,719,2007
2538,230,520,2007
2539,416,520,2007
2540,274,605,2007
2541,580,605,2007
2542,480,1021,2007
2543,606,1021,2007
2544,274,592,2007
2545,381,592,2007
2546,387,888,2007
2547,480,888,2007
2548,381,861,2007
2549,480,861,2007
2550,274,607,2007
2551,606,607,2007
2552,232,533,2007
2553,307,533,2007
2554,232,530,2007
2555,274,530,2007
2556,387,890,2007
2557,606,890,2007
2558,307,700,2007
2559,387,700,2007
2560,219,480,2007
2561,448,480,2007
2562,232,541,2007
2563,580,541,2007
2564,223,498,2008
2565,292,498,2008
2566,200,410,2008
2567,361,410,2008
2568,232,538,2008
2569,448,538,2008
2570,200,408,2008
2571,223,408,2008
2572,223,499,2008
2573,361,499,2008
2574,200,409,2008
2575,301,409,2008
2576,322,751,2008
2577,361,751,2008
2578,200,411,2008
2579,477,411,2008
2580,219,476,2008
2581,361,476,2008
2582,301,688,2008
2583,477,688,2008
2584,239,550,2008
2585,477,550,2008
2586,232,539,2008
2587,477,539,2008
2588,232,534,2008
2589,361,534,2008
2590,232,529,2008
2591,239,529,2008
2592,354,794,2008
2593,356,794,2008
2594,414,931,2008
2595,448,931,2008
2596,232,536,2008
2597,414,536,2008
2598,68,1192,2008
2599,219,1192,2008
2600,232,535,2008
2601,387,535,2008
2602,28,617,2009
2603,51,617,2009
2604,590,617,2009
2605,600,617,2009
2606,369,815,2009
2607,600,815,2009
2608,335,775,2009
2609,600,775,2009
2610,28,620,2009
2611,590,620,2009
2612,600,620,2009
2613,390,894,2009
2614,600,894,2009
2615,68,1204,2009
2616,590,1204,2009
2617,28,622,2009
2618,68,622,2009
2619,51,1055,2009
2620,271,1055,2009
2621,68,1205,2009
2622,600,1205,2009
2623,28,619,2009
2624,590,619,2009
2625,51,1056,2009
2626,590,1056,2009
2627,28,616,2009
2628,51,616,2009
2629,28,621,2009
2630,600,621,2009
2631,51,1057,2009
2632,600,1057,2009
2633,28,618,2009
2634,522,618,2009
2635,28,615,2009
2636,390,615,2009
2637,414,938,2009
2638,573,938,2009
2639,330,770,2010
2640,464,770,2010
2641,330,768,2010
2642,431,768,2010
2643,330,769,2010
2644,434,769,2010
2645,158,152,2010
2646,508,152,2010
2647,330,771,2010
2648,590,771,2010
2649,590,1143,2010
2650,605,1143,2010
2651,434,963,2010
2652,605,963,2010
2653,274,594,2010
2654,414,594,2010
2655,232,536,2010
2656,414,536,2010
2657,55,1072,2011
2658,406,1072,2011
2659,414,931,2011
2660,448,931,2011
2661,246,554,2012
2662,332,554,2012
2663,442,972,2012
2664,489,972,2012
2665,377,829,2012
2666,489,829,2012
2667,489,1029,2012
2668,520,1029,2012
2669,131,72,2012
2670,489,72,2012
2671,116,45,2012
2672,489,45,2012
2673,280,623,2012
2674,489,623,2012
2675,484,1025,2012
2676,489,1025,2012
2677,211,423,2012
2678,489,423,2012
2679,83,1252,2012
2680,432,1252,2012
2681,489,1028,2012
2682,490,1028,2012
2683,83,1253,2012
2684,489,1253,2012
2685,249,558,2012
2686,489,558,2012
2687,332,774,2012
2688,489,774,2012
2689,292,661,2013
2690,448,661,2013
2691,21,419,2014
2692,222,419,2014
2693,222,497,2014
2694,448,497,2014
2695,177,227,2015
2696,308,227,2015
2697,466,227,2015
2698,308,723,2015
2699,426,723,2015
2700,298,682,2015
2701,497,682,2015
2702,76,1230,2015
2703,497,1230,2015
2704,177,224,2015
2705,298,224,2015
2706,466,224,2015
2707,177,233,2015
2708,466,233,2015
2709,21,420,2015
2710,298,420,2015
2711,487,1026,2015
2712,497,1026,2015
2713,76,1226,2015
2714,193,1226,2015
2715,177,229,2015
2716,323,229,2015
2717,497,229,2015
2718,308,721,2015
2719,323,721,2015
2720,76,1231,2015
2721,509,1231,2015
2722,63,1169,2015
2723,177,1169,2015
2724,298,1169,2015
2725,177,221,2015
2726,233,221,2015
2727,63,1171,2015
2728,298,1171,2015
2729,344,1171,2015
2730,63,1174,2015
2731,344,1174,2015
2732,308,725,2015
2733,487,725,2015
2734,177,232,2015
2735,426,232,2015
2736,497,232,2015
2737,177,234,2015
2738,497,234,2015
2739,143,125,2015
2740,298,125,2015
2741,509,125,2015
2742,509,1054,2015
2743,563,1054,2015
2744,317,750,2015
2745,509,750,2015
2746,63,1176,2015
2747,466,1176,2015
2748,2,396,2015
2749,298,396,2015
2750,231,528,2015
2751,308,528,2015
2752,308,726,2015
2753,497,726,2015
2754,177,225,2015
2755,298,225,2015
2756,509,225,2015
2757,177,223,2015
2758,292,223,2015
2759,292,659,2015
2760,308,659,2015
2761,76,1229,2015
2762,317,1229,2015
2763,63,1173,2015
2764,323,1173,2015
2765,177,226,2015
2766,308,226,2015
2767,63,1177,2015
2768,509,1177,2015
2769,308,722,2015
2770,393,722,2015
2771,308,724,2015
2772,466,724,2015
2773,63,1172,2015
2774,308,1172,2015
2775,21,418,2015
2776,177,418,2015
2777,76,1225,2015
2778,177,1225,2015
2779,308,720,2015
2780,317,720,2015
2781,177,228,2015
2782,323,228,2015
2783,63,1167,2015
2784,143,1167,2015
2785,21,421,2015
2786,308,421,2015
2787,298,681,2015
2788,487,681,2015
2789,177,222,2015
2790,249,222,2015
2791,103,11,2015
2792,177,11,2015
2793,63,1175,2015
2794,426,1175,2015
2795,63,1166,2015
2796,103,1166,2015
2797,143,126,2015
2798,487,126,2015
2799,298,677,2015
2800,344,677,2015
2801,76,1227,2015
2802,298,1227,2015
2803,298,679,2015
2804,426,679,2015
2805,63,1168,2015
2806,177,1168,2015
2807,393,897,2015
2808,426,897,2015
2809,105,14,2015
2810,298,14,2015
2811,143,124,2015
2812,298,124,2015
2813,177,231,2015
2814,426,231,2015
2815,256,561,2015
2816,298,561,2015
2817,298,674,2015
2818,308,674,2015
2819,63,1170,2015
2820,298,1170,2015
2821,76,1228,2015
2822,308,1228,2015
2823,298,683,2015
2824,506,683,2015
2825,249,557,2015
2826,298,557,2015
2827,298,680,2015
2828,448,680,2015
2829,298,678,2015
2830,393,678,2015
2831,298,676,2015
2832,318,676,2015
2833,298,686,2015
2834,563,686,2015
2835,177,230,2015
2836,393,230,2015
2837,177,236,2015
2838,563,236,2015
2839,292,661,2015
2840,448,661,2015
2841,177,235,2015
2842,509,235,2015
2843,323,752,2015
2844,448,752,2015
2845,298,675,2015
2846,317,675,2015
2847,21,422,2015
2848,317,422,2015
2849,41,919,2016
2850,247,919,2016
2851,525,1066,2016
2852,564,1066,2016
2853,305,693,2016
2854,495,693,2016
2855,41,923,2016
2856,448,923,2016
2857,41,922,2016
2858,424,922,2016
2859,18,239,2016
2860,495,239,2016
2861,495,1032,2016
2862,560,1032,2016
2863,139,108,2016
2864,495,108,2016
2865,525,108,2016
2866,495,1031,2016
2867,534,1031,2016
2868,125,56,2016
2869,534,56,2016
2870,298,687,2016
2871,564,687,2016
2872,534,1067,2016
2873,560,1067,2016
2874,448,979,2016
2875,534,979,2016
2876,73,1221,2016
2877,298,1221,2016
2878,448,1221,2016
2879,18,238,2016
2880,305,238,2016
2881,18,240,2016
2882,525,240,2016
2883,10,4,2016
2884,424,4,2016
2885,495,1030,2016
2886,525,1030,2016
2887,525,1065,2016
2888,560,1065,2016
2889,41,918,2016
2890,139,918,2016
2891,125,55,2016
2892,139,55,2016
2893,18,237,2016
2894,139,237,2016
2895,21,420,2016
2896,298,420,2016
2897,73,1219,2016
2898,139,1219,2016
2899,139,107,2016
2900,495,107,2016
2901,139,111,2016
2902,560,111,2016
2903,139,105,2016
2904,339,105,2016
2905,305,695,2016
2906,534,695,2016
2907,139,106,2016
2908,418,106,2016
2909,41,924,2016
2910,73,924,2016
2911,139,110,2016
2912,534,110,2016
2913,305,691,2016
2914,339,691,2016
2915,298,685,2016
2916,560,685,2016
2917,10,3,2016
2918,139,3,2016
2919,139,104,2016
2920,305,104,2016
2921,298,684,2016
2922,534,684,2016
2923,534,1068,2016
2924,564,1068,2016
2925,41,920,2016
2926,298,920,2016
2927,305,692,2016
2928,448,692,2016
2929,247,555,2016
2930,305,555,2016
2931,139,109,2016
2932,525,109,2016
2933,41,921,2016
2934,339,921,2016
2935,73,1220,2016
2936,298,1220,2016
2937,525,1064,2016
2938,534,1064,2016
2939,298,680,2016
2940,448,680,2016
2941,328,765,2017
2942,561,765,2017
2943,599,765,2017
2944,50,1040,2017
2945,328,1040,2017
2946,365,1040,2017
2947,517,1040,2017
2948,50,1041,2017
2949,328,1041,2017
2950,517,1041,2017
2951,328,762,2017
2952,517,762,2017
2953,599,762,2017
2954,50,1039,2017
2955,328,1039,2017
2956,365,1039,2017
2957,363,799,2017
2958,461,799,2017
2959,328,759,2017
2960,461,759,2017
2961,517,759,2017
2962,517,1061,2017
2963,561,1061,2017
2964,599,1061,2017
2965,112,30,2017
2966,380,30,2017
2967,47,1000,2017
2968,212,1000,2017
2969,365,1000,2017
2970,328,757,2017
2971,365,757,2017
2972,517,757,2017
2973,380,855,2017
2974,517,855,2017
2975,610,855,2017
2976,517,1062,2017
2977,610,1062,2017
2978,279,613,2017
2979,561,613,2017
2980,400,915,2017
2981,561,915,2017
2982,380,857,2017
2983,599,857,2017
2984,610,857,2017
2985,47,1003,2017
2986,352,1003,2017
2987,50,1048,2017
2988,517,1048,2017
2989,599,1048,2017
2990,328,761,2017
2991,517,761,2017
2992,561,761,2017
2993,50,1042,2017
2994,328,1042,2017
2995,561,1042,2017
2996,380,854,2017
2997,517,854,2017
2998,50,1046,2017
2999,461,1046,2017
3000,365,803,2017
3001,561,803,2017
3002,352,784,2017
3003,365,784,2017
3004,15,134,2017
3005,599,134,2017
3006,50,1045,2017
3007,380,1045,2017
3008,561,1045,2017
3009,380,856,2017
3010,561,856,2017
3011,47,998,2017
3012,141,998,2017
3013,112,32,2017
3014,599,32,2017
3015,112,31,2017
3016,561,31,2017
3017,328,763,2017
3018,551,763,2017
3019,305,690,2017
3020,328,690,2017
3021,363,800,2017
3022,599,800,2017
3023,328,758,2017
3024,461,758,2017
3025,413,927,2017
3026,517,927,2017
3027,47,1007,2017
3028,561,1007,2017
3029,212,426,2017
3030,517,426,2017
3031,212,424,2017
3032,328,424,2017
3033,47,1001,2017
3034,279,1001,2017
3035,159,153,2017
3036,365,153,2017
3037,47,1008,2017
3038,599,1008,2017
3039,141,122,2017
3040,517,122,2017
3041,282,624,2017
3042,599,624,2017
3043,365,805,2017
3044,610,805,2017
3045,141,123,2017
3046,599,123,2017
3047,47,1002,2017
3048,328,1002,2017
3049,365,801,2017
3050,517,801,2017
3051,47,1006,2017
3052,517,1006,2017
3053,365,802,2017
3054,551,802,2017
3055,67,1185,2017
3056,551,1185,2017
3057,141,121,2017
3058,328,121,2017
3059,328,756,2017
3060,365,756,2017
3061,352,788,2017
3062,610,788,2017
3063,159,155,2017
3064,599,155,2017
3065,279,614,2017
3066,599,614,2017
3067,159,154,2017
3068,517,154,2017
3069,328,766,2017
3070,599,766,2017
3071,279,612,2017
3072,365,612,2017
3073,328,764,2017
3074,561,764,2017
3075,461,993,2017
3076,517,993,2017
3077,114,33,2017
3078,365,33,2017
3079,15,133,2017
3080,561,133,2017
3081,328,760,2017
3082,517,760,2017
3083,50,1051,2017
3084,599,1051,2017
3085,380,853,2017
3086,414,853,2017
3087,352,786,2017
3088,561,786,2017
3089,352,787,2017
3090,599,787,2017
3091,47,1004,2017
3092,365,1004,2017
3093,50,1047,2017
3094,517,1047,2017
3095,551,1073,2017
3096,599,1073,2017
3097,365,804,2017
3098,599,804,2017
3099,50,1044,2017
3100,380,1044,2017
3101,50,1049,2017
3102,561,1049,2017
3103,279,611,2017
3104,328,611,2017
3105,212,425,2017
3106,365,425,2017
3107,352,785,2017
3108,517,785,2017
3109,15,132,2017
3110,50,132,2017
3111,47,999,2017
3112,159,999,2017
3113,15,130,2017
3114,328,130,2017
3115,212,428,2017
3116,599,428,2017
3117,15,131,2017
3118,365,131,2017
3119,380,858,2017
3120,610,858,2017
3121,561,1076,2017
3122,610,1076,2017
3123,414,941,2017
3124,610,941,2017
3125,50,1043,2017
3126,365,1043,2017
3127,517,1060,2017
3128,561,1060,2017
3129,47,1005,2017
3130,50,1005,2017
3131,50,1038,2017
3132,328,1038,2017
3133,89,1262,2018
3134,338,1262,2018
3135,98,1319,2018
3136,111,1319,2018
3137,111,21,2018
3138,153,21,2018
3139,567,21,2018
3140,62,1163,2018
3141,331,1163,2018
3142,111,25,2018
3143,331,25,2018
3144,596,25,2018
3145,50,1036,2018
3146,111,1036,2018
3147,567,1036,2018
3148,567,1079,2018
3149,599,1079,2018
3150,62,1165,2018
3151,98,1165,2018
3152,98,1321,2018
3153,567,1321,2018
3154,89,1257,2018
3155,153,1257,2018
3156,567,1257,2018
3157,212,427,2018
3158,567,427,2018
3159,248,556,2018
3160,338,556,2018
3161,153,141,2018
3162,586,141,2018
3163,153,137,2018
3164,329,137,2018
3165,329,767,2018
3166,567,767,2018
3167,50,1052,2018
3168,89,1052,2018
3169,153,136,2018
3170,272,136,2018
3171,89,1260,2018
3172,329,1260,2018
3173,153,139,2018
3174,514,139,2018
3175,111,28,2018
3176,596,28,2018
3177,382,866,2018
3178,599,866,2018
3179,111,23,2018
3180,329,23,2018
3181,89,1261,2018
3182,331,1261,2018
3183,89,1265,2018
3184,599,1265,2018
3185,514,1059,2018
3186,599,1059,2018
3187,111,26,2018
3188,338,26,2018
3189,89,1264,2018
3190,596,1264,2018
3191,153,138,2018
3192,331,138,2018
3193,331,772,2018
3194,567,772,2018
3195,331,773,2018
3196,596,773,2018
3197,153,142,2018
3198,596,142,2018
3199,111,24,2018
3200,331,24,2018
3201,596,1144,2018
3202,599,1144,2018
3203,111,29,2018
3204,599,29,2018
3205,153,143,2018
3206,599,143,2018
3207,111,22,2018
3208,233,22,2018
3209,89,1256,2018
3210,153,1256,2018
3211,89,1255,2018
3212,111,1255,2018
3213,98,1320,2018
3214,153,1320,2018
3215,62,1162,2018
3216,111,1162,2018
3217,89,1263,2018
3218,567,1263,2018
3219,68,1189,2018
3220,153,1189,2018
3221,89,1258,2018
3222,233,1258,2018
3223,153,135,2018
3224,233,135,2018
3225,305,696,2018
3226,567,696,2018
3227,111,20,2018
3228,153,20,2018
3229,50,1037,2018
3230,153,1037,2018
3231,514,1058,2018
3232,567,1058,2018
3233,567,1078,2018
3234,596,1078,2018
3235,382,865,2018
3236,567,865,2018
3237,62,1164,2018
3238,567,1164,2018
3239,50,1050,2018
3240,567,1050,2018
3241,184,273,2018
3242,567,273,2018
3243,153,140,2018
3244,567,140,2018
3245,296,672,2018
3246,567,672,2018
3247,111,27,2018
3248,567,27,2018
3249,89,1259,2018
3250,306,1259,2018
3251,305,694,2018
3252,514,694,2018
3253,233,543,2018
3254,338,543,2018
