,user_id,group_id,period
0,81,1179,1996
1,126,1179,1996
2,235,1179,1996
3,314,1179,1996
4,394,1179,1996
5,81,1177,1996
6,117,1177,1996
7,126,1177,1996
8,136,1177,1996
9,411,1177,1996
10,436,1177,1996
11,584,1177,1996
12,602,1177,1996
13,40,873,1996
14,81,873,1996
15,126,873,1996
16,373,873,1996
17,446,873,1996
18,485,873,1996
19,566,873,1996
20,588,873,1996
21,81,1178,1996
22,126,1178,1996
23,14,116,1996
24,58,116,1996
25,117,116,1996
26,379,116,1996
27,602,116,1996
28,604,116,1996
29,40,874,1996
30,94,874,1996
31,373,874,1996
32,541,874,1996
33,40,868,1996
34,117,868,1996
35,373,868,1996
36,602,868,1996
37,94,1237,1996
38,126,1237,1996
39,386,1237,1996
40,541,1237,1996
41,117,45,1996
42,126,45,1996
43,468,45,1996
44,584,45,1996
45,117,46,1996
46,126,46,1996
47,584,46,1996
48,6,1107,1996
49,94,1107,1996
50,117,1107,1996
51,541,1107,1996
52,126,57,1996
53,136,57,1996
54,145,57,1996
55,314,57,1996
56,394,57,1996
57,436,57,1996
58,498,57,1996
59,126,63,1996
60,191,63,1996
61,314,63,1996
62,394,63,1996
63,588,63,1996
64,126,66,1996
65,314,66,1996
66,394,66,1996
67,126,61,1996
68,136,61,1996
69,436,61,1996
70,588,61,1996
71,126,60,1996
72,136,60,1996
73,436,60,1996
74,38,813,1996
75,94,813,1996
76,235,813,1996
77,373,813,1996
78,94,1234,1996
79,121,1234,1996
80,373,1234,1996
81,559,1234,1996
82,94,1250,1996
83,455,1250,1996
84,14,110,1996
85,314,110,1996
86,191,361,1996
87,314,361,1996
88,386,361,1996
89,446,361,1996
90,126,59,1996
91,136,59,1996
92,314,59,1996
93,379,59,1996
94,6,1092,1996
95,126,1092,1996
96,126,58,1996
97,136,58,1996
98,314,58,1996
99,126,65,1996
100,314,65,1996
101,126,56,1996
102,136,56,1996
103,14,117,1996
104,81,117,1996
105,379,117,1996
106,411,117,1996
107,38,809,1996
108,81,809,1996
109,373,809,1996
110,386,809,1996
111,541,809,1996
112,588,809,1996
113,81,1184,1996
114,373,1184,1996
115,411,1184,1996
116,588,1184,1996
117,81,1188,1996
118,411,1188,1996
119,81,1185,1996
120,373,1185,1996
121,588,1185,1996
122,14,111,1996
123,373,111,1996
124,379,111,1996
125,541,111,1996
126,14,112,1996
127,379,112,1996
128,386,841,1996
129,541,841,1996
130,58,1074,1996
131,109,1074,1996
132,373,779,1996
133,386,779,1996
134,524,779,1996
135,373,782,1996
136,444,782,1996
137,38,795,1996
138,191,795,1996
139,524,795,1996
140,117,49,1996
141,136,49,1996
142,584,49,1996
143,602,49,1996
144,117,52,1996
145,602,52,1996
146,117,51,1996
147,584,51,1996
148,58,1077,1996
149,126,1077,1996
150,38,812,1996
151,94,812,1996
152,126,812,1996
153,485,812,1996
154,588,812,1996
155,126,68,1996
156,485,68,1996
157,588,68,1996
158,94,1236,1996
159,126,1236,1996
160,133,1236,1996
161,94,1235,1996
162,126,1235,1996
163,126,69,1996
164,588,69,1996
165,38,806,1996
166,588,806,1996
167,81,1183,1996
168,314,1183,1996
169,446,1183,1996
170,81,1182,1996
171,314,1182,1996
172,81,1189,1996
173,446,1189,1996
174,5,987,1996
175,314,987,1996
176,26,540,1996
177,38,540,1996
178,314,540,1996
179,386,540,1996
180,446,540,1996
181,566,540,1996
182,446,929,1996
183,566,929,1996
184,385,829,1996
185,386,829,1996
186,38,803,1996
187,559,803,1996
188,38,799,1996
189,386,799,1996
190,58,1076,1996
191,117,1076,1996
192,136,1076,1996
193,94,1248,1996
194,373,1248,1996
195,386,1248,1996
196,117,48,1996
197,136,48,1996
198,373,48,1996
199,58,1086,1996
200,94,1086,1996
201,117,1086,1996
202,121,1086,1996
203,373,1086,1996
204,58,1075,1996
205,117,1075,1996
206,117,50,1996
207,373,50,1996
208,94,1232,1996
209,117,1232,1996
210,386,1232,1996
211,94,1231,1996
212,117,1231,1996
213,94,1233,1996
214,121,1233,1996
215,373,1233,1996
216,94,1247,1996
217,373,1247,1996
218,117,47,1996
219,136,47,1996
220,58,1085,1996
221,94,1085,1996
222,373,785,1996
223,468,785,1996
224,99,1269,1996
225,353,1269,1996
226,373,1269,1996
227,559,1269,1996
228,136,92,1996
229,314,92,1996
230,604,92,1996
231,136,98,1996
232,446,98,1996
233,136,88,1996
234,181,88,1996
235,314,88,1996
236,136,91,1996
237,314,91,1996
238,181,236,1996
239,314,236,1996
240,446,236,1996
241,181,235,1996
242,314,235,1996
243,314,707,1996
244,386,707,1996
245,446,707,1996
246,314,710,1996
247,446,710,1996
248,94,1244,1996
249,314,1244,1996
250,386,1244,1996
251,588,1244,1996
252,94,1239,1996
253,133,1239,1996
254,386,1239,1996
255,314,711,1996
256,588,711,1996
257,94,1240,1996
258,133,1240,1996
259,588,1240,1996
260,94,1254,1996
261,588,1254,1996
262,94,1238,1996
263,133,1238,1996
264,94,1249,1996
265,386,1249,1996
266,99,1266,1996
267,181,1266,1996
268,373,1266,1996
269,58,1083,1996
270,536,1083,1996
271,58,1079,1996
272,373,1079,1996
273,386,1079,1996
274,373,778,1996
275,386,778,1996
276,99,1272,1996
277,373,1272,1996
278,99,1264,1996
279,136,1264,1996
280,588,1264,1996
281,136,101,1996
282,588,101,1996
283,102,10,1996
284,386,10,1996
285,386,842,1996
286,559,842,1996
287,99,1271,1996
288,353,1271,1996
289,559,1271,1996
290,136,94,1996
291,353,94,1996
292,386,94,1996
293,136,96,1996
294,386,96,1996
295,99,1273,1996
296,386,1273,1996
297,14,114,1996
298,386,114,1996
299,565,114,1996
300,14,115,1996
301,386,115,1996
302,588,115,1996
303,14,113,1996
304,386,113,1996
305,536,1020,1996
306,588,1020,1996
307,181,243,1996
308,386,243,1996
309,536,243,1996
310,436,922,1996
311,584,922,1996
312,6,1106,1996
313,584,1106,1996
314,99,1274,1996
315,436,1274,1996
316,314,706,1996
317,386,706,1996
318,394,706,1996
319,314,708,1996
320,394,708,1996
321,133,82,1996
322,314,82,1996
323,386,82,1996
324,81,1181,1996
325,235,1181,1996
326,181,234,1996
327,235,234,1996
328,81,1180,1996
329,181,1180,1996
330,386,839,1996
331,524,839,1996
332,588,839,1996
333,386,838,1996
334,524,838,1996
335,284,601,1996
336,386,601,1996
337,588,601,1996
338,386,844,1996
339,588,844,1996
340,386,843,1996
341,566,843,1996
342,181,242,1996
343,386,242,1996
344,386,837,1996
345,501,837,1996
346,38,794,1996
347,181,794,1996
348,373,794,1996
349,38,797,1996
350,373,797,1996
351,541,797,1996
352,373,788,1996
353,541,788,1996
354,38,796,1996
355,373,796,1996
356,38,793,1996
357,136,793,1996
358,40,871,1996
359,373,871,1996
360,446,871,1996
361,524,871,1996
362,40,870,1996
363,373,870,1996
364,446,870,1996
365,373,786,1996
366,524,786,1996
367,284,602,1996
368,524,602,1996
369,5,988,1996
370,446,988,1996
371,38,798,1996
372,385,798,1996
373,446,798,1996
374,349,747,1996
375,468,747,1996
376,133,84,1996
377,386,84,1996
378,468,84,1996
379,133,83,1996
380,386,83,1996
381,126,64,1996
382,235,64,1996
383,394,64,1996
384,126,67,1996
385,394,67,1996
386,126,62,1996
387,170,62,1996
388,99,1265,1996
389,174,1265,1996
390,99,1270,1996
391,353,1270,1996
392,429,1270,1996
393,99,1268,1996
394,353,1268,1996
395,468,953,1996
396,566,953,1996
397,602,953,1996
398,121,53,1996
399,602,53,1996
400,58,1080,1996
401,373,1080,1996
402,559,1080,1996
403,373,784,1996
404,455,784,1996
405,559,784,1996
406,58,1078,1996
407,373,1078,1996
408,373,781,1996
409,436,781,1996
410,6,1100,1996
411,373,1100,1996
412,559,1100,1996
413,181,240,1996
414,373,240,1996
415,559,240,1996
416,6,1103,1996
417,436,1103,1996
418,373,789,1996
419,559,789,1996
420,58,1081,1996
421,411,1081,1996
422,512,1081,1996
423,602,1081,1996
424,411,886,1996
425,602,886,1996
426,58,1084,1996
427,602,1084,1996
428,38,801,1996
429,411,801,1996
430,38,805,1996
431,58,805,1996
432,81,1187,1996
433,394,1187,1996
434,588,1187,1996
435,81,1186,1996
436,394,1186,1996
437,394,858,1996
438,588,858,1996
439,81,1191,1996
440,588,1191,1996
441,6,1099,1996
442,373,1099,1996
443,379,1099,1996
444,6,1095,1996
445,181,1095,1996
446,379,1095,1996
447,6,1101,1996
448,379,1101,1996
449,6,1094,1996
450,181,1094,1996
451,373,1094,1996
452,6,1098,1996
453,373,1098,1996
454,94,1242,1996
455,191,1242,1996
456,94,1253,1996
457,584,1253,1996
458,94,1246,1996
459,353,1246,1996
460,191,366,1996
461,584,366,1996
462,191,362,1996
463,353,362,1996
464,353,757,1996
465,584,757,1996
466,136,90,1996
467,191,90,1996
468,191,363,1996
469,373,363,1996
470,284,600,1996
471,373,600,1996
472,314,704,1996
473,379,704,1996
474,379,791,1996
475,386,791,1996
476,314,705,1996
477,386,705,1996
478,136,89,1996
479,181,89,1996
480,373,89,1996
481,373,780,1996
482,395,780,1996
483,38,800,1996
484,40,800,1996
485,446,800,1996
486,40,872,1996
487,446,872,1996
488,38,802,1996
489,446,802,1996
490,314,709,1996
491,411,709,1996
492,6,1104,1996
493,486,1104,1996
494,6,1097,1996
495,314,1097,1996
496,411,885,1996
497,566,885,1996
498,181,238,1996
499,353,238,1996
500,373,238,1996
501,170,213,1996
502,181,213,1996
503,181,237,1996
504,353,237,1996
505,94,1241,1996
506,181,1241,1996
507,94,1251,1996
508,536,1251,1996
509,5,986,1996
510,181,986,1996
511,181,247,1996
512,536,247,1996
513,541,1021,1996
514,559,1021,1996
515,353,755,1996
516,436,755,1996
517,386,835,1996
518,485,835,1996
519,109,18,1996
520,386,18,1996
521,385,832,1996
522,559,832,1996
523,181,245,1996
524,436,245,1996
525,559,245,1996
526,181,248,1996
527,559,248,1996
528,181,246,1996
529,446,246,1996
530,181,251,1996
531,592,251,1996
532,373,783,1996
533,446,783,1996
534,181,239,1996
535,373,239,1996
536,94,1245,1996
537,314,1245,1996
538,541,1245,1996
539,94,1252,1996
540,541,1252,1996
541,94,1243,1996
542,314,1243,1996
543,191,360,1996
544,314,360,1996
545,191,365,1996
546,468,365,1996
547,436,921,1996
548,559,921,1996
549,235,526,1996
550,566,526,1996
551,385,833,1996
552,566,833,1996
553,353,754,1996
554,411,754,1996
555,353,756,1996
556,559,756,1996
557,446,930,1996
558,602,930,1996
559,191,364,1996
560,386,364,1996
561,386,840,1996
562,536,840,1996
563,99,1267,1996
564,191,1267,1996
565,6,1108,1996
566,99,1108,1996
567,6,1096,1996
568,191,1096,1996
569,102,8,1996
570,109,8,1996
571,102,9,1996
572,136,9,1996
573,136,99,1996
574,524,99,1996
575,38,810,1996
576,81,810,1996
577,566,810,1996
578,81,1190,1996
579,566,1190,1996
580,38,808,1996
581,81,808,1996
582,38,804,1996
583,566,804,1996
584,235,525,1996
585,314,525,1996
586,602,525,1996
587,235,524,1996
588,314,524,1996
589,181,244,1996
590,411,244,1996
591,385,830,1996
592,411,830,1996
593,181,241,1996
594,385,241,1996
595,109,17,1996
596,136,17,1996
597,373,787,1996
598,536,787,1996
599,541,1022,1996
600,602,1022,1996
601,385,831,1996
602,541,831,1996
603,566,1027,1996
604,602,1027,1996
605,181,249,1996
606,566,249,1996
607,136,93,1996
608,353,93,1996
609,136,95,1996
610,373,95,1996
611,353,753,1996
612,373,753,1996
613,94,1255,1996
614,602,1255,1996
615,38,811,1996
616,94,811,1996
617,38,807,1996
618,602,807,1996
619,136,102,1996
620,602,102,1996
621,314,703,1996
622,373,703,1996
623,6,1102,1996
624,411,1102,1996
625,385,834,1996
626,602,834,1996
627,386,836,1996
628,486,836,1996
629,40,867,1996
630,109,867,1996
631,181,250,1996
632,588,250,1996
633,136,100,1996
634,559,100,1996
635,40,869,1996
636,373,869,1996
637,58,1082,1996
638,436,1082,1996
639,181,233,1996
640,191,233,1996
641,136,97,1996
642,411,97,1996
643,373,777,1996
644,379,777,1996
645,136,87,1996
646,181,87,1996
647,6,1105,1996
648,541,1105,1996
649,314,702,1996
650,353,702,1996
651,130,70,1996
652,394,70,1996
653,6,1093,1996
654,181,1093,1996
655,38,792,1996
656,117,792,1996
657,524,1014,1996
658,566,1014,1996
659,84,1198,1997
660,270,1198,1997
661,437,1198,1997
662,270,560,1997
663,437,560,1997
664,297,641,1998
665,481,641,1998
666,263,542,1999
667,266,542,1999
668,263,544,1999
669,597,544,1999
670,4,864,1999
671,263,864,1999
672,266,552,1999
673,412,552,1999
674,199,375,1999
675,201,375,1999
676,4,863,1999
677,199,863,1999
678,266,551,1999
679,268,551,1999
680,199,379,1999
681,597,379,1999
682,266,553,1999
683,597,553,1999
684,236,527,1999
685,597,527,1999
686,199,376,1999
687,268,376,1999
688,263,543,1999
689,535,543,1999
690,199,378,1999
691,577,378,1999
692,208,400,1999
693,263,400,1999
694,554,1025,1999
695,577,1025,1999
696,115,35,2000
697,160,35,2000
698,469,35,2000
699,19,331,2000
700,57,331,2000
701,160,331,2000
702,217,331,2000
703,414,331,2000
704,115,34,2000
705,160,34,2000
706,244,34,2000
707,57,1031,2000
708,115,1031,2000
709,294,1031,2000
710,160,174,2000
711,244,174,2000
712,288,174,2000
713,19,344,2000
714,57,344,2000
715,217,344,2000
716,469,344,2000
717,160,170,2000
718,217,170,2000
719,414,170,2000
720,469,170,2000
721,19,340,2000
722,57,340,2000
723,217,340,2000
724,294,340,2000
725,414,340,2000
726,19,334,2000
727,57,334,2000
728,160,334,2000
729,294,334,2000
730,57,1037,2000
731,160,1037,2000
732,265,1037,2000
733,288,1037,2000
734,57,1038,2000
735,160,1038,2000
736,265,1038,2000
737,294,1038,2000
738,57,1067,2000
739,414,1067,2000
740,546,1067,2000
741,19,336,2000
742,57,336,2000
743,160,336,2000
744,368,336,2000
745,414,336,2000
746,160,160,2000
747,216,160,2000
748,469,160,2000
749,19,337,2000
750,57,337,2000
751,160,337,2000
752,414,337,2000
753,19,347,2000
754,57,347,2000
755,294,347,2000
756,414,347,2000
757,19,342,2000
758,57,342,2000
759,217,342,2000
760,368,342,2000
761,414,342,2000
762,57,1053,2000
763,217,1053,2000
764,603,1053,2000
765,19,352,2000
766,57,352,2000
767,368,352,2000
768,474,352,2000
769,57,1058,2000
770,294,1058,2000
771,368,1058,2000
772,474,1058,2000
773,57,1064,2000
774,368,1064,2000
775,474,1064,2000
776,19,355,2000
777,57,355,2000
778,474,355,2000
779,57,1069,2000
780,474,1069,2000
781,19,346,2000
782,57,346,2000
783,294,346,2000
784,368,346,2000
785,19,330,2000
786,57,330,2000
787,160,330,2000
788,217,330,2000
789,368,330,2000
790,19,335,2000
791,57,335,2000
792,160,335,2000
793,368,335,2000
794,19,341,2000
795,57,341,2000
796,217,341,2000
797,368,341,2000
798,57,1034,2000
799,160,1034,2000
800,217,1034,2000
801,368,1034,2000
802,19,289,2000
803,199,289,2000
804,368,289,2000
805,469,289,2000
806,19,350,2000
807,57,350,2000
808,368,350,2000
809,414,350,2000
810,469,350,2000
811,19,353,2000
812,57,353,2000
813,414,353,2000
814,469,353,2000
815,19,351,2000
816,57,351,2000
817,368,351,2000
818,469,351,2000
819,19,311,2000
820,368,311,2000
821,414,311,2000
822,469,311,2000
823,19,315,2000
824,414,315,2000
825,469,315,2000
826,197,370,2000
827,217,370,2000
828,414,370,2000
829,156,145,2000
830,294,145,2000
831,603,145,2000
832,19,298,2000
833,244,298,2000
834,57,1041,2000
835,160,1041,2000
836,294,1041,2000
837,368,1041,2000
838,603,1041,2000
839,57,1059,2000
840,294,1059,2000
841,368,1059,2000
842,603,1059,2000
843,160,163,2000
844,217,163,2000
845,288,163,2000
846,368,163,2000
847,469,163,2000
848,160,180,2000
849,288,180,2000
850,368,180,2000
851,469,180,2000
852,160,157,2000
853,202,157,2000
854,288,157,2000
855,469,157,2000
856,160,165,2000
857,217,165,2000
858,288,165,2000
859,469,165,2000
860,160,171,2000
861,217,171,2000
862,469,171,2000
863,294,638,2000
864,414,638,2000
865,469,638,2000
866,288,620,2000
867,414,620,2000
868,469,620,2000
869,288,622,2000
870,469,622,2000
871,603,622,2000
872,368,770,2000
873,414,770,2000
874,546,770,2000
875,160,179,2000
876,288,179,2000
877,368,179,2000
878,414,179,2000
879,414,896,2000
880,546,896,2000
881,160,156,2000
882,202,156,2000
883,288,156,2000
884,368,156,2000
885,160,155,2000
886,202,155,2000
887,288,155,2000
888,160,164,2000
889,217,164,2000
890,288,164,2000
891,368,164,2000
892,546,164,2000
893,160,162,2000
894,217,162,2000
895,288,162,2000
896,368,162,2000
897,160,181,2000
898,288,181,2000
899,368,181,2000
900,546,181,2000
901,368,774,2000
902,546,774,2000
903,160,195,2000
904,465,195,2000
905,19,278,2000
906,160,278,2000
907,288,278,2000
908,294,278,2000
909,160,182,2000
910,288,182,2000
911,469,182,2000
912,288,613,2000
913,294,613,2000
914,469,613,2000
915,474,966,2000
916,546,966,2000
917,265,547,2000
918,288,547,2000
919,19,328,2000
920,57,328,2000
921,115,328,2000
922,160,328,2000
923,115,33,2000
924,160,33,2000
925,57,1030,2000
926,115,1030,2000
927,19,332,2000
928,57,332,2000
929,160,332,2000
930,265,332,2000
931,57,1036,2000
932,160,1036,2000
933,265,1036,2000
934,19,359,2000
935,96,359,2000
936,217,359,2000
937,19,282,2000
938,160,282,2000
939,368,282,2000
940,414,282,2000
941,27,559,2000
942,57,559,2000
943,414,559,2000
944,57,1062,2000
945,368,1062,2000
946,414,1062,2000
947,469,1062,2000
948,57,1066,2000
949,414,1066,2000
950,469,1066,2000
951,368,769,2000
952,414,769,2000
953,469,769,2000
954,27,558,2000
955,469,558,2000
956,19,284,2000
957,160,284,2000
958,453,284,2000
959,217,423,2000
960,414,423,2000
961,469,423,2000
962,202,397,2000
963,217,397,2000
964,469,397,2000
965,19,343,2000
966,57,343,2000
967,217,343,2000
968,414,343,2000
969,57,1052,2000
970,217,1052,2000
971,414,1052,2000
972,160,177,2000
973,265,177,2000
974,368,177,2000
975,57,1043,2000
976,160,1043,2000
977,368,1043,2000
978,414,1043,2000
979,57,1045,2000
980,160,1045,2000
981,414,1045,2000
982,45,944,2000
983,368,944,2000
984,19,276,2000
985,160,276,2000
986,265,276,2000
987,160,175,2000
988,244,175,2000
989,368,175,2000
990,57,1035,2000
991,160,1035,2000
992,244,1035,2000
993,19,291,2000
994,217,291,2000
995,292,291,2000
996,57,1057,2000
997,294,1057,2000
998,368,1057,2000
999,57,1063,2000
1000,368,1063,2000
1001,469,1063,2000
1002,45,947,2000
1003,57,947,2000
1004,294,947,2000
1005,160,188,2000
1006,368,188,2000
1007,469,188,2000
1008,19,321,2000
1009,45,321,2000
1010,217,321,2000
1011,294,321,2000
1012,57,1070,2000
1013,571,1070,2000
1014,96,1257,2000
1015,160,1257,2000
1016,217,1257,2000
1017,96,1258,2000
1018,217,1258,2000
1019,19,275,2000
1020,160,275,2000
1021,217,275,2000
1022,294,275,2000
1023,19,333,2000
1024,57,333,2000
1025,160,333,2000
1026,288,333,2000
1027,57,1039,2000
1028,160,1039,2000
1029,288,1039,2000
1030,19,294,2000
1031,217,294,2000
1032,368,294,2000
1033,469,294,2000
1034,217,421,2000
1035,368,421,2000
1036,469,421,2000
1037,19,296,2000
1038,217,296,2000
1039,469,296,2000
1040,19,293,2000
1041,217,293,2000
1042,368,293,2000
1043,288,614,2000
1044,294,614,2000
1045,603,614,2000
1046,19,329,2000
1047,57,329,2000
1048,160,329,2000
1049,217,329,2000
1050,57,1033,2000
1051,160,1033,2000
1052,217,1033,2000
1053,19,280,2000
1054,160,280,2000
1055,294,280,2000
1056,469,280,2000
1057,19,271,2000
1058,115,271,2000
1059,294,271,2000
1060,115,41,2000
1061,294,41,2000
1062,368,41,2000
1063,115,40,2000
1064,294,40,2000
1065,19,286,2000
1066,160,286,2000
1067,603,286,2000
1068,19,309,2000
1069,294,309,2000
1070,603,309,2000
1071,160,172,2000
1072,217,172,2000
1073,603,172,2000
1074,160,168,2000
1075,217,168,2000
1076,368,168,2000
1077,414,168,2000
1078,160,169,2000
1079,217,169,2000
1080,414,169,2000
1081,288,612,2000
1082,294,612,2000
1083,414,612,2000
1084,19,307,2000
1085,294,307,2000
1086,368,307,2000
1087,414,307,2000
1088,45,943,2000
1089,294,943,2000
1090,603,943,2000
1091,160,166,2000
1092,217,166,2000
1093,288,166,2000
1094,546,166,2000
1095,217,427,2000
1096,546,427,2000
1097,160,183,2000
1098,288,183,2000
1099,546,183,2000
1100,288,625,2000
1101,546,625,2000
1102,294,639,2000
1103,414,639,2000
1104,603,639,2000
1105,368,771,2000
1106,414,771,2000
1107,603,771,2000
1108,19,269,2000
1109,101,269,2000
1110,160,269,2000
1111,101,6,2000
1112,414,6,2000
1113,19,338,2000
1114,57,338,2000
1115,160,338,2000
1116,469,338,2000
1117,19,354,2000
1118,57,354,2000
1119,469,354,2000
1120,19,297,2000
1121,217,297,2000
1122,603,297,2000
1123,19,292,2000
1124,217,292,2000
1125,294,292,2000
1126,414,292,2000
1127,19,274,2000
1128,160,274,2000
1129,217,274,2000
1130,288,274,2000
1131,19,273,2000
1132,160,273,2000
1133,217,273,2000
1134,160,161,2000
1135,217,161,2000
1136,288,161,2000
1137,57,1044,2000
1138,160,1044,2000
1139,368,1044,2000
1140,603,1044,2000
1141,57,1065,2000
1142,368,1065,2000
1143,603,1065,2000
1144,160,189,2000
1145,368,189,2000
1146,603,189,2000
1147,19,349,2000
1148,57,349,2000
1149,368,349,2000
1150,414,349,2000
1151,19,348,2000
1152,57,348,2000
1153,368,348,2000
1154,57,1061,2000
1155,368,1061,2000
1156,414,1061,2000
1157,160,185,2000
1158,294,185,2000
1159,368,185,2000
1160,414,185,2000
1161,57,1050,2000
1162,216,1050,2000
1163,59,1089,2000
1164,603,1089,2000
1165,217,424,2000
1166,414,424,2000
1167,474,424,2000
1168,140,118,2000
1169,414,118,2000
1170,217,417,2000
1171,294,417,2000
1172,368,417,2000
1173,57,1055,2000
1174,265,1055,2000
1175,603,1055,2000
1176,57,1051,2000
1177,217,1051,2000
1178,368,1051,2000
1179,19,283,2000
1180,160,283,2000
1181,414,283,2000
1182,115,36,2000
1183,217,36,2000
1184,265,548,2000
1185,368,548,2000
1186,217,425,2000
1187,414,425,2000
1188,603,425,2000
1189,19,277,2000
1190,160,277,2000
1191,288,277,2000
1192,292,632,2000
1193,546,632,2000
1194,57,1049,2000
1195,197,1049,2000
1196,160,167,2000
1197,217,167,2000
1198,294,167,2000
1199,19,305,2000
1200,290,305,2000
1201,414,305,2000
1202,197,369,2000
1203,217,369,2000
1204,217,415,2000
1205,245,415,2000
1206,19,299,2000
1207,245,299,2000
1208,160,187,2000
1209,294,187,2000
1210,603,187,2000
1211,19,345,2000
1212,57,345,2000
1213,294,345,2000
1214,368,773,2000
1215,474,773,2000
1216,288,623,2000
1217,474,623,2000
1218,115,39,2000
1219,288,39,2000
1220,19,270,2000
1221,115,270,2000
1222,57,1048,2000
1223,160,1048,2000
1224,469,1048,2000
1225,57,1046,2000
1226,160,1046,2000
1227,430,1046,2000
1228,57,1042,2000
1229,160,1042,2000
1230,368,1042,2000
1231,288,617,2000
1232,368,617,2000
1233,414,617,2000
1234,19,312,2000
1235,368,312,2000
1236,469,312,2000
1237,57,1032,2000
1238,156,1032,2000
1239,217,419,2000
1240,294,419,2000
1241,469,419,2000
1242,217,420,2000
1243,368,420,2000
1244,414,420,2000
1245,160,178,2000
1246,288,178,2000
1247,368,178,2000
1248,19,285,2000
1249,160,285,2000
1250,571,285,2000
1251,288,619,2000
1252,368,619,2000
1253,571,619,2000
1254,160,184,2000
1255,294,184,2000
1256,368,184,2000
1257,244,530,2000
1258,368,530,2000
1259,19,323,2000
1260,45,323,2000
1261,414,323,2000
1262,57,1040,2000
1263,160,1040,2000
1264,294,1040,2000
1265,160,191,2000
1266,414,191,2000
1267,469,191,2000
1268,414,892,2000
1269,469,892,2000
1270,156,142,2000
1271,217,142,2000
1272,294,142,2000
1273,156,144,2000
1274,294,144,2000
1275,156,141,2000
1276,217,141,2000
1277,1,2,2000
1278,414,2,2000
1279,57,1047,2000
1280,160,1047,2000
1281,453,1047,2000
1282,160,194,2000
1283,453,194,2000
1284,57,1068,2000
1285,453,1068,2000
1286,19,308,2000
1287,294,308,2000
1288,414,308,2000
1289,160,158,2000
1290,202,158,2000
1291,469,158,2000
1292,160,154,2000
1293,202,154,2000
1294,45,948,2000
1295,603,948,2000
1296,160,200,2000
1297,603,200,2000
1298,607,200,2000
1299,115,37,2000
1300,244,37,2000
1301,160,186,2000
1302,294,186,2000
1303,414,186,2000
1304,19,339,2000
1305,57,339,2000
1306,217,339,2000
1307,19,302,2000
1308,288,302,2000
1309,294,302,2000
1310,19,356,2000
1311,587,356,2000
1312,409,876,2000
1313,414,876,2000
1314,217,416,2000
1315,288,416,2000
1316,469,416,2000
1317,217,426,2000
1318,469,426,2000
1319,19,304,2000
1320,288,304,2000
1321,603,304,2000
1322,294,636,2000
1323,368,636,2000
1324,603,636,2000
1325,115,43,2000
1326,603,43,2000
1327,19,316,2000
1328,414,316,2000
1329,571,316,2000
1330,19,281,2000
1331,160,281,2000
1332,368,281,2000
1333,19,295,2000
1334,217,295,2000
1335,414,295,2000
1336,217,414,2000
1337,244,414,2000
1338,288,414,2000
1339,244,529,2000
1340,288,529,2000
1341,19,287,2000
1342,195,287,2000
1343,57,1060,2000
1344,294,1060,2000
1345,469,1060,2000
1346,19,318,2000
1347,414,318,2000
1348,603,318,2000
1349,19,317,2000
1350,414,317,2000
1351,591,317,2000
1352,414,899,2000
1353,591,899,2000
1354,45,941,2000
1355,217,941,2000
1356,414,941,2000
1357,45,945,2000
1358,414,945,2000
1359,19,322,2000
1360,45,322,2000
1361,294,322,2000
1362,45,940,2000
1363,217,940,2000
1364,294,940,2000
1365,19,320,2000
1366,45,320,2000
1367,217,320,2000
1368,19,319,2000
1369,45,319,2000
1370,217,418,2000
1371,294,418,2000
1372,414,418,2000
1373,217,422,2000
1374,368,422,2000
1375,603,422,2000
1376,202,396,2000
1377,217,396,2000
1378,288,396,2000
1379,202,398,2000
1380,288,398,2000
1381,202,395,2000
1382,217,395,2000
1383,4,866,2000
1384,603,866,2000
1385,59,1088,2000
1386,217,1088,2000
1387,19,306,2000
1388,294,306,2000
1389,368,306,2000
1390,19,279,2000
1391,160,279,2000
1392,294,279,2000
1393,19,313,2000
1394,368,313,2000
1395,603,313,2000
1396,294,635,2000
1397,368,635,2000
1398,414,635,2000
1399,101,5,2000
1400,333,5,2000
1401,101,7,2000
1402,603,7,2000
1403,288,618,2000
1404,368,618,2000
1405,469,618,2000
1406,19,303,2000
1407,288,303,2000
1408,414,303,2000
1409,27,557,2000
1410,414,557,2000
1411,45,939,2000
1412,217,939,2000
1413,19,290,2000
1414,216,290,2000
1415,156,147,2000
1416,603,147,2000
1417,414,893,2000
1418,474,893,2000
1419,19,324,2000
1420,450,324,2000
1421,202,399,2000
1422,469,399,2000
1423,19,326,2000
1424,474,326,2000
1425,19,272,2000
1426,156,272,2000
1427,4,865,2000
1428,414,865,2000
1429,265,549,2000
1430,414,549,2000
1431,160,173,2000
1432,244,173,2000
1433,195,368,2000
1434,368,368,2000
1435,45,942,2000
1436,294,942,2000
1437,57,1056,2000
1438,288,1056,2000
1439,160,197,2000
1440,546,197,2000
1441,288,628,2000
1442,603,628,2000
1443,217,413,2000
1444,224,413,2000
1445,160,201,2000
1446,607,201,2000
1447,115,42,2000
1448,368,42,2000
1449,27,556,2000
1450,294,556,2000
1451,4,862,2000
1452,19,862,2000
1453,27,554,2000
1454,160,554,2000
1455,39,852,2000
1456,217,852,2000
1457,19,301,2000
1458,27,301,2000
1459,96,1256,2000
1460,160,1256,2000
1461,39,853,2000
1462,294,853,2000
1463,414,897,2000
1464,571,897,2000
1465,368,772,2000
1466,453,772,2000
1467,1,0,2000
1468,160,0,2000
1469,368,775,2000
1470,571,775,2000
1471,27,555,2000
1472,217,555,2000
1473,216,412,2000
1474,294,412,2000
1475,160,176,2000
1476,265,176,2000
1477,265,550,2000
1478,603,550,2000
1479,19,300,2000
1480,265,300,2000
1481,409,877,2000
1482,603,877,2000
1483,115,38,2000
1484,265,38,2000
1485,288,627,2000
1486,571,627,2000
1487,160,159,2000
1488,216,159,2000
1489,57,1071,2000
1490,603,1071,2000
1491,19,357,2000
1492,591,357,2000
1493,19,314,2000
1494,409,314,2000
1495,1,1,2000
1496,19,1,2000
1497,79,1176,2000
1498,160,1176,2000
1499,160,199,2000
1500,571,199,2000
1501,19,288,2000
1502,199,288,2000
1503,217,428,2000
1504,587,428,2000
1505,294,637,2000
1506,409,637,2000
1507,19,327,2000
1508,546,327,2000
1509,294,634,2000
1510,333,634,2000
1511,244,531,2000
1512,603,531,2000
1513,57,1054,2000
1514,265,1054,2000
1515,96,1259,2000
1516,368,1259,2000
1517,96,1260,2000
1518,603,1260,2000
1519,288,611,2000
1520,294,611,2000
1521,19,325,2000
1522,453,325,2000
1523,19,310,2000
1524,333,310,2000
1525,19,358,2000
1526,607,358,2000
1527,135,85,2001
1528,234,85,2001
1529,234,523,2001
1530,555,523,2001
1531,384,828,2001
1532,555,828,2001
1533,42,908,2001
1534,384,908,2001
1535,42,907,2001
1536,288,907,2001
1537,234,522,2001
1538,414,522,2001
1539,42,911,2001
1540,555,911,2001
1541,160,198,2001
1542,555,198,2001
1543,42,905,2001
1544,135,905,2001
1545,474,967,2001
1546,555,967,2001
1547,288,616,2001
1548,367,616,2001
1549,135,86,2001
1550,288,86,2001
1551,288,626,2001
1552,555,626,2001
1553,255,538,2001
1554,474,538,2001
1555,42,909,2001
1556,422,909,2001
1557,414,888,2001
1558,422,888,2001
1559,160,190,2001
1560,414,190,2001
1561,384,827,2001
1562,474,827,2001
1563,42,906,2001
1564,234,906,2001
1565,42,910,2001
1566,474,910,2001
1567,414,893,2001
1568,474,893,2001
1569,198,372,2002
1570,325,372,2002
1571,292,631,2002
1572,448,631,2002
1573,325,719,2002
1574,391,719,2002
1575,313,698,2002
1576,392,698,2002
1577,198,374,2002
1578,448,374,2002
1579,292,630,2002
1580,391,630,2002
1581,313,699,2002
1582,448,699,2002
1583,198,371,2002
1584,313,371,2002
1585,198,373,2002
1586,391,373,2002
1587,391,856,2002
1588,448,856,2002
1589,313,696,2002
1590,325,696,2002
1591,325,720,2002
1592,448,720,2002
1593,313,697,2002
1594,391,697,2002
1595,313,701,2002
1596,479,701,2002
1597,391,855,2002
1598,414,855,2002
1599,313,700,2002
1600,474,700,2002
1601,45,946,2002
1602,448,946,2002
1603,325,721,2002
1604,479,721,2002
1605,448,932,2002
1606,479,932,2002
1607,414,894,2002
1608,479,894,2002
1609,20,381,2003
1610,104,381,2003
1611,182,381,2003
1612,20,386,2003
1613,182,386,2003
1614,474,386,2003
1615,20,385,2003
1616,182,385,2003
1617,449,385,2003
1618,182,262,2003
1619,449,262,2003
1620,20,390,2003
1621,449,390,2003
1622,20,383,2003
1623,182,383,2003
1624,342,383,2003
1625,20,382,2003
1626,160,382,2003
1627,182,382,2003
1628,20,387,2003
1629,275,387,2003
1630,20,384,2003
1631,182,384,2003
1632,448,384,2003
1633,20,388,2003
1634,293,388,2003
1635,160,192,2003
1636,427,192,2003
1637,160,196,2003
1638,474,196,2003
1639,293,633,2003
1640,474,633,2003
1641,182,256,2003
1642,312,256,2003
1643,311,695,2003
1644,474,695,2003
1645,182,255,2003
1646,293,255,2003
1647,303,657,2003
1648,311,657,2003
1649,104,13,2003
1650,474,13,2003
1651,448,931,2003
1652,474,931,2003
1653,104,12,2003
1654,182,12,2003
1655,182,257,2003
1656,342,257,2003
1657,182,253,2003
1658,288,253,2003
1659,182,252,2003
1660,275,252,2003
1661,108,16,2003
1662,474,16,2003
1663,9,1209,2003
1664,474,1209,2003
1665,20,389,2003
1666,448,389,2003
1667,160,193,2003
1668,448,193,2003
1669,182,261,2003
1670,448,261,2003
1671,182,254,2003
1672,292,254,2003
1673,275,586,2003
1674,474,586,2003
1675,427,913,2003
1676,474,913,2003
1677,182,259,2003
1678,427,259,2003
1679,182,258,2003
1680,414,258,2003
1681,108,15,2003
1682,182,15,2003
1683,275,584,2003
1684,414,584,2003
1685,275,585,2003
1686,427,585,2003
1687,414,889,2003
1688,427,889,2003
1689,414,893,2003
1690,474,893,2003
1691,427,912,2003
1692,448,912,2003
1693,160,153,2003
1694,182,153,2003
1695,414,891,2003
1696,448,891,2003
1697,310,693,2004
1698,387,693,2004
1699,82,1193,2004
1700,387,1193,2004
1701,82,1194,2004
1702,425,1194,2004
1703,36,762,2004
1704,387,762,2004
1705,387,845,2004
1706,425,845,2004
1707,199,377,2004
1708,414,377,2004
1709,82,1192,2004
1710,226,1192,2004
1711,226,481,2004
1712,387,481,2004
1713,387,847,2004
1714,474,847,2004
1715,226,485,2004
1716,448,485,2004
1717,182,258,2004
1718,414,258,2004
1719,82,1195,2004
1720,448,1195,2004
1721,310,694,2004
1722,474,694,2004
1723,414,891,2004
1724,448,891,2004
1725,414,893,2004
1726,474,893,2004
1727,7,1162,2005
1728,91,1162,2005
1729,428,1162,2005
1730,502,1162,2005
1731,48,970,2005
1732,316,970,2005
1733,287,604,2005
1734,316,604,2005
1735,608,604,2005
1736,287,605,2005
1737,428,605,2005
1738,608,605,2005
1739,194,367,2005
1740,287,367,2005
1741,91,1210,2005
1742,156,1210,2005
1743,428,1210,2005
1744,608,1210,2005
1745,226,482,2005
1746,428,482,2005
1747,552,482,2005
1748,608,482,2005
1749,221,474,2005
1750,478,474,2005
1751,287,608,2005
1752,488,608,2005
1753,608,608,2005
1754,226,483,2005
1755,428,483,2005
1756,608,483,2005
1757,91,1212,2005
1758,287,1212,2005
1759,428,1212,2005
1760,91,1216,2005
1761,316,1216,2005
1762,428,1216,2005
1763,91,1218,2005
1764,428,1218,2005
1765,438,1218,2005
1766,448,936,2005
1767,552,936,2005
1768,428,918,2005
1769,448,918,2005
1770,608,918,2005
1771,91,1222,2005
1772,448,1222,2005
1773,448,938,2005
1774,608,938,2005
1775,91,1224,2005
1776,462,1224,2005
1777,478,1224,2005
1778,428,916,2005
1779,438,916,2005
1780,608,916,2005
1781,91,1225,2005
1782,462,1225,2005
1783,608,1225,2005
1784,91,1230,2005
1785,552,1230,2005
1786,608,1230,2005
1787,91,1219,2005
1788,428,1219,2005
1789,552,1219,2005
1790,156,146,2005
1791,428,146,2005
1792,608,146,2005
1793,91,1213,2005
1794,287,1213,2005
1795,478,1213,2005
1796,91,1226,2005
1797,478,1226,2005
1798,221,472,2005
1799,428,472,2005
1800,226,486,2005
1801,552,486,2005
1802,91,1220,2005
1803,428,1220,2005
1804,608,1220,2005
1805,91,1214,2005
1806,287,1214,2005
1807,608,1214,2005
1808,91,1217,2005
1809,316,1217,2005
1810,608,1217,2005
1811,91,1215,2005
1812,316,1215,2005
1813,286,603,2005
1814,608,603,2005
1815,438,927,2005
1816,552,927,2005
1817,608,927,2005
1818,316,713,2005
1819,428,713,2005
1820,608,713,2005
1821,428,919,2005
1822,552,919,2005
1823,608,919,2005
1824,226,480,2005
1825,287,480,2005
1826,182,260,2005
1827,438,260,2005
1828,428,915,2005
1829,438,915,2005
1830,552,915,2005
1831,428,914,2005
1832,438,914,2005
1833,448,914,2005
1834,438,925,2005
1835,502,925,2005
1836,608,925,2005
1837,7,1152,2005
1838,199,1152,2005
1839,7,1154,2005
1840,221,1154,2005
1841,221,473,2005
1842,462,473,2005
1843,7,1158,2005
1844,462,1158,2005
1845,156,143,2005
1846,287,143,2005
1847,438,926,2005
1848,552,926,2005
1849,346,745,2005
1850,428,745,2005
1851,91,1228,2005
1852,502,1228,2005
1853,221,475,2005
1854,608,475,2005
1855,316,712,2005
1856,428,712,2005
1857,226,487,2005
1858,608,487,2005
1859,502,1005,2005
1860,608,1005,2005
1861,396,861,2005
1862,608,861,2005
1863,7,1161,2005
1864,91,1161,2005
1865,260,541,2005
1866,287,541,2005
1867,287,609,2005
1868,552,609,2005
1869,91,1227,2005
1870,488,1227,2005
1871,287,610,2005
1872,594,610,2005
1873,462,952,2005
1874,608,952,2005
1875,387,846,2005
1876,428,846,2005
1877,478,968,2005
1878,608,968,2005
1879,396,859,2005
1880,428,859,2005
1881,396,860,2005
1882,502,860,2005
1883,7,1155,2005
1884,287,1155,2005
1885,428,917,2005
1886,448,917,2005
1887,66,1130,2005
1888,608,1130,2005
1889,156,148,2005
1890,608,148,2005
1891,316,715,2005
1892,608,715,2005
1893,287,607,2005
1894,462,607,2005
1895,48,969,2005
1896,287,969,2005
1897,387,849,2005
1898,552,849,2005
1899,182,263,2005
1900,608,263,2005
1901,462,950,2005
1902,478,950,2005
1903,346,746,2005
1904,608,746,2005
1905,488,980,2005
1906,608,980,2005
1907,7,1160,2005
1908,608,1160,2005
1909,316,714,2005
1910,438,714,2005
1911,438,924,2005
1912,462,924,2005
1913,91,1229,2005
1914,552,1229,2005
1915,7,1159,2005
1916,552,1159,2005
1917,226,484,2005
1918,438,484,2005
1919,7,1156,2005
1920,428,1156,2005
1921,387,851,2005
1922,608,851,2005
1923,287,606,2005
1924,438,606,2005
1925,91,1211,2005
1926,287,1211,2005
1927,438,923,2005
1928,448,923,2005
1929,414,890,2005
1930,438,890,2005
1931,91,1221,2005
1932,438,1221,2005
1933,7,1153,2005
1934,218,1153,2005
1935,91,1223,2005
1936,462,1223,2005
1937,7,1157,2005
1938,438,1157,2005
1939,7,1151,2005
1940,182,1151,2005
1941,34,744,2006
1942,68,744,2006
1943,132,744,2006
1944,64,1129,2006
1945,68,1129,2006
1946,167,1129,2006
1947,64,1125,2006
1948,167,1125,2006
1949,381,820,2006
1950,462,820,2006
1951,132,76,2006
1952,370,76,2006
1953,462,76,2006
1954,144,127,2006
1955,381,127,2006
1956,144,126,2006
1957,187,126,2006
1958,68,1143,2006
1959,370,1143,2006
1960,68,1136,2006
1961,187,1136,2006
1962,381,1136,2006
1963,75,1168,2006
1964,462,1168,2006
1965,64,1127,2006
1966,542,1127,2006
1967,68,1133,2006
1968,132,1133,2006
1969,381,1133,2006
1970,187,267,2006
1971,462,267,2006
1972,68,1132,2006
1973,129,1132,2006
1974,187,265,2006
1975,309,265,2006
1976,167,210,2006
1977,187,210,2006
1978,75,1166,2006
1979,167,1166,2006
1980,68,1142,2006
1981,289,1142,2006
1982,34,741,2006
1983,187,741,2006
1984,167,211,2006
1985,510,211,2006
1986,132,73,2006
1987,187,73,2006
1988,144,125,2006
1989,167,125,2006
1990,68,1140,2006
1991,259,1140,2006
1992,132,75,2006
1993,370,75,2006
1994,68,1135,2006
1995,167,1135,2006
1996,264,545,2006
1997,423,545,2006
1998,68,1139,2006
1999,257,1139,2006
2000,68,1145,2006
2001,462,1145,2006
2002,68,1141,2006
2003,264,1141,2006
2004,132,80,2006
2005,510,80,2006
2006,132,78,2006
2007,462,78,2006
2008,34,740,2006
2009,132,740,2006
2010,264,546,2006
2011,542,546,2006
2012,64,1124,2006
2013,132,1124,2006
2014,34,743,2006
2015,68,743,2006
2016,64,1126,2006
2017,381,1126,2006
2018,132,72,2006
2019,167,72,2006
2020,381,823,2006
2021,542,823,2006
2022,132,77,2006
2023,381,77,2006
2024,132,81,2006
2025,542,81,2006
2026,64,1128,2006
2027,68,1128,2006
2028,187,266,2006
2029,381,266,2006
2030,68,1150,2006
2031,75,1150,2006
2032,68,1144,2006
2033,387,1144,2006
2034,68,1146,2006
2035,510,1146,2006
2036,75,1167,2006
2037,381,1167,2006
2038,68,1138,2006
2039,226,1138,2006
2040,167,212,2006
2041,542,212,2006
2042,34,742,2006
2043,381,742,2006
2044,68,1147,2006
2045,542,1147,2006
2046,232,515,2006
2047,438,515,2006
2048,219,450,2007
2049,307,450,2007
2050,570,450,2007
2051,580,450,2007
2052,166,204,2007
2053,219,204,2007
2054,307,204,2007
2055,483,204,2007
2056,573,204,2007
2057,166,208,2007
2058,307,208,2007
2059,480,208,2007
2060,570,208,2007
2061,307,681,2007
2062,570,681,2007
2063,606,681,2007
2064,274,565,2007
2065,307,565,2007
2066,480,565,2007
2067,570,565,2007
2068,166,206,2007
2069,274,206,2007
2070,307,206,2007
2071,166,207,2007
2072,307,207,2007
2073,219,445,2007
2074,307,445,2007
2075,480,445,2007
2076,483,445,2007
2077,307,666,2007
2078,359,666,2007
2079,483,666,2007
2080,219,435,2007
2081,274,435,2007
2082,307,435,2007
2083,483,435,2007
2084,219,448,2007
2085,307,448,2007
2086,483,448,2007
2087,230,493,2007
2088,307,493,2007
2089,480,493,2007
2090,483,493,2007
2091,570,493,2007
2092,307,674,2007
2093,480,674,2007
2094,483,674,2007
2095,570,674,2007
2096,230,495,2007
2097,307,495,2007
2098,570,495,2007
2099,219,446,2007
2100,307,446,2007
2101,480,446,2007
2102,570,446,2007
2103,573,446,2007
2104,219,451,2007
2105,307,451,2007
2106,573,451,2007
2107,274,577,2007
2108,480,577,2007
2109,570,577,2007
2110,219,462,2007
2111,480,462,2007
2112,570,462,2007
2113,230,497,2007
2114,307,497,2007
2115,593,497,2007
2116,307,675,2007
2117,480,675,2007
2118,483,675,2007
2119,580,675,2007
2120,448,934,2007
2121,480,934,2007
2122,606,934,2007
2123,274,564,2007
2124,307,564,2007
2125,480,564,2007
2126,483,564,2007
2127,307,670,2007
2128,416,670,2007
2129,483,670,2007
2130,307,679,2007
2131,483,679,2007
2132,573,679,2007
2133,307,682,2007
2134,573,682,2007
2135,274,578,2007
2136,480,578,2007
2137,593,578,2007
2138,187,268,2007
2139,593,268,2007
2140,219,440,2007
2141,274,440,2007
2142,573,440,2007
2143,219,463,2007
2144,480,463,2007
2145,573,463,2007
2146,219,468,2007
2147,573,468,2007
2148,219,454,2007
2149,307,454,2007
2150,593,454,2007
2151,606,454,2007
2152,219,455,2007
2153,307,455,2007
2154,606,455,2007
2155,307,685,2007
2156,593,685,2007
2157,606,685,2007
2158,230,492,2007
2159,307,492,2007
2160,480,492,2007
2161,483,492,2007
2162,219,447,2007
2163,307,447,2007
2164,480,447,2007
2165,580,447,2007
2166,219,452,2007
2167,307,452,2007
2168,580,452,2007
2169,219,434,2007
2170,274,434,2007
2171,307,434,2007
2172,480,434,2007
2173,219,438,2007
2174,274,438,2007
2175,480,438,2007
2176,606,438,2007
2177,219,437,2007
2178,274,437,2007
2179,480,437,2007
2180,483,437,2007
2181,274,566,2007
2182,307,566,2007
2183,480,566,2007
2184,606,566,2007
2185,132,74,2007
2186,274,74,2007
2187,307,74,2007
2188,274,563,2007
2189,307,563,2007
2190,448,563,2007
2191,480,563,2007
2192,166,203,2007
2193,219,203,2007
2194,274,203,2007
2195,166,202,2007
2196,219,202,2007
2197,166,205,2007
2198,274,205,2007
2199,416,903,2007
2200,483,903,2007
2201,606,903,2007
2202,480,972,2007
2203,483,972,2007
2204,606,972,2007
2205,416,902,2007
2206,483,902,2007
2207,232,509,2007
2208,274,509,2007
2209,307,509,2007
2210,480,509,2007
2211,219,431,2007
2212,232,431,2007
2213,274,431,2007
2214,480,431,2007
2215,232,510,2007
2216,274,510,2007
2217,480,510,2007
2218,274,574,2007
2219,448,574,2007
2220,480,574,2007
2221,288,615,2007
2222,307,615,2007
2223,480,615,2007
2224,414,895,2007
2225,480,895,2007
2226,226,479,2007
2227,274,479,2007
2228,219,458,2007
2229,381,458,2007
2230,606,458,2007
2231,219,466,2007
2232,483,466,2007
2233,606,466,2007
2234,483,977,2007
2235,606,977,2007
2236,219,430,2007
2237,230,430,2007
2238,307,430,2007
2239,219,464,2007
2240,480,464,2007
2241,606,464,2007
2242,307,673,2007
2243,480,673,2007
2244,483,673,2007
2245,219,461,2007
2246,480,461,2007
2247,483,461,2007
2248,219,449,2007
2249,307,449,2007
2250,570,449,2007
2251,219,467,2007
2252,570,467,2007
2253,166,209,2007
2254,480,209,2007
2255,570,209,2007
2256,480,971,2007
2257,483,971,2007
2258,570,971,2007
2259,219,453,2007
2260,307,453,2007
2261,593,453,2007
2262,307,676,2007
2263,480,676,2007
2264,570,676,2007
2265,230,496,2007
2266,307,496,2007
2267,580,496,2007
2268,307,665,2007
2269,359,665,2007
2270,307,678,2007
2271,483,678,2007
2272,570,678,2007
2273,274,579,2007
2274,480,579,2007
2275,606,579,2007
2276,274,576,2007
2277,480,576,2007
2278,483,576,2007
2279,230,489,2007
2280,232,489,2007
2281,274,489,2007
2282,274,567,2007
2283,307,567,2007
2284,483,567,2007
2285,274,568,2007
2286,307,568,2007
2287,606,568,2007
2288,359,759,2007
2289,416,759,2007
2290,593,759,2007
2291,219,444,2007
2292,307,444,2007
2293,480,444,2007
2294,230,503,2007
2295,570,503,2007
2296,593,503,2007
2297,230,502,2007
2298,570,502,2007
2299,230,505,2007
2300,593,505,2007
2301,230,494,2007
2302,307,494,2007
2303,483,494,2007
2304,307,680,2007
2305,483,680,2007
2306,593,680,2007
2307,307,684,2007
2308,593,684,2007
2309,219,436,2007
2310,274,436,2007
2311,448,436,2007
2312,307,677,2007
2313,480,677,2007
2314,580,677,2007
2315,219,460,2007
2316,448,460,2007
2317,480,460,2007
2318,219,441,2007
2319,274,441,2007
2320,580,441,2007
2321,230,499,2007
2322,448,499,2007
2323,219,433,2007
2324,274,433,2007
2325,307,433,2007
2326,274,562,2007
2327,307,562,2007
2328,387,562,2007
2329,219,457,2007
2330,381,457,2007
2331,573,1073,2007
2332,580,1073,2007
2333,274,581,2007
2334,573,581,2007
2335,230,491,2007
2336,274,491,2007
2337,307,491,2007
2338,219,439,2007
2339,274,439,2007
2340,483,439,2007
2341,219,465,2007
2342,483,465,2007
2343,580,1087,2007
2344,593,1087,2007
2345,219,442,2007
2346,274,442,2007
2347,593,442,2007
2348,274,583,2007
2349,593,583,2007
2350,274,561,2007
2351,288,561,2007
2352,480,561,2007
2353,288,624,2007
2354,480,624,2007
2355,219,443,2007
2356,307,443,2007
2357,448,443,2007
2358,307,667,2007
2359,381,667,2007
2360,381,819,2007
2361,448,819,2007
2362,288,621,2007
2363,448,621,2007
2364,226,485,2007
2365,448,485,2007
2366,219,459,2007
2367,387,459,2007
2368,473,965,2007
2369,480,965,2007
2370,274,580,2007
2371,570,580,2007
2372,483,976,2007
2373,580,976,2007
2374,230,490,2007
2375,274,490,2007
2376,381,822,2007
2377,483,822,2007
2378,570,1072,2007
2379,580,1072,2007
2380,219,429,2007
2381,230,429,2007
2382,230,500,2007
2383,480,500,2007
2384,230,501,2007
2385,483,501,2007
2386,483,975,2007
2387,570,975,2007
2388,274,575,2007
2389,473,575,2007
2390,307,672,2007
2391,473,672,2007
2392,232,520,2007
2393,606,520,2007
2394,359,761,2007
2395,606,761,2007
2396,307,671,2007
2397,448,671,2007
2398,230,488,2007
2399,232,488,2007
2400,307,683,2007
2401,580,683,2007
2402,219,469,2007
2403,580,469,2007
2404,462,951,2007
2405,606,951,2007
2406,110,19,2007
2407,219,19,2007
2408,359,760,2007
2409,480,760,2007
2410,274,569,2007
2411,359,569,2007
2412,480,974,2007
2413,580,974,2007
2414,230,504,2007
2415,580,504,2007
2416,132,79,2007
2417,480,79,2007
2418,219,432,2007
2419,254,432,2007
2420,448,933,2007
2421,480,933,2007
2422,232,518,2007
2423,480,518,2007
2424,381,824,2007
2425,606,824,2007
2426,307,669,2007
2427,416,669,2007
2428,274,573,2007
2429,448,573,2007
2430,416,901,2007
2431,480,901,2007
2432,274,571,2007
2433,387,571,2007
2434,219,470,2007
2435,593,470,2007
2436,219,471,2007
2437,606,471,2007
2438,254,537,2007
2439,307,537,2007
2440,416,904,2007
2441,593,904,2007
2442,448,937,2007
2443,606,937,2007
2444,480,973,2007
2445,573,973,2007
2446,230,498,2007
2447,416,498,2007
2448,274,582,2007
2449,580,582,2007
2450,274,570,2007
2451,381,570,2007
2452,387,848,2007
2453,480,848,2007
2454,381,821,2007
2455,480,821,2007
2456,232,511,2007
2457,307,511,2007
2458,232,508,2007
2459,274,508,2007
2460,387,850,2007
2461,606,850,2007
2462,307,668,2007
2463,387,668,2007
2464,232,519,2007
2465,580,519,2007
2466,223,477,2008
2467,292,477,2008
2468,200,393,2008
2469,361,393,2008
2470,232,516,2008
2471,448,516,2008
2472,200,391,2008
2473,223,391,2008
2474,223,478,2008
2475,361,478,2008
2476,200,392,2008
2477,301,392,2008
2478,322,717,2008
2479,361,717,2008
2480,200,394,2008
2481,477,394,2008
2482,219,456,2008
2483,361,456,2008
2484,301,656,2008
2485,477,656,2008
2486,239,528,2008
2487,477,528,2008
2488,232,517,2008
2489,477,517,2008
2490,232,512,2008
2491,361,512,2008
2492,232,507,2008
2493,239,507,2008
2494,354,758,2008
2495,356,758,2008
2496,414,891,2008
2497,448,891,2008
2498,68,1137,2008
2499,219,1137,2008
2500,232,513,2008
2501,387,513,2008
2502,28,593,2009
2503,51,593,2009
2504,590,593,2009
2505,600,593,2009
2506,369,776,2009
2507,600,776,2009
2508,335,739,2009
2509,600,739,2009
2510,28,596,2009
2511,590,596,2009
2512,600,596,2009
2513,390,854,2009
2514,600,854,2009
2515,68,1148,2009
2516,590,1148,2009
2517,28,597,2009
2518,68,597,2009
2519,51,1007,2009
2520,271,1007,2009
2521,68,1149,2009
2522,600,1149,2009
2523,28,595,2009
2524,590,595,2009
2525,51,1008,2009
2526,590,1008,2009
2527,28,592,2009
2528,51,592,2009
2529,51,1009,2009
2530,600,1009,2009
2531,28,594,2009
2532,522,594,2009
2533,28,591,2009
2534,390,591,2009
2535,414,898,2009
2536,573,898,2009
2537,330,734,2010
2538,464,734,2010
2539,330,732,2010
2540,431,732,2010
2541,330,733,2010
2542,434,733,2010
2543,158,149,2010
2544,508,149,2010
2545,330,735,2010
2546,590,735,2010
2547,590,1090,2010
2548,605,1090,2010
2549,434,920,2010
2550,605,920,2010
2551,274,572,2010
2552,414,572,2010
2553,232,514,2010
2554,414,514,2010
2555,55,1023,2011
2556,406,1023,2011
2557,414,891,2011
2558,448,891,2011
2559,246,532,2012
2560,332,532,2012
2561,442,928,2012
2562,489,928,2012
2563,377,790,2012
2564,489,790,2012
2565,489,982,2012
2566,520,982,2012
2567,131,71,2012
2568,489,71,2012
2569,116,44,2012
2570,489,44,2012
2571,280,598,2012
2572,489,598,2012
2573,484,978,2012
2574,489,978,2012
2575,211,406,2012
2576,489,406,2012
2577,83,1196,2012
2578,432,1196,2012
2579,489,981,2012
2580,490,981,2012
2581,83,1197,2012
2582,489,1197,2012
2583,249,536,2012
2584,489,536,2012
2585,332,738,2012
2586,489,738,2012
2587,292,631,2013
2588,448,631,2013
2589,21,402,2014
2590,222,402,2014
2591,222,476,2014
2592,448,476,2014
2593,177,220,2015
2594,308,220,2015
2595,466,220,2015
2596,308,689,2015
2597,426,689,2015
2598,298,650,2015
2599,497,650,2015
2600,76,1174,2015
2601,497,1174,2015
2602,177,217,2015
2603,298,217,2015
2604,466,217,2015
2605,177,226,2015
2606,466,226,2015
2607,21,403,2015
2608,298,403,2015
2609,487,979,2015
2610,497,979,2015
2611,76,1170,2015
2612,193,1170,2015
2613,177,222,2015
2614,323,222,2015
2615,497,222,2015
2616,308,687,2015
2617,323,687,2015
2618,76,1175,2015
2619,509,1175,2015
2620,63,1116,2015
2621,177,1116,2015
2622,298,1116,2015
2623,177,214,2015
2624,233,214,2015
2625,63,1117,2015
2626,298,1117,2015
2627,344,1117,2015
2628,63,1120,2015
2629,344,1120,2015
2630,308,691,2015
2631,487,691,2015
2632,177,225,2015
2633,426,225,2015
2634,497,225,2015
2635,177,227,2015
2636,497,227,2015
2637,143,123,2015
2638,298,123,2015
2639,509,123,2015
2640,509,1006,2015
2641,563,1006,2015
2642,317,716,2015
2643,509,716,2015
2644,63,1122,2015
2645,466,1122,2015
2646,2,380,2015
2647,298,380,2015
2648,231,506,2015
2649,308,506,2015
2650,308,692,2015
2651,497,692,2015
2652,177,218,2015
2653,298,218,2015
2654,509,218,2015
2655,177,216,2015
2656,292,216,2015
2657,292,629,2015
2658,308,629,2015
2659,76,1173,2015
2660,317,1173,2015
2661,63,1119,2015
2662,323,1119,2015
2663,177,219,2015
2664,308,219,2015
2665,63,1123,2015
2666,509,1123,2015
2667,308,688,2015
2668,393,688,2015
2669,308,690,2015
2670,466,690,2015
2671,63,1118,2015
2672,308,1118,2015
2673,21,401,2015
2674,177,401,2015
2675,76,1169,2015
2676,177,1169,2015
2677,308,686,2015
2678,317,686,2015
2679,177,221,2015
2680,323,221,2015
2681,63,1114,2015
2682,143,1114,2015
2683,21,404,2015
2684,308,404,2015
2685,298,649,2015
2686,487,649,2015
2687,177,215,2015
2688,249,215,2015
2689,103,11,2015
2690,177,11,2015
2691,63,1121,2015
2692,426,1121,2015
2693,63,1113,2015
2694,103,1113,2015
2695,143,124,2015
2696,487,124,2015
2697,298,645,2015
2698,344,645,2015
2699,76,1171,2015
2700,298,1171,2015
2701,298,647,2015
2702,426,647,2015
2703,63,1115,2015
2704,177,1115,2015
2705,393,857,2015
2706,426,857,2015
2707,105,14,2015
2708,298,14,2015
2709,143,122,2015
2710,298,122,2015
2711,177,224,2015
2712,426,224,2015
2713,256,539,2015
2714,298,539,2015
2715,298,642,2015
2716,308,642,2015
2717,76,1172,2015
2718,308,1172,2015
2719,298,651,2015
2720,506,651,2015
2721,249,535,2015
2722,298,535,2015
2723,298,648,2015
2724,448,648,2015
2725,298,646,2015
2726,393,646,2015
2727,298,644,2015
2728,318,644,2015
2729,298,654,2015
2730,563,654,2015
2731,177,223,2015
2732,393,223,2015
2733,177,228,2015
2734,563,228,2015
2735,292,631,2015
2736,448,631,2015
2737,323,718,2015
2738,448,718,2015
2739,298,643,2015
2740,317,643,2015
2741,21,405,2015
2742,317,405,2015
2743,41,879,2016
2744,247,879,2016
2745,525,1017,2016
2746,564,1017,2016
2747,305,661,2016
2748,495,661,2016
2749,41,883,2016
2750,448,883,2016
2751,41,882,2016
2752,424,882,2016
2753,18,231,2016
2754,495,231,2016
2755,495,985,2016
2756,560,985,2016
2757,139,107,2016
2758,495,107,2016
2759,525,107,2016
2760,495,984,2016
2761,534,984,2016
2762,125,55,2016
2763,534,55,2016
2764,298,655,2016
2765,564,655,2016
2766,534,1018,2016
2767,560,1018,2016
2768,448,935,2016
2769,534,935,2016
2770,73,1165,2016
2771,298,1165,2016
2772,448,1165,2016
2773,18,230,2016
2774,305,230,2016
2775,18,232,2016
2776,525,232,2016
2777,10,4,2016
2778,424,4,2016
2779,495,983,2016
2780,525,983,2016
2781,525,1016,2016
2782,560,1016,2016
2783,41,878,2016
2784,139,878,2016
2785,125,54,2016
2786,139,54,2016
2787,18,229,2016
2788,139,229,2016
2789,21,403,2016
2790,298,403,2016
2791,73,1163,2016
2792,139,1163,2016
2793,139,106,2016
2794,495,106,2016
2795,139,109,2016
2796,560,109,2016
2797,139,104,2016
2798,339,104,2016
2799,305,663,2016
2800,534,663,2016
2801,139,105,2016
2802,418,105,2016
2803,41,884,2016
2804,73,884,2016
2805,139,108,2016
2806,534,108,2016
2807,305,659,2016
2808,339,659,2016
2809,298,653,2016
2810,560,653,2016
2811,10,3,2016
2812,139,3,2016
2813,139,103,2016
2814,305,103,2016
2815,298,652,2016
2816,534,652,2016
2817,534,1019,2016
2818,564,1019,2016
2819,41,880,2016
2820,298,880,2016
2821,305,660,2016
2822,448,660,2016
2823,247,533,2016
2824,305,533,2016
2825,41,881,2016
2826,339,881,2016
2827,73,1164,2016
2828,298,1164,2016
2829,525,1015,2016
2830,534,1015,2016
2831,298,648,2016
2832,448,648,2016
2833,328,730,2017
2834,561,730,2017
2835,599,730,2017
2836,50,993,2017
2837,328,993,2017
2838,365,993,2017
2839,517,993,2017
2840,50,994,2017
2841,328,994,2017
2842,517,994,2017
2843,328,727,2017
2844,517,727,2017
2845,599,727,2017
2846,50,992,2017
2847,328,992,2017
2848,365,992,2017
2849,363,763,2017
2850,461,763,2017
2851,328,725,2017
2852,461,725,2017
2853,517,725,2017
2854,517,1012,2017
2855,561,1012,2017
2856,599,1012,2017
2857,112,29,2017
2858,380,29,2017
2859,47,956,2017
2860,212,956,2017
2861,365,956,2017
2862,328,723,2017
2863,365,723,2017
2864,517,723,2017
2865,380,816,2017
2866,517,816,2017
2867,610,816,2017
2868,517,1013,2017
2869,610,1013,2017
2870,279,589,2017
2871,561,589,2017
2872,400,875,2017
2873,561,875,2017
2874,380,818,2017
2875,599,818,2017
2876,610,818,2017
2877,47,959,2017
2878,352,959,2017
2879,50,1000,2017
2880,517,1000,2017
2881,599,1000,2017
2882,328,726,2017
2883,517,726,2017
2884,561,726,2017
2885,50,995,2017
2886,328,995,2017
2887,561,995,2017
2888,380,815,2017
2889,517,815,2017
2890,50,999,2017
2891,461,999,2017
2892,365,767,2017
2893,561,767,2017
2894,352,748,2017
2895,365,748,2017
2896,15,132,2017
2897,599,132,2017
2898,50,998,2017
2899,380,998,2017
2900,561,998,2017
2901,380,817,2017
2902,561,817,2017
2903,47,954,2017
2904,141,954,2017
2905,112,31,2017
2906,599,31,2017
2907,112,30,2017
2908,561,30,2017
2909,328,728,2017
2910,551,728,2017
2911,305,658,2017
2912,328,658,2017
2913,363,764,2017
2914,599,764,2017
2915,328,724,2017
2916,461,724,2017
2917,413,887,2017
2918,517,887,2017
2919,47,963,2017
2920,561,963,2017
2921,212,409,2017
2922,517,409,2017
2923,212,407,2017
2924,328,407,2017
2925,47,957,2017
2926,279,957,2017
2927,159,150,2017
2928,365,150,2017
2929,47,964,2017
2930,599,964,2017
2931,141,120,2017
2932,517,120,2017
2933,282,599,2017
2934,599,599,2017
2935,365,768,2017
2936,610,768,2017
2937,141,121,2017
2938,599,121,2017
2939,47,958,2017
2940,328,958,2017
2941,365,765,2017
2942,517,765,2017
2943,47,962,2017
2944,517,962,2017
2945,365,766,2017
2946,551,766,2017
2947,67,1131,2017
2948,551,1131,2017
2949,141,119,2017
2950,328,119,2017
2951,328,722,2017
2952,365,722,2017
2953,352,752,2017
2954,610,752,2017
2955,159,152,2017
2956,599,152,2017
2957,279,590,2017
2958,599,590,2017
2959,159,151,2017
2960,517,151,2017
2961,279,588,2017
2962,365,588,2017
2963,328,729,2017
2964,561,729,2017
2965,461,949,2017
2966,517,949,2017
2967,114,32,2017
2968,365,32,2017
2969,15,131,2017
2970,561,131,2017
2971,50,1003,2017
2972,599,1003,2017
2973,380,814,2017
2974,414,814,2017
2975,352,750,2017
2976,561,750,2017
2977,352,751,2017
2978,599,751,2017
2979,47,960,2017
2980,365,960,2017
2981,551,1024,2017
2982,599,1024,2017
2983,50,997,2017
2984,380,997,2017
2985,50,1001,2017
2986,561,1001,2017
2987,279,587,2017
2988,328,587,2017
2989,212,408,2017
2990,365,408,2017
2991,352,749,2017
2992,517,749,2017
2993,15,130,2017
2994,50,130,2017
2995,47,955,2017
2996,159,955,2017
2997,15,128,2017
2998,328,128,2017
2999,212,411,2017
3000,599,411,2017
3001,15,129,2017
3002,365,129,2017
3003,561,1026,2017
3004,610,1026,2017
3005,414,900,2017
3006,610,900,2017
3007,50,996,2017
3008,365,996,2017
3009,47,961,2017
3010,50,961,2017
3011,50,991,2017
3012,328,991,2017
3013,89,1205,2018
3014,338,1205,2018
3015,98,1261,2018
3016,111,1261,2018
3017,111,21,2018
3018,153,21,2018
3019,567,21,2018
3020,62,1110,2018
3021,331,1110,2018
3022,111,25,2018
3023,331,25,2018
3024,596,25,2018
3025,50,989,2018
3026,111,989,2018
3027,567,989,2018
3028,567,1029,2018
3029,599,1029,2018
3030,62,1112,2018
3031,98,1112,2018
3032,98,1263,2018
3033,567,1263,2018
3034,89,1200,2018
3035,153,1200,2018
3036,567,1200,2018
3037,212,410,2018
3038,567,410,2018
3039,248,534,2018
3040,338,534,2018
3041,153,138,2018
3042,586,138,2018
3043,153,135,2018
3044,329,135,2018
3045,329,731,2018
3046,567,731,2018
3047,50,1004,2018
3048,89,1004,2018
3049,153,134,2018
3050,272,134,2018
3051,89,1203,2018
3052,329,1203,2018
3053,153,137,2018
3054,514,137,2018
3055,111,27,2018
3056,596,27,2018
3057,382,826,2018
3058,599,826,2018
3059,111,23,2018
3060,329,23,2018
3061,89,1204,2018
3062,331,1204,2018
3063,89,1208,2018
3064,599,1208,2018
3065,514,1011,2018
3066,599,1011,2018
3067,111,26,2018
3068,338,26,2018
3069,89,1207,2018
3070,596,1207,2018
3071,153,136,2018
3072,331,136,2018
3073,331,736,2018
3074,567,736,2018
3075,331,737,2018
3076,596,737,2018
3077,153,139,2018
3078,596,139,2018
3079,111,24,2018
3080,331,24,2018
3081,596,1091,2018
3082,599,1091,2018
3083,111,28,2018
3084,599,28,2018
3085,153,140,2018
3086,599,140,2018
3087,111,22,2018
3088,233,22,2018
3089,89,1199,2018
3090,111,1199,2018
3091,98,1262,2018
3092,153,1262,2018
3093,62,1109,2018
3094,111,1109,2018
3095,89,1206,2018
3096,567,1206,2018
3097,68,1134,2018
3098,153,1134,2018
3099,89,1201,2018
3100,233,1201,2018
3101,153,133,2018
3102,233,133,2018
3103,305,664,2018
3104,567,664,2018
3105,111,20,2018
3106,153,20,2018
3107,50,990,2018
3108,153,990,2018
3109,514,1010,2018
3110,567,1010,2018
3111,567,1028,2018
3112,596,1028,2018
3113,382,825,2018
3114,567,825,2018
3115,62,1111,2018
3116,567,1111,2018
3117,50,1002,2018
3118,567,1002,2018
3119,184,264,2018
3120,567,264,2018
3121,296,640,2018
3122,567,640,2018
3123,89,1202,2018
3124,306,1202,2018
3125,305,662,2018
3126,514,662,2018
3127,233,521,2018
3128,338,521,2018
