,user_id,group_id,period
0,81,1041,1996
1,126,1041,1996
2,235,1041,1996
3,314,1041,1996
4,394,1041,1996
5,81,1039,1996
6,117,1039,1996
7,126,1039,1996
8,136,1039,1996
9,411,1039,1996
10,436,1039,1996
11,584,1039,1996
12,602,1039,1996
13,40,779,1996
14,81,779,1996
15,126,779,1996
16,373,779,1996
17,446,779,1996
18,485,779,1996
19,566,779,1996
20,588,779,1996
21,81,1040,1996
22,126,1040,1996
23,14,110,1996
24,58,110,1996
25,117,110,1996
26,379,110,1996
27,602,110,1996
28,604,110,1996
29,40,780,1996
30,94,780,1996
31,373,780,1996
32,541,780,1996
33,40,774,1996
34,117,774,1996
35,373,774,1996
36,602,774,1996
37,94,1094,1996
38,126,1094,1996
39,386,1094,1996
40,541,1094,1996
41,117,43,1996
42,126,43,1996
43,468,43,1996
44,584,43,1996
45,117,44,1996
46,126,44,1996
47,584,44,1996
48,6,978,1996
49,94,978,1996
50,117,978,1996
51,541,978,1996
52,126,55,1996
53,136,55,1996
54,145,55,1996
55,314,55,1996
56,394,55,1996
57,436,55,1996
58,498,55,1996
59,126,61,1996
60,191,61,1996
61,314,61,1996
62,394,61,1996
63,588,61,1996
64,126,64,1996
65,314,64,1996
66,394,64,1996
67,126,59,1996
68,136,59,1996
69,436,59,1996
70,588,59,1996
71,126,58,1996
72,136,58,1996
73,436,58,1996
74,38,720,1996
75,94,720,1996
76,235,720,1996
77,373,720,1996
78,94,1091,1996
79,121,1091,1996
80,373,1091,1996
81,559,1091,1996
82,94,1107,1996
83,455,1107,1996
84,14,104,1996
85,314,104,1996
86,191,318,1996
87,314,318,1996
88,386,318,1996
89,446,318,1996
90,126,57,1996
91,136,57,1996
92,314,57,1996
93,379,57,1996
94,6,963,1996
95,126,963,1996
96,126,56,1996
97,136,56,1996
98,314,56,1996
99,126,63,1996
100,314,63,1996
101,126,54,1996
102,136,54,1996
103,14,111,1996
104,81,111,1996
105,379,111,1996
106,411,111,1996
107,38,716,1996
108,81,716,1996
109,373,716,1996
110,386,716,1996
111,541,716,1996
112,588,716,1996
113,81,1046,1996
114,373,1046,1996
115,411,1046,1996
116,588,1046,1996
117,81,1050,1996
118,411,1050,1996
119,81,1047,1996
120,373,1047,1996
121,588,1047,1996
122,14,105,1996
123,373,105,1996
124,379,105,1996
125,541,105,1996
126,14,106,1996
127,379,106,1996
128,386,748,1996
129,541,748,1996
130,58,945,1996
131,109,945,1996
132,373,686,1996
133,386,686,1996
134,524,686,1996
135,373,689,1996
136,444,689,1996
137,38,702,1996
138,191,702,1996
139,524,702,1996
140,117,47,1996
141,136,47,1996
142,584,47,1996
143,602,47,1996
144,117,50,1996
145,602,50,1996
146,117,49,1996
147,584,49,1996
148,58,948,1996
149,126,948,1996
150,38,719,1996
151,94,719,1996
152,126,719,1996
153,485,719,1996
154,588,719,1996
155,126,66,1996
156,485,66,1996
157,588,66,1996
158,94,1093,1996
159,126,1093,1996
160,133,1093,1996
161,94,1092,1996
162,126,1092,1996
163,126,67,1996
164,588,67,1996
165,38,713,1996
166,588,713,1996
167,81,1045,1996
168,314,1045,1996
169,446,1045,1996
170,81,1044,1996
171,314,1044,1996
172,81,1051,1996
173,446,1051,1996
174,5,881,1996
175,314,881,1996
176,26,480,1996
177,38,480,1996
178,314,480,1996
179,386,480,1996
180,446,480,1996
181,566,480,1996
182,446,832,1996
183,566,832,1996
184,385,736,1996
185,386,736,1996
186,38,710,1996
187,559,710,1996
188,38,706,1996
189,386,706,1996
190,58,947,1996
191,117,947,1996
192,136,947,1996
193,94,1105,1996
194,373,1105,1996
195,386,1105,1996
196,117,46,1996
197,136,46,1996
198,373,46,1996
199,58,957,1996
200,94,957,1996
201,117,957,1996
202,121,957,1996
203,373,957,1996
204,58,946,1996
205,117,946,1996
206,117,48,1996
207,373,48,1996
208,94,1089,1996
209,117,1089,1996
210,386,1089,1996
211,94,1088,1996
212,117,1088,1996
213,94,1090,1996
214,121,1090,1996
215,373,1090,1996
216,94,1104,1996
217,373,1104,1996
218,117,45,1996
219,136,45,1996
220,58,956,1996
221,94,956,1996
222,373,692,1996
223,468,692,1996
224,99,1126,1996
225,353,1126,1996
226,373,1126,1996
227,559,1126,1996
228,136,89,1996
229,314,89,1996
230,604,89,1996
231,136,94,1996
232,446,94,1996
233,136,85,1996
234,181,85,1996
235,314,85,1996
236,136,88,1996
237,314,88,1996
238,181,217,1996
239,314,217,1996
240,446,217,1996
241,181,216,1996
242,314,216,1996
243,314,622,1996
244,386,622,1996
245,446,622,1996
246,314,625,1996
247,446,625,1996
248,94,1101,1996
249,314,1101,1996
250,386,1101,1996
251,588,1101,1996
252,94,1096,1996
253,133,1096,1996
254,386,1096,1996
255,314,626,1996
256,588,626,1996
257,94,1097,1996
258,133,1097,1996
259,588,1097,1996
260,94,1111,1996
261,588,1111,1996
262,94,1095,1996
263,133,1095,1996
264,94,1106,1996
265,386,1106,1996
266,99,1123,1996
267,181,1123,1996
268,373,1123,1996
269,58,954,1996
270,536,954,1996
271,58,950,1996
272,373,950,1996
273,386,950,1996
274,373,685,1996
275,386,685,1996
276,99,1129,1996
277,373,1129,1996
278,99,1121,1996
279,136,1121,1996
280,588,1121,1996
281,136,97,1996
282,588,97,1996
283,102,10,1996
284,386,10,1996
285,386,749,1996
286,559,749,1996
287,99,1128,1996
288,353,1128,1996
289,559,1128,1996
290,136,91,1996
291,353,91,1996
292,386,91,1996
293,136,92,1996
294,386,92,1996
295,99,1130,1996
296,386,1130,1996
297,14,108,1996
298,386,108,1996
299,565,108,1996
300,14,109,1996
301,386,109,1996
302,588,109,1996
303,14,107,1996
304,386,107,1996
305,536,904,1996
306,588,904,1996
307,181,223,1996
308,386,223,1996
309,536,223,1996
310,436,825,1996
311,584,825,1996
312,6,977,1996
313,584,977,1996
314,99,1131,1996
315,436,1131,1996
316,314,621,1996
317,386,621,1996
318,394,621,1996
319,314,623,1996
320,394,623,1996
321,133,80,1996
322,314,80,1996
323,386,80,1996
324,81,1043,1996
325,235,1043,1996
326,181,215,1996
327,235,215,1996
328,81,1042,1996
329,181,1042,1996
330,386,746,1996
331,524,746,1996
332,588,746,1996
333,386,745,1996
334,524,745,1996
335,284,534,1996
336,386,534,1996
337,588,534,1996
338,386,750,1996
339,566,750,1996
340,181,222,1996
341,386,222,1996
342,386,744,1996
343,501,744,1996
344,38,701,1996
345,181,701,1996
346,373,701,1996
347,38,704,1996
348,373,704,1996
349,541,704,1996
350,373,695,1996
351,541,695,1996
352,38,703,1996
353,373,703,1996
354,38,700,1996
355,136,700,1996
356,40,777,1996
357,373,777,1996
358,446,777,1996
359,524,777,1996
360,40,776,1996
361,373,776,1996
362,446,776,1996
363,373,693,1996
364,524,693,1996
365,284,535,1996
366,524,535,1996
367,5,882,1996
368,446,882,1996
369,38,705,1996
370,385,705,1996
371,446,705,1996
372,349,656,1996
373,468,656,1996
374,133,82,1996
375,386,82,1996
376,468,82,1996
377,133,81,1996
378,386,81,1996
379,126,62,1996
380,235,62,1996
381,394,62,1996
382,126,65,1996
383,394,65,1996
384,126,60,1996
385,170,60,1996
386,99,1122,1996
387,174,1122,1996
388,99,1127,1996
389,353,1127,1996
390,429,1127,1996
391,99,1125,1996
392,353,1125,1996
393,468,852,1996
394,566,852,1996
395,602,852,1996
396,121,51,1996
397,602,51,1996
398,58,951,1996
399,373,951,1996
400,559,951,1996
401,373,691,1996
402,455,691,1996
403,559,691,1996
404,58,949,1996
405,373,949,1996
406,373,688,1996
407,436,688,1996
408,6,971,1996
409,373,971,1996
410,559,971,1996
411,181,220,1996
412,373,220,1996
413,559,220,1996
414,6,974,1996
415,436,974,1996
416,373,696,1996
417,559,696,1996
418,58,952,1996
419,411,952,1996
420,512,952,1996
421,602,952,1996
422,411,792,1996
423,602,792,1996
424,58,955,1996
425,602,955,1996
426,38,708,1996
427,411,708,1996
428,38,712,1996
429,58,712,1996
430,81,1049,1996
431,394,1049,1996
432,588,1049,1996
433,81,1048,1996
434,394,1048,1996
435,394,764,1996
436,588,764,1996
437,81,1053,1996
438,588,1053,1996
439,6,970,1996
440,373,970,1996
441,379,970,1996
442,6,966,1996
443,181,966,1996
444,379,966,1996
445,6,972,1996
446,379,972,1996
447,6,965,1996
448,181,965,1996
449,373,965,1996
450,6,969,1996
451,373,969,1996
452,94,1099,1996
453,191,1099,1996
454,94,1110,1996
455,584,1110,1996
456,94,1103,1996
457,353,1103,1996
458,191,323,1996
459,584,323,1996
460,191,319,1996
461,353,319,1996
462,353,665,1996
463,584,665,1996
464,136,87,1996
465,191,87,1996
466,191,320,1996
467,373,320,1996
468,284,533,1996
469,373,533,1996
470,314,620,1996
471,379,620,1996
472,379,698,1996
473,386,698,1996
474,136,86,1996
475,181,86,1996
476,373,86,1996
477,373,687,1996
478,395,687,1996
479,38,707,1996
480,40,707,1996
481,446,707,1996
482,40,778,1996
483,446,778,1996
484,38,709,1996
485,446,709,1996
486,314,624,1996
487,411,624,1996
488,6,975,1996
489,486,975,1996
490,6,968,1996
491,314,968,1996
492,411,791,1996
493,566,791,1996
494,181,219,1996
495,353,219,1996
496,373,219,1996
497,170,198,1996
498,181,198,1996
499,181,218,1996
500,353,218,1996
501,94,1098,1996
502,181,1098,1996
503,94,1108,1996
504,536,1108,1996
505,5,880,1996
506,181,880,1996
507,181,227,1996
508,536,227,1996
509,541,905,1996
510,559,905,1996
511,353,663,1996
512,436,663,1996
513,386,742,1996
514,485,742,1996
515,109,18,1996
516,386,18,1996
517,385,739,1996
518,559,739,1996
519,181,225,1996
520,436,225,1996
521,559,225,1996
522,181,228,1996
523,559,228,1996
524,181,226,1996
525,446,226,1996
526,181,231,1996
527,592,231,1996
528,373,690,1996
529,446,690,1996
530,94,1102,1996
531,314,1102,1996
532,541,1102,1996
533,94,1109,1996
534,541,1109,1996
535,94,1100,1996
536,314,1100,1996
537,191,317,1996
538,314,317,1996
539,191,322,1996
540,468,322,1996
541,436,824,1996
542,559,824,1996
543,235,466,1996
544,566,466,1996
545,385,740,1996
546,566,740,1996
547,353,662,1996
548,411,662,1996
549,353,664,1996
550,559,664,1996
551,446,833,1996
552,602,833,1996
553,191,321,1996
554,386,321,1996
555,386,747,1996
556,536,747,1996
557,99,1124,1996
558,191,1124,1996
559,6,979,1996
560,99,979,1996
561,6,967,1996
562,191,967,1996
563,102,8,1996
564,109,8,1996
565,102,9,1996
566,136,9,1996
567,136,95,1996
568,524,95,1996
569,38,717,1996
570,81,717,1996
571,566,717,1996
572,81,1052,1996
573,566,1052,1996
574,38,715,1996
575,81,715,1996
576,38,711,1996
577,566,711,1996
578,235,465,1996
579,314,465,1996
580,602,465,1996
581,235,464,1996
582,314,464,1996
583,181,224,1996
584,411,224,1996
585,385,737,1996
586,411,737,1996
587,181,221,1996
588,385,221,1996
589,109,17,1996
590,136,17,1996
591,373,694,1996
592,536,694,1996
593,541,906,1996
594,602,906,1996
595,385,738,1996
596,541,738,1996
597,566,910,1996
598,602,910,1996
599,181,229,1996
600,566,229,1996
601,136,90,1996
602,353,90,1996
603,353,661,1996
604,373,661,1996
605,94,1112,1996
606,602,1112,1996
607,38,718,1996
608,94,718,1996
609,38,714,1996
610,602,714,1996
611,136,98,1996
612,602,98,1996
613,314,619,1996
614,373,619,1996
615,6,973,1996
616,411,973,1996
617,385,741,1996
618,602,741,1996
619,386,743,1996
620,486,743,1996
621,40,773,1996
622,109,773,1996
623,181,230,1996
624,588,230,1996
625,136,96,1996
626,559,96,1996
627,40,775,1996
628,373,775,1996
629,58,953,1996
630,436,953,1996
631,181,214,1996
632,191,214,1996
633,136,93,1996
634,411,93,1996
635,373,684,1996
636,379,684,1996
637,6,976,1996
638,541,976,1996
639,314,618,1996
640,353,618,1996
641,130,68,1996
642,394,68,1996
643,6,964,1996
644,181,964,1996
645,38,699,1996
646,117,699,1996
647,524,898,1996
648,566,898,1996
649,84,1060,1997
650,270,1060,1997
651,437,1060,1997
652,270,499,1997
653,437,499,1997
654,297,568,1998
655,481,568,1998
656,263,482,1999
657,266,482,1999
658,263,484,1999
659,597,484,1999
660,4,770,1999
661,263,770,1999
662,266,492,1999
663,412,492,1999
664,199,332,1999
665,201,332,1999
666,4,769,1999
667,199,769,1999
668,266,491,1999
669,268,491,1999
670,199,336,1999
671,597,336,1999
672,266,493,1999
673,597,493,1999
674,236,467,1999
675,597,467,1999
676,199,333,1999
677,268,333,1999
678,263,483,1999
679,535,483,1999
680,199,335,1999
681,577,335,1999
682,208,357,1999
683,263,357,1999
684,554,909,1999
685,577,909,1999
686,115,33,2000
687,160,33,2000
688,469,33,2000
689,19,294,2000
690,57,294,2000
691,160,294,2000
692,217,294,2000
693,414,294,2000
694,115,32,2000
695,160,32,2000
696,244,32,2000
697,57,913,2000
698,115,913,2000
699,294,913,2000
700,160,163,2000
701,244,163,2000
702,288,163,2000
703,19,305,2000
704,57,305,2000
705,217,305,2000
706,469,305,2000
707,160,159,2000
708,217,159,2000
709,414,159,2000
710,469,159,2000
711,19,302,2000
712,57,302,2000
713,217,302,2000
714,294,302,2000
715,414,302,2000
716,19,297,2000
717,57,297,2000
718,160,297,2000
719,294,297,2000
720,57,918,2000
721,160,918,2000
722,265,918,2000
723,288,918,2000
724,57,919,2000
725,160,919,2000
726,265,919,2000
727,294,919,2000
728,57,939,2000
729,414,939,2000
730,546,939,2000
731,19,299,2000
732,57,299,2000
733,160,299,2000
734,368,299,2000
735,414,299,2000
736,160,150,2000
737,216,150,2000
738,469,150,2000
739,19,300,2000
740,57,300,2000
741,160,300,2000
742,414,300,2000
743,19,307,2000
744,57,307,2000
745,294,307,2000
746,414,307,2000
747,19,304,2000
748,57,304,2000
749,217,304,2000
750,368,304,2000
751,414,304,2000
752,57,930,2000
753,217,930,2000
754,603,930,2000
755,19,310,2000
756,57,310,2000
757,368,310,2000
758,474,310,2000
759,57,932,2000
760,294,932,2000
761,368,932,2000
762,474,932,2000
763,57,937,2000
764,368,937,2000
765,474,937,2000
766,19,312,2000
767,57,312,2000
768,474,312,2000
769,57,941,2000
770,474,941,2000
771,19,306,2000
772,57,306,2000
773,294,306,2000
774,368,306,2000
775,19,293,2000
776,57,293,2000
777,160,293,2000
778,217,293,2000
779,368,293,2000
780,19,298,2000
781,57,298,2000
782,160,298,2000
783,368,298,2000
784,19,303,2000
785,57,303,2000
786,217,303,2000
787,368,303,2000
788,57,915,2000
789,160,915,2000
790,217,915,2000
791,368,915,2000
792,19,261,2000
793,199,261,2000
794,368,261,2000
795,469,261,2000
796,19,308,2000
797,57,308,2000
798,368,308,2000
799,414,308,2000
800,469,308,2000
801,19,311,2000
802,57,311,2000
803,414,311,2000
804,469,311,2000
805,19,309,2000
806,57,309,2000
807,368,309,2000
808,469,309,2000
809,19,277,2000
810,368,277,2000
811,414,277,2000
812,469,277,2000
813,19,280,2000
814,414,280,2000
815,469,280,2000
816,197,327,2000
817,217,327,2000
818,414,327,2000
819,156,137,2000
820,294,137,2000
821,603,137,2000
822,19,268,2000
823,244,268,2000
824,57,921,2000
825,160,921,2000
826,294,921,2000
827,368,921,2000
828,603,921,2000
829,57,933,2000
830,294,933,2000
831,368,933,2000
832,603,933,2000
833,160,152,2000
834,217,152,2000
835,288,152,2000
836,368,152,2000
837,469,152,2000
838,160,167,2000
839,288,167,2000
840,368,167,2000
841,469,167,2000
842,160,147,2000
843,202,147,2000
844,288,147,2000
845,469,147,2000
846,160,154,2000
847,217,154,2000
848,288,154,2000
849,469,154,2000
850,160,160,2000
851,217,160,2000
852,469,160,2000
853,294,565,2000
854,414,565,2000
855,469,565,2000
856,288,552,2000
857,414,552,2000
858,469,552,2000
859,288,554,2000
860,469,554,2000
861,603,554,2000
862,368,677,2000
863,414,677,2000
864,546,677,2000
865,160,166,2000
866,288,166,2000
867,368,166,2000
868,414,166,2000
869,414,801,2000
870,546,801,2000
871,160,146,2000
872,202,146,2000
873,288,146,2000
874,368,146,2000
875,160,145,2000
876,202,145,2000
877,288,145,2000
878,160,153,2000
879,217,153,2000
880,288,153,2000
881,368,153,2000
882,546,153,2000
883,160,151,2000
884,217,151,2000
885,288,151,2000
886,368,151,2000
887,160,168,2000
888,288,168,2000
889,368,168,2000
890,546,168,2000
891,368,681,2000
892,546,681,2000
893,160,181,2000
894,465,181,2000
895,19,253,2000
896,160,253,2000
897,288,253,2000
898,294,253,2000
899,288,545,2000
900,294,545,2000
901,469,545,2000
902,474,862,2000
903,546,862,2000
904,265,487,2000
905,288,487,2000
906,19,291,2000
907,57,291,2000
908,115,291,2000
909,160,291,2000
910,115,31,2000
911,160,31,2000
912,57,912,2000
913,115,912,2000
914,19,295,2000
915,57,295,2000
916,160,295,2000
917,265,295,2000
918,57,917,2000
919,160,917,2000
920,265,917,2000
921,19,316,2000
922,96,316,2000
923,217,316,2000
924,19,255,2000
925,160,255,2000
926,368,255,2000
927,414,255,2000
928,27,498,2000
929,57,498,2000
930,414,498,2000
931,57,935,2000
932,368,935,2000
933,414,935,2000
934,469,935,2000
935,57,938,2000
936,414,938,2000
937,469,938,2000
938,368,676,2000
939,414,676,2000
940,469,676,2000
941,27,497,2000
942,469,497,2000
943,19,256,2000
944,160,256,2000
945,453,256,2000
946,217,378,2000
947,414,378,2000
948,469,378,2000
949,202,354,2000
950,217,354,2000
951,469,354,2000
952,160,165,2000
953,265,165,2000
954,368,165,2000
955,57,922,2000
956,160,922,2000
957,368,922,2000
958,414,922,2000
959,57,924,2000
960,160,924,2000
961,414,924,2000
962,45,844,2000
963,368,844,2000
964,19,252,2000
965,160,252,2000
966,265,252,2000
967,160,164,2000
968,244,164,2000
969,368,164,2000
970,57,916,2000
971,160,916,2000
972,244,916,2000
973,19,263,2000
974,217,263,2000
975,292,263,2000
976,57,936,2000
977,368,936,2000
978,469,936,2000
979,45,847,2000
980,57,847,2000
981,294,847,2000
982,160,174,2000
983,368,174,2000
984,469,174,2000
985,19,285,2000
986,45,285,2000
987,217,285,2000
988,294,285,2000
989,57,942,2000
990,571,942,2000
991,96,1114,2000
992,160,1114,2000
993,217,1114,2000
994,96,1115,2000
995,217,1115,2000
996,19,251,2000
997,160,251,2000
998,217,251,2000
999,294,251,2000
1000,19,296,2000
1001,57,296,2000
1002,160,296,2000
1003,288,296,2000
1004,57,920,2000
1005,160,920,2000
1006,288,920,2000
1007,19,265,2000
1008,217,265,2000
1009,368,265,2000
1010,469,265,2000
1011,217,376,2000
1012,368,376,2000
1013,469,376,2000
1014,19,266,2000
1015,217,266,2000
1016,469,266,2000
1017,288,546,2000
1018,294,546,2000
1019,603,546,2000
1020,19,292,2000
1021,57,292,2000
1022,160,292,2000
1023,217,292,2000
1024,19,254,2000
1025,160,254,2000
1026,294,254,2000
1027,469,254,2000
1028,19,248,2000
1029,115,248,2000
1030,294,248,2000
1031,115,39,2000
1032,294,39,2000
1033,368,39,2000
1034,115,38,2000
1035,294,38,2000
1036,19,258,2000
1037,160,258,2000
1038,603,258,2000
1039,19,275,2000
1040,294,275,2000
1041,603,275,2000
1042,160,161,2000
1043,217,161,2000
1044,603,161,2000
1045,160,157,2000
1046,217,157,2000
1047,368,157,2000
1048,414,157,2000
1049,160,158,2000
1050,217,158,2000
1051,414,158,2000
1052,288,544,2000
1053,294,544,2000
1054,414,544,2000
1055,19,274,2000
1056,294,274,2000
1057,368,274,2000
1058,414,274,2000
1059,45,843,2000
1060,294,843,2000
1061,603,843,2000
1062,160,155,2000
1063,217,155,2000
1064,288,155,2000
1065,546,155,2000
1066,217,381,2000
1067,546,381,2000
1068,160,169,2000
1069,288,169,2000
1070,546,169,2000
1071,294,566,2000
1072,414,566,2000
1073,603,566,2000
1074,368,678,2000
1075,414,678,2000
1076,603,678,2000
1077,19,246,2000
1078,101,246,2000
1079,160,246,2000
1080,101,6,2000
1081,414,6,2000
1082,19,301,2000
1083,57,301,2000
1084,160,301,2000
1085,469,301,2000
1086,19,267,2000
1087,217,267,2000
1088,603,267,2000
1089,19,264,2000
1090,217,264,2000
1091,294,264,2000
1092,414,264,2000
1093,19,250,2000
1094,160,250,2000
1095,217,250,2000
1096,288,250,2000
1097,57,923,2000
1098,160,923,2000
1099,368,923,2000
1100,603,923,2000
1101,160,175,2000
1102,368,175,2000
1103,603,175,2000
1104,160,171,2000
1105,294,171,2000
1106,368,171,2000
1107,414,171,2000
1108,57,929,2000
1109,216,929,2000
1110,59,960,2000
1111,603,960,2000
1112,217,379,2000
1113,414,379,2000
1114,474,379,2000
1115,140,112,2000
1116,414,112,2000
1117,217,374,2000
1118,294,374,2000
1119,368,374,2000
1120,57,931,2000
1121,265,931,2000
1122,603,931,2000
1123,115,34,2000
1124,217,34,2000
1125,265,488,2000
1126,368,488,2000
1127,217,380,2000
1128,414,380,2000
1129,603,380,2000
1130,292,561,2000
1131,546,561,2000
1132,57,928,2000
1133,197,928,2000
1134,160,156,2000
1135,217,156,2000
1136,294,156,2000
1137,19,273,2000
1138,290,273,2000
1139,414,273,2000
1140,197,326,2000
1141,217,326,2000
1142,217,372,2000
1143,245,372,2000
1144,19,269,2000
1145,245,269,2000
1146,160,173,2000
1147,294,173,2000
1148,603,173,2000
1149,368,680,2000
1150,474,680,2000
1151,288,555,2000
1152,474,555,2000
1153,115,37,2000
1154,288,37,2000
1155,19,247,2000
1156,115,247,2000
1157,57,927,2000
1158,160,927,2000
1159,469,927,2000
1160,57,925,2000
1161,160,925,2000
1162,430,925,2000
1163,288,549,2000
1164,368,549,2000
1165,414,549,2000
1166,57,914,2000
1167,156,914,2000
1168,217,375,2000
1169,294,375,2000
1170,469,375,2000
1171,19,257,2000
1172,160,257,2000
1173,571,257,2000
1174,288,551,2000
1175,368,551,2000
1176,571,551,2000
1177,160,170,2000
1178,294,170,2000
1179,368,170,2000
1180,244,470,2000
1181,368,470,2000
1182,19,287,2000
1183,45,287,2000
1184,414,287,2000
1185,160,177,2000
1186,414,177,2000
1187,469,177,2000
1188,156,134,2000
1189,217,134,2000
1190,294,134,2000
1191,156,136,2000
1192,294,136,2000
1193,156,133,2000
1194,217,133,2000
1195,1,2,2000
1196,414,2,2000
1197,57,926,2000
1198,160,926,2000
1199,453,926,2000
1200,160,180,2000
1201,453,180,2000
1202,57,940,2000
1203,453,940,2000
1204,160,148,2000
1205,202,148,2000
1206,469,148,2000
1207,160,144,2000
1208,202,144,2000
1209,45,848,2000
1210,603,848,2000
1211,160,185,2000
1212,603,185,2000
1213,607,185,2000
1214,115,35,2000
1215,244,35,2000
1216,160,172,2000
1217,294,172,2000
1218,414,172,2000
1219,19,271,2000
1220,288,271,2000
1221,294,271,2000
1222,19,313,2000
1223,587,313,2000
1224,409,782,2000
1225,414,782,2000
1226,217,373,2000
1227,288,373,2000
1228,469,373,2000
1229,19,272,2000
1230,288,272,2000
1231,603,272,2000
1232,115,41,2000
1233,603,41,2000
1234,19,281,2000
1235,414,281,2000
1236,571,281,2000
1237,217,371,2000
1238,244,371,2000
1239,288,371,2000
1240,244,469,2000
1241,288,469,2000
1242,19,259,2000
1243,195,259,2000
1244,57,934,2000
1245,294,934,2000
1246,469,934,2000
1247,19,283,2000
1248,414,283,2000
1249,603,283,2000
1250,19,282,2000
1251,414,282,2000
1252,591,282,2000
1253,414,804,2000
1254,591,804,2000
1255,45,842,2000
1256,217,842,2000
1257,414,842,2000
1258,45,845,2000
1259,414,845,2000
1260,19,286,2000
1261,45,286,2000
1262,294,286,2000
1263,45,841,2000
1264,217,841,2000
1265,294,841,2000
1266,19,284,2000
1267,45,284,2000
1268,217,284,2000
1269,217,377,2000
1270,368,377,2000
1271,603,377,2000
1272,202,353,2000
1273,217,353,2000
1274,288,353,2000
1275,202,355,2000
1276,288,355,2000
1277,202,352,2000
1278,217,352,2000
1279,4,772,2000
1280,603,772,2000
1281,59,959,2000
1282,217,959,2000
1283,19,278,2000
1284,368,278,2000
1285,603,278,2000
1286,101,5,2000
1287,333,5,2000
1288,101,7,2000
1289,603,7,2000
1290,288,550,2000
1291,368,550,2000
1292,469,550,2000
1293,27,496,2000
1294,414,496,2000
1295,19,262,2000
1296,216,262,2000
1297,156,139,2000
1298,603,139,2000
1299,414,798,2000
1300,474,798,2000
1301,19,288,2000
1302,450,288,2000
1303,202,356,2000
1304,469,356,2000
1305,19,289,2000
1306,474,289,2000
1307,19,249,2000
1308,156,249,2000
1309,4,771,2000
1310,414,771,2000
1311,265,489,2000
1312,414,489,2000
1313,160,162,2000
1314,244,162,2000
1315,195,325,2000
1316,368,325,2000
1317,217,370,2000
1318,224,370,2000
1319,160,186,2000
1320,607,186,2000
1321,115,40,2000
1322,368,40,2000
1323,27,495,2000
1324,294,495,2000
1325,4,768,2000
1326,19,768,2000
1327,39,758,2000
1328,217,758,2000
1329,19,270,2000
1330,27,270,2000
1331,96,1113,2000
1332,160,1113,2000
1333,39,759,2000
1334,294,759,2000
1335,414,802,2000
1336,571,802,2000
1337,368,679,2000
1338,453,679,2000
1339,1,0,2000
1340,160,0,2000
1341,368,682,2000
1342,571,682,2000
1343,27,494,2000
1344,217,494,2000
1345,216,369,2000
1346,294,369,2000
1347,265,490,2000
1348,603,490,2000
1349,409,783,2000
1350,603,783,2000
1351,115,36,2000
1352,265,36,2000
1353,160,149,2000
1354,216,149,2000
1355,19,314,2000
1356,591,314,2000
1357,19,279,2000
1358,409,279,2000
1359,1,1,2000
1360,19,1,2000
1361,79,1038,2000
1362,160,1038,2000
1363,160,184,2000
1364,571,184,2000
1365,19,260,2000
1366,199,260,2000
1367,217,382,2000
1368,587,382,2000
1369,294,564,2000
1370,409,564,2000
1371,19,290,2000
1372,546,290,2000
1373,294,563,2000
1374,333,563,2000
1375,244,471,2000
1376,603,471,2000
1377,96,1116,2000
1378,368,1116,2000
1379,96,1117,2000
1380,603,1117,2000
1381,19,276,2000
1382,333,276,2000
1383,19,315,2000
1384,607,315,2000
1385,135,83,2001
1386,234,83,2001
1387,234,463,2001
1388,555,463,2001
1389,384,735,2001
1390,555,735,2001
1391,42,813,2001
1392,384,813,2001
1393,42,812,2001
1394,288,812,2001
1395,234,462,2001
1396,414,462,2001
1397,160,183,2001
1398,555,183,2001
1399,42,810,2001
1400,135,810,2001
1401,474,863,2001
1402,555,863,2001
1403,288,548,2001
1404,367,548,2001
1405,135,84,2001
1406,288,84,2001
1407,288,557,2001
1408,555,557,2001
1409,255,478,2001
1410,474,478,2001
1411,42,814,2001
1412,422,814,2001
1413,414,794,2001
1414,422,794,2001
1415,160,176,2001
1416,414,176,2001
1417,384,734,2001
1418,474,734,2001
1419,42,811,2001
1420,234,811,2001
1421,42,815,2001
1422,474,815,2001
1423,414,798,2001
1424,474,798,2001
1425,198,329,2002
1426,325,329,2002
1427,292,560,2002
1428,448,560,2002
1429,325,632,2002
1430,391,632,2002
1431,313,614,2002
1432,392,614,2002
1433,198,331,2002
1434,448,331,2002
1435,292,559,2002
1436,391,559,2002
1437,313,615,2002
1438,448,615,2002
1439,198,328,2002
1440,313,328,2002
1441,198,330,2002
1442,391,330,2002
1443,391,762,2002
1444,448,762,2002
1445,313,612,2002
1446,325,612,2002
1447,325,633,2002
1448,448,633,2002
1449,313,613,2002
1450,391,613,2002
1451,313,617,2002
1452,479,617,2002
1453,391,761,2002
1454,414,761,2002
1455,313,616,2002
1456,474,616,2002
1457,45,846,2002
1458,448,846,2002
1459,325,634,2002
1460,479,634,2002
1461,448,835,2002
1462,479,835,2002
1463,414,799,2002
1464,479,799,2002
1465,20,338,2003
1466,104,338,2003
1467,182,338,2003
1468,20,343,2003
1469,182,343,2003
1470,474,343,2003
1471,20,342,2003
1472,182,342,2003
1473,449,342,2003
1474,182,241,2003
1475,449,241,2003
1476,20,347,2003
1477,449,347,2003
1478,20,340,2003
1479,182,340,2003
1480,342,340,2003
1481,20,339,2003
1482,160,339,2003
1483,182,339,2003
1484,20,344,2003
1485,275,344,2003
1486,20,341,2003
1487,182,341,2003
1488,448,341,2003
1489,20,345,2003
1490,293,345,2003
1491,160,178,2003
1492,427,178,2003
1493,160,182,2003
1494,474,182,2003
1495,293,562,2003
1496,474,562,2003
1497,182,236,2003
1498,312,236,2003
1499,311,611,2003
1500,474,611,2003
1501,182,235,2003
1502,293,235,2003
1503,303,580,2003
1504,311,580,2003
1505,104,13,2003
1506,474,13,2003
1507,448,834,2003
1508,474,834,2003
1509,104,12,2003
1510,182,12,2003
1511,182,237,2003
1512,342,237,2003
1513,182,233,2003
1514,288,233,2003
1515,182,232,2003
1516,275,232,2003
1517,108,16,2003
1518,474,16,2003
1519,9,1070,2003
1520,474,1070,2003
1521,20,346,2003
1522,448,346,2003
1523,160,179,2003
1524,448,179,2003
1525,182,234,2003
1526,292,234,2003
1527,275,520,2003
1528,474,520,2003
1529,427,817,2003
1530,474,817,2003
1531,182,239,2003
1532,427,239,2003
1533,182,238,2003
1534,414,238,2003
1535,108,15,2003
1536,182,15,2003
1537,275,518,2003
1538,414,518,2003
1539,275,519,2003
1540,427,519,2003
1541,414,795,2003
1542,427,795,2003
1543,414,798,2003
1544,474,798,2003
1545,427,816,2003
1546,448,816,2003
1547,414,797,2003
1548,448,797,2003
1549,310,609,2004
1550,387,609,2004
1551,82,1055,2004
1552,387,1055,2004
1553,82,1056,2004
1554,425,1056,2004
1555,36,670,2004
1556,387,670,2004
1557,387,751,2004
1558,425,751,2004
1559,199,334,2004
1560,414,334,2004
1561,82,1054,2004
1562,226,1054,2004
1563,387,753,2004
1564,474,753,2004
1565,226,431,2004
1566,448,431,2004
1567,182,238,2004
1568,414,238,2004
1569,82,1057,2004
1570,448,1057,2004
1571,310,610,2004
1572,474,610,2004
1573,414,797,2004
1574,448,797,2004
1575,414,798,2004
1576,474,798,2004
1577,7,1026,2005
1578,91,1026,2005
1579,428,1026,2005
1580,502,1026,2005
1581,48,866,2005
1582,316,866,2005
1583,287,537,2005
1584,316,537,2005
1585,608,537,2005
1586,287,538,2005
1587,428,538,2005
1588,608,538,2005
1589,194,324,2005
1590,287,324,2005
1591,91,1071,2005
1592,156,1071,2005
1593,428,1071,2005
1594,608,1071,2005
1595,226,428,2005
1596,428,428,2005
1597,552,428,2005
1598,608,428,2005
1599,221,421,2005
1600,478,421,2005
1601,287,541,2005
1602,488,541,2005
1603,608,541,2005
1604,226,429,2005
1605,428,429,2005
1606,608,429,2005
1607,91,1072,2005
1608,287,1072,2005
1609,428,1072,2005
1610,91,1076,2005
1611,316,1076,2005
1612,428,1076,2005
1613,91,1078,2005
1614,428,1078,2005
1615,438,1078,2005
1616,448,838,2005
1617,552,838,2005
1618,428,822,2005
1619,448,822,2005
1620,608,822,2005
1621,91,1081,2005
1622,448,1081,2005
1623,448,840,2005
1624,608,840,2005
1625,91,1082,2005
1626,462,1082,2005
1627,478,1082,2005
1628,428,820,2005
1629,438,820,2005
1630,608,820,2005
1631,91,1083,2005
1632,462,1083,2005
1633,608,1083,2005
1634,91,1087,2005
1635,552,1087,2005
1636,608,1087,2005
1637,91,1079,2005
1638,428,1079,2005
1639,552,1079,2005
1640,156,138,2005
1641,428,138,2005
1642,608,138,2005
1643,91,1073,2005
1644,287,1073,2005
1645,478,1073,2005
1646,91,1084,2005
1647,478,1084,2005
1648,221,419,2005
1649,428,419,2005
1650,226,432,2005
1651,552,432,2005
1652,91,1074,2005
1653,287,1074,2005
1654,608,1074,2005
1655,91,1077,2005
1656,316,1077,2005
1657,608,1077,2005
1658,91,1075,2005
1659,316,1075,2005
1660,286,536,2005
1661,608,536,2005
1662,438,830,2005
1663,552,830,2005
1664,608,830,2005
1665,316,627,2005
1666,428,627,2005
1667,608,627,2005
1668,226,427,2005
1669,287,427,2005
1670,182,240,2005
1671,438,240,2005
1672,428,819,2005
1673,438,819,2005
1674,552,819,2005
1675,428,818,2005
1676,438,818,2005
1677,448,818,2005
1678,438,828,2005
1679,502,828,2005
1680,608,828,2005
1681,7,1016,2005
1682,199,1016,2005
1683,7,1018,2005
1684,221,1018,2005
1685,221,420,2005
1686,462,420,2005
1687,7,1022,2005
1688,462,1022,2005
1689,156,135,2005
1690,287,135,2005
1691,438,829,2005
1692,552,829,2005
1693,346,654,2005
1694,428,654,2005
1695,91,1086,2005
1696,502,1086,2005
1697,221,422,2005
1698,608,422,2005
1699,226,433,2005
1700,608,433,2005
1701,502,893,2005
1702,608,893,2005
1703,396,767,2005
1704,608,767,2005
1705,7,1025,2005
1706,91,1025,2005
1707,260,481,2005
1708,287,481,2005
1709,287,542,2005
1710,552,542,2005
1711,91,1085,2005
1712,488,1085,2005
1713,287,543,2005
1714,594,543,2005
1715,387,752,2005
1716,428,752,2005
1717,478,864,2005
1718,608,864,2005
1719,396,765,2005
1720,428,765,2005
1721,396,766,2005
1722,502,766,2005
1723,7,1019,2005
1724,287,1019,2005
1725,428,821,2005
1726,448,821,2005
1727,66,999,2005
1728,608,999,2005
1729,156,140,2005
1730,608,140,2005
1731,287,540,2005
1732,462,540,2005
1733,48,865,2005
1734,287,865,2005
1735,387,755,2005
1736,552,755,2005
1737,182,242,2005
1738,608,242,2005
1739,462,850,2005
1740,478,850,2005
1741,346,655,2005
1742,608,655,2005
1743,488,874,2005
1744,608,874,2005
1745,7,1024,2005
1746,608,1024,2005
1747,316,628,2005
1748,438,628,2005
1749,438,827,2005
1750,462,827,2005
1751,7,1023,2005
1752,552,1023,2005
1753,226,430,2005
1754,438,430,2005
1755,7,1020,2005
1756,428,1020,2005
1757,387,757,2005
1758,608,757,2005
1759,287,539,2005
1760,438,539,2005
1761,438,826,2005
1762,448,826,2005
1763,414,796,2005
1764,438,796,2005
1765,91,1080,2005
1766,438,1080,2005
1767,7,1017,2005
1768,218,1017,2005
1769,7,1021,2005
1770,438,1021,2005
1771,7,1015,2005
1772,182,1015,2005
1773,34,653,2006
1774,68,653,2006
1775,132,653,2006
1776,64,998,2006
1777,68,998,2006
1778,167,998,2006
1779,64,995,2006
1780,167,995,2006
1781,381,727,2006
1782,462,727,2006
1783,132,74,2006
1784,370,74,2006
1785,462,74,2006
1786,144,119,2006
1787,381,119,2006
1788,144,118,2006
1789,187,118,2006
1790,68,1011,2006
1791,370,1011,2006
1792,68,1004,2006
1793,187,1004,2006
1794,381,1004,2006
1795,75,1031,2006
1796,462,1031,2006
1797,64,997,2006
1798,542,997,2006
1799,68,1002,2006
1800,132,1002,2006
1801,381,1002,2006
1802,187,244,2006
1803,462,244,2006
1804,68,1001,2006
1805,129,1001,2006
1806,187,243,2006
1807,309,243,2006
1808,167,195,2006
1809,187,195,2006
1810,75,1029,2006
1811,167,1029,2006
1812,68,1010,2006
1813,289,1010,2006
1814,34,650,2006
1815,187,650,2006
1816,167,196,2006
1817,510,196,2006
1818,132,71,2006
1819,187,71,2006
1820,144,117,2006
1821,167,117,2006
1822,68,1008,2006
1823,259,1008,2006
1824,132,73,2006
1825,370,73,2006
1826,264,485,2006
1827,423,485,2006
1828,68,1007,2006
1829,257,1007,2006
1830,68,1013,2006
1831,462,1013,2006
1832,68,1009,2006
1833,264,1009,2006
1834,132,78,2006
1835,510,78,2006
1836,132,76,2006
1837,462,76,2006
1838,34,649,2006
1839,132,649,2006
1840,264,486,2006
1841,542,486,2006
1842,64,994,2006
1843,132,994,2006
1844,34,652,2006
1845,68,652,2006
1846,64,996,2006
1847,381,996,2006
1848,132,70,2006
1849,167,70,2006
1850,381,730,2006
1851,542,730,2006
1852,132,75,2006
1853,381,75,2006
1854,132,79,2006
1855,542,79,2006
1856,68,1012,2006
1857,387,1012,2006
1858,75,1030,2006
1859,381,1030,2006
1860,68,1006,2006
1861,226,1006,2006
1862,167,197,2006
1863,542,197,2006
1864,34,651,2006
1865,381,651,2006
1866,232,456,2006
1867,438,456,2006
1868,219,401,2007
1869,307,401,2007
1870,570,401,2007
1871,580,401,2007
1872,166,189,2007
1873,219,189,2007
1874,307,189,2007
1875,483,189,2007
1876,573,189,2007
1877,166,193,2007
1878,307,193,2007
1879,480,193,2007
1880,570,193,2007
1881,307,599,2007
1882,570,599,2007
1883,606,599,2007
1884,274,504,2007
1885,307,504,2007
1886,480,504,2007
1887,570,504,2007
1888,166,191,2007
1889,274,191,2007
1890,307,191,2007
1891,166,192,2007
1892,307,192,2007
1893,219,396,2007
1894,307,396,2007
1895,480,396,2007
1896,483,396,2007
1897,307,589,2007
1898,359,589,2007
1899,483,589,2007
1900,219,388,2007
1901,274,388,2007
1902,307,388,2007
1903,483,388,2007
1904,219,399,2007
1905,307,399,2007
1906,483,399,2007
1907,230,439,2007
1908,307,439,2007
1909,480,439,2007
1910,483,439,2007
1911,570,439,2007
1912,307,593,2007
1913,480,593,2007
1914,483,593,2007
1915,570,593,2007
1916,230,440,2007
1917,307,440,2007
1918,570,440,2007
1919,219,397,2007
1920,307,397,2007
1921,480,397,2007
1922,570,397,2007
1923,573,397,2007
1924,219,402,2007
1925,307,402,2007
1926,573,402,2007
1927,274,514,2007
1928,480,514,2007
1929,570,514,2007
1930,219,413,2007
1931,480,413,2007
1932,570,413,2007
1933,230,442,2007
1934,307,442,2007
1935,593,442,2007
1936,307,594,2007
1937,480,594,2007
1938,483,594,2007
1939,580,594,2007
1940,448,836,2007
1941,480,836,2007
1942,606,836,2007
1943,274,503,2007
1944,307,503,2007
1945,480,503,2007
1946,483,503,2007
1947,307,591,2007
1948,416,591,2007
1949,483,591,2007
1950,307,597,2007
1951,483,597,2007
1952,573,597,2007
1953,307,600,2007
1954,573,600,2007
1955,274,515,2007
1956,480,515,2007
1957,593,515,2007
1958,187,245,2007
1959,593,245,2007
1960,219,392,2007
1961,274,392,2007
1962,573,392,2007
1963,219,414,2007
1964,480,414,2007
1965,573,414,2007
1966,219,418,2007
1967,573,418,2007
1968,219,405,2007
1969,307,405,2007
1970,593,405,2007
1971,606,405,2007
1972,219,406,2007
1973,307,406,2007
1974,606,406,2007
1975,307,601,2007
1976,593,601,2007
1977,606,601,2007
1978,230,438,2007
1979,307,438,2007
1980,480,438,2007
1981,483,438,2007
1982,219,398,2007
1983,307,398,2007
1984,480,398,2007
1985,580,398,2007
1986,219,403,2007
1987,307,403,2007
1988,580,403,2007
1989,219,387,2007
1990,274,387,2007
1991,307,387,2007
1992,480,387,2007
1993,219,391,2007
1994,274,391,2007
1995,480,391,2007
1996,606,391,2007
1997,219,390,2007
1998,274,390,2007
1999,480,390,2007
2000,483,390,2007
2001,274,505,2007
2002,307,505,2007
2003,480,505,2007
2004,606,505,2007
2005,132,72,2007
2006,274,72,2007
2007,307,72,2007
2008,274,502,2007
2009,307,502,2007
2010,448,502,2007
2011,480,502,2007
2012,166,188,2007
2013,219,188,2007
2014,274,188,2007
2015,166,187,2007
2016,219,187,2007
2017,166,190,2007
2018,274,190,2007
2019,416,808,2007
2020,483,808,2007
2021,606,808,2007
2022,480,868,2007
2023,483,868,2007
2024,606,868,2007
2025,416,807,2007
2026,483,807,2007
2027,232,451,2007
2028,274,451,2007
2029,307,451,2007
2030,480,451,2007
2031,219,385,2007
2032,232,385,2007
2033,274,385,2007
2034,480,385,2007
2035,232,452,2007
2036,274,452,2007
2037,480,452,2007
2038,274,512,2007
2039,448,512,2007
2040,480,512,2007
2041,288,547,2007
2042,307,547,2007
2043,480,547,2007
2044,414,800,2007
2045,480,800,2007
2046,226,426,2007
2047,274,426,2007
2048,219,409,2007
2049,381,409,2007
2050,606,409,2007
2051,219,416,2007
2052,483,416,2007
2053,606,416,2007
2054,483,871,2007
2055,606,871,2007
2056,219,384,2007
2057,230,384,2007
2058,307,384,2007
2059,219,415,2007
2060,480,415,2007
2061,606,415,2007
2062,219,412,2007
2063,480,412,2007
2064,483,412,2007
2065,219,400,2007
2066,307,400,2007
2067,570,400,2007
2068,219,417,2007
2069,570,417,2007
2070,166,194,2007
2071,480,194,2007
2072,570,194,2007
2073,480,867,2007
2074,483,867,2007
2075,570,867,2007
2076,219,404,2007
2077,307,404,2007
2078,593,404,2007
2079,230,441,2007
2080,307,441,2007
2081,580,441,2007
2082,307,588,2007
2083,359,588,2007
2084,307,596,2007
2085,483,596,2007
2086,570,596,2007
2087,230,435,2007
2088,232,435,2007
2089,274,435,2007
2090,274,506,2007
2091,307,506,2007
2092,483,506,2007
2093,274,507,2007
2094,307,507,2007
2095,606,507,2007
2096,359,667,2007
2097,416,667,2007
2098,593,667,2007
2099,230,447,2007
2100,570,447,2007
2101,593,447,2007
2102,230,446,2007
2103,570,446,2007
2104,230,448,2007
2105,593,448,2007
2106,307,598,2007
2107,483,598,2007
2108,593,598,2007
2109,219,389,2007
2110,274,389,2007
2111,448,389,2007
2112,307,595,2007
2113,480,595,2007
2114,580,595,2007
2115,219,411,2007
2116,448,411,2007
2117,480,411,2007
2118,219,393,2007
2119,274,393,2007
2120,580,393,2007
2121,230,444,2007
2122,448,444,2007
2123,274,501,2007
2124,307,501,2007
2125,387,501,2007
2126,219,408,2007
2127,381,408,2007
2128,573,944,2007
2129,580,944,2007
2130,274,517,2007
2131,573,517,2007
2132,230,437,2007
2133,274,437,2007
2134,307,437,2007
2135,580,958,2007
2136,593,958,2007
2137,219,394,2007
2138,274,394,2007
2139,593,394,2007
2140,274,500,2007
2141,288,500,2007
2142,480,500,2007
2143,288,556,2007
2144,480,556,2007
2145,219,395,2007
2146,307,395,2007
2147,448,395,2007
2148,307,590,2007
2149,381,590,2007
2150,381,726,2007
2151,448,726,2007
2152,288,553,2007
2153,448,553,2007
2154,226,431,2007
2155,448,431,2007
2156,219,410,2007
2157,387,410,2007
2158,473,861,2007
2159,480,861,2007
2160,274,516,2007
2161,570,516,2007
2162,483,870,2007
2163,580,870,2007
2164,230,436,2007
2165,274,436,2007
2166,381,729,2007
2167,483,729,2007
2168,570,943,2007
2169,580,943,2007
2170,219,383,2007
2171,230,383,2007
2172,230,445,2007
2173,480,445,2007
2174,274,513,2007
2175,473,513,2007
2176,307,592,2007
2177,473,592,2007
2178,232,460,2007
2179,606,460,2007
2180,359,669,2007
2181,606,669,2007
2182,230,434,2007
2183,232,434,2007
2184,462,851,2007
2185,606,851,2007
2186,110,19,2007
2187,219,19,2007
2188,359,668,2007
2189,480,668,2007
2190,274,508,2007
2191,359,508,2007
2192,132,77,2007
2193,480,77,2007
2194,219,386,2007
2195,254,386,2007
2196,381,731,2007
2197,606,731,2007
2198,416,806,2007
2199,480,806,2007
2200,274,510,2007
2201,387,510,2007
2202,254,477,2007
2203,307,477,2007
2204,416,809,2007
2205,593,809,2007
2206,448,839,2007
2207,606,839,2007
2208,480,869,2007
2209,573,869,2007
2210,230,443,2007
2211,416,443,2007
2212,274,509,2007
2213,381,509,2007
2214,387,754,2007
2215,480,754,2007
2216,381,728,2007
2217,480,728,2007
2218,387,756,2007
2219,606,756,2007
2220,232,459,2007
2221,580,459,2007
2222,223,424,2008
2223,292,424,2008
2224,200,350,2008
2225,361,350,2008
2226,232,457,2008
2227,448,457,2008
2228,200,348,2008
2229,223,348,2008
2230,223,425,2008
2231,361,425,2008
2232,200,349,2008
2233,301,349,2008
2234,322,630,2008
2235,361,630,2008
2236,200,351,2008
2237,477,351,2008
2238,219,407,2008
2239,361,407,2008
2240,301,579,2008
2241,477,579,2008
2242,239,468,2008
2243,477,468,2008
2244,232,458,2008
2245,477,458,2008
2246,232,453,2008
2247,361,453,2008
2248,232,450,2008
2249,239,450,2008
2250,354,666,2008
2251,356,666,2008
2252,414,797,2008
2253,448,797,2008
2254,68,1005,2008
2255,219,1005,2008
2256,232,454,2008
2257,387,454,2008
2258,28,527,2009
2259,51,527,2009
2260,590,527,2009
2261,600,527,2009
2262,369,683,2009
2263,600,683,2009
2264,335,648,2009
2265,600,648,2009
2266,28,529,2009
2267,590,529,2009
2268,600,529,2009
2269,390,760,2009
2270,600,760,2009
2271,68,1014,2009
2272,590,1014,2009
2273,28,530,2009
2274,68,530,2009
2275,51,895,2009
2276,271,895,2009
2277,28,526,2009
2278,51,526,2009
2279,28,528,2009
2280,522,528,2009
2281,28,525,2009
2282,390,525,2009
2283,414,803,2009
2284,573,803,2009
2285,330,644,2010
2286,464,644,2010
2287,330,643,2010
2288,431,643,2010
2289,158,141,2010
2290,508,141,2010
2291,330,645,2010
2292,590,645,2010
2293,590,961,2010
2294,605,961,2010
2295,434,823,2010
2296,605,823,2010
2297,274,511,2010
2298,414,511,2010
2299,232,455,2010
2300,414,455,2010
2301,55,907,2011
2302,406,907,2011
2303,414,797,2011
2304,448,797,2011
2305,246,472,2012
2306,332,472,2012
2307,442,831,2012
2308,489,831,2012
2309,377,697,2012
2310,489,697,2012
2311,489,876,2012
2312,520,876,2012
2313,131,69,2012
2314,489,69,2012
2315,116,42,2012
2316,489,42,2012
2317,280,531,2012
2318,489,531,2012
2319,484,872,2012
2320,489,872,2012
2321,211,363,2012
2322,489,363,2012
2323,83,1058,2012
2324,432,1058,2012
2325,489,875,2012
2326,490,875,2012
2327,83,1059,2012
2328,489,1059,2012
2329,249,476,2012
2330,489,476,2012
2331,332,647,2012
2332,489,647,2012
2333,292,560,2013
2334,448,560,2013
2335,21,359,2014
2336,222,359,2014
2337,222,423,2014
2338,448,423,2014
2339,177,202,2015
2340,308,202,2015
2341,466,202,2015
2342,308,605,2015
2343,426,605,2015
2344,298,574,2015
2345,497,574,2015
2346,76,1036,2015
2347,497,1036,2015
2348,177,201,2015
2349,298,201,2015
2350,466,201,2015
2351,177,208,2015
2352,466,208,2015
2353,21,360,2015
2354,298,360,2015
2355,487,873,2015
2356,497,873,2015
2357,76,1033,2015
2358,193,1033,2015
2359,177,204,2015
2360,323,204,2015
2361,497,204,2015
2362,308,603,2015
2363,323,603,2015
2364,76,1037,2015
2365,509,1037,2015
2366,63,986,2015
2367,177,986,2015
2368,298,986,2015
2369,177,199,2015
2370,233,199,2015
2371,63,987,2015
2372,298,987,2015
2373,344,987,2015
2374,63,990,2015
2375,344,990,2015
2376,308,607,2015
2377,487,607,2015
2378,177,207,2015
2379,426,207,2015
2380,497,207,2015
2381,143,115,2015
2382,298,115,2015
2383,509,115,2015
2384,509,894,2015
2385,563,894,2015
2386,317,629,2015
2387,509,629,2015
2388,63,992,2015
2389,466,992,2015
2390,2,337,2015
2391,298,337,2015
2392,231,449,2015
2393,308,449,2015
2394,308,608,2015
2395,497,608,2015
2396,177,200,2015
2397,292,200,2015
2398,292,558,2015
2399,308,558,2015
2400,76,1035,2015
2401,317,1035,2015
2402,63,989,2015
2403,323,989,2015
2404,63,993,2015
2405,509,993,2015
2406,308,604,2015
2407,393,604,2015
2408,308,606,2015
2409,466,606,2015
2410,63,988,2015
2411,308,988,2015
2412,21,358,2015
2413,177,358,2015
2414,76,1032,2015
2415,177,1032,2015
2416,308,602,2015
2417,317,602,2015
2418,177,203,2015
2419,323,203,2015
2420,63,985,2015
2421,143,985,2015
2422,21,361,2015
2423,308,361,2015
2424,298,573,2015
2425,487,573,2015
2426,103,11,2015
2427,177,11,2015
2428,63,991,2015
2429,426,991,2015
2430,63,984,2015
2431,103,984,2015
2432,143,116,2015
2433,487,116,2015
2434,298,571,2015
2435,426,571,2015
2436,393,763,2015
2437,426,763,2015
2438,105,14,2015
2439,298,14,2015
2440,177,206,2015
2441,426,206,2015
2442,256,479,2015
2443,298,479,2015
2444,76,1034,2015
2445,308,1034,2015
2446,298,575,2015
2447,506,575,2015
2448,249,475,2015
2449,298,475,2015
2450,298,572,2015
2451,448,572,2015
2452,298,570,2015
2453,318,570,2015
2454,177,205,2015
2455,393,205,2015
2456,177,209,2015
2457,563,209,2015
2458,292,560,2015
2459,448,560,2015
2460,323,631,2015
2461,448,631,2015
2462,298,569,2015
2463,317,569,2015
2464,21,362,2015
2465,317,362,2015
2466,41,785,2016
2467,247,785,2016
2468,525,901,2016
2469,564,901,2016
2470,305,584,2016
2471,495,584,2016
2472,41,789,2016
2473,448,789,2016
2474,41,788,2016
2475,424,788,2016
2476,18,212,2016
2477,495,212,2016
2478,495,879,2016
2479,560,879,2016
2480,139,102,2016
2481,495,102,2016
2482,525,102,2016
2483,495,878,2016
2484,534,878,2016
2485,125,53,2016
2486,534,53,2016
2487,298,578,2016
2488,564,578,2016
2489,534,902,2016
2490,560,902,2016
2491,448,837,2016
2492,534,837,2016
2493,73,1028,2016
2494,298,1028,2016
2495,448,1028,2016
2496,18,211,2016
2497,305,211,2016
2498,18,213,2016
2499,525,213,2016
2500,10,4,2016
2501,424,4,2016
2502,495,877,2016
2503,525,877,2016
2504,525,900,2016
2505,560,900,2016
2506,41,784,2016
2507,139,784,2016
2508,125,52,2016
2509,139,52,2016
2510,18,210,2016
2511,139,210,2016
2512,21,360,2016
2513,298,360,2016
2514,139,100,2016
2515,339,100,2016
2516,305,586,2016
2517,534,586,2016
2518,139,101,2016
2519,418,101,2016
2520,41,790,2016
2521,73,790,2016
2522,139,103,2016
2523,534,103,2016
2524,305,582,2016
2525,339,582,2016
2526,298,577,2016
2527,560,577,2016
2528,10,3,2016
2529,139,3,2016
2530,139,99,2016
2531,305,99,2016
2532,298,576,2016
2533,534,576,2016
2534,534,903,2016
2535,564,903,2016
2536,41,786,2016
2537,298,786,2016
2538,305,583,2016
2539,448,583,2016
2540,247,473,2016
2541,305,473,2016
2542,41,787,2016
2543,339,787,2016
2544,73,1027,2016
2545,298,1027,2016
2546,525,899,2016
2547,534,899,2016
2548,328,641,2017
2549,561,641,2017
2550,599,641,2017
2551,50,885,2017
2552,328,885,2017
2553,365,885,2017
2554,517,885,2017
2555,50,886,2017
2556,328,886,2017
2557,517,886,2017
2558,328,639,2017
2559,517,639,2017
2560,599,639,2017
2561,50,884,2017
2562,328,884,2017
2563,365,884,2017
2564,363,671,2017
2565,461,671,2017
2566,328,637,2017
2567,461,637,2017
2568,517,637,2017
2569,517,896,2017
2570,561,896,2017
2571,599,896,2017
2572,112,28,2017
2573,380,28,2017
2574,47,855,2017
2575,212,855,2017
2576,365,855,2017
2577,328,635,2017
2578,365,635,2017
2579,517,635,2017
2580,380,723,2017
2581,517,723,2017
2582,610,723,2017
2583,517,897,2017
2584,610,897,2017
2585,279,523,2017
2586,561,523,2017
2587,400,781,2017
2588,561,781,2017
2589,380,725,2017
2590,599,725,2017
2591,610,725,2017
2592,47,858,2017
2593,352,858,2017
2594,50,891,2017
2595,517,891,2017
2596,599,891,2017
2597,328,638,2017
2598,517,638,2017
2599,561,638,2017
2600,50,887,2017
2601,328,887,2017
2602,561,887,2017
2603,380,722,2017
2604,517,722,2017
2605,50,890,2017
2606,461,890,2017
2607,365,674,2017
2608,561,674,2017
2609,352,657,2017
2610,365,657,2017
2611,15,124,2017
2612,599,124,2017
2613,50,889,2017
2614,380,889,2017
2615,561,889,2017
2616,380,724,2017
2617,561,724,2017
2618,47,853,2017
2619,141,853,2017
2620,112,29,2017
2621,561,29,2017
2622,328,640,2017
2623,551,640,2017
2624,305,581,2017
2625,328,581,2017
2626,363,672,2017
2627,599,672,2017
2628,328,636,2017
2629,461,636,2017
2630,413,793,2017
2631,517,793,2017
2632,47,860,2017
2633,561,860,2017
2634,212,366,2017
2635,517,366,2017
2636,212,364,2017
2637,328,364,2017
2638,47,856,2017
2639,279,856,2017
2640,159,142,2017
2641,365,142,2017
2642,141,114,2017
2643,517,114,2017
2644,282,532,2017
2645,599,532,2017
2646,365,675,2017
2647,610,675,2017
2648,47,857,2017
2649,328,857,2017
2650,365,673,2017
2651,551,673,2017
2652,67,1000,2017
2653,551,1000,2017
2654,141,113,2017
2655,328,113,2017
2656,352,660,2017
2657,610,660,2017
2658,279,524,2017
2659,599,524,2017
2660,159,143,2017
2661,517,143,2017
2662,279,522,2017
2663,365,522,2017
2664,461,849,2017
2665,517,849,2017
2666,114,30,2017
2667,365,30,2017
2668,15,123,2017
2669,561,123,2017
2670,380,721,2017
2671,414,721,2017
2672,352,659,2017
2673,599,659,2017
2674,551,908,2017
2675,599,908,2017
2676,50,888,2017
2677,380,888,2017
2678,279,521,2017
2679,328,521,2017
2680,212,365,2017
2681,365,365,2017
2682,352,658,2017
2683,517,658,2017
2684,15,122,2017
2685,50,122,2017
2686,47,854,2017
2687,159,854,2017
2688,15,120,2017
2689,328,120,2017
2690,212,368,2017
2691,599,368,2017
2692,15,121,2017
2693,365,121,2017
2694,414,805,2017
2695,610,805,2017
2696,47,859,2017
2697,50,859,2017
2698,89,1067,2018
2699,338,1067,2018
2700,98,1118,2018
2701,111,1118,2018
2702,111,20,2018
2703,153,20,2018
2704,567,20,2018
2705,62,981,2018
2706,331,981,2018
2707,111,24,2018
2708,331,24,2018
2709,596,24,2018
2710,50,883,2018
2711,111,883,2018
2712,567,883,2018
2713,567,911,2018
2714,599,911,2018
2715,62,983,2018
2716,98,983,2018
2717,98,1120,2018
2718,567,1120,2018
2719,89,1062,2018
2720,153,1062,2018
2721,567,1062,2018
2722,212,367,2018
2723,567,367,2018
2724,248,474,2018
2725,338,474,2018
2726,153,130,2018
2727,586,130,2018
2728,153,127,2018
2729,329,127,2018
2730,329,642,2018
2731,567,642,2018
2732,50,892,2018
2733,89,892,2018
2734,153,126,2018
2735,272,126,2018
2736,89,1065,2018
2737,329,1065,2018
2738,153,129,2018
2739,514,129,2018
2740,111,26,2018
2741,596,26,2018
2742,382,733,2018
2743,599,733,2018
2744,111,22,2018
2745,329,22,2018
2746,89,1066,2018
2747,331,1066,2018
2748,89,1069,2018
2749,599,1069,2018
2750,111,25,2018
2751,338,25,2018
2752,89,1068,2018
2753,596,1068,2018
2754,153,128,2018
2755,331,128,2018
2756,331,646,2018
2757,567,646,2018
2758,153,131,2018
2759,596,131,2018
2760,111,23,2018
2761,331,23,2018
2762,596,962,2018
2763,599,962,2018
2764,111,27,2018
2765,599,27,2018
2766,153,132,2018
2767,599,132,2018
2768,111,21,2018
2769,233,21,2018
2770,89,1061,2018
2771,111,1061,2018
2772,98,1119,2018
2773,153,1119,2018
2774,62,980,2018
2775,111,980,2018
2776,68,1003,2018
2777,153,1003,2018
2778,89,1063,2018
2779,233,1063,2018
2780,153,125,2018
2781,233,125,2018
2782,305,587,2018
2783,567,587,2018
2784,382,732,2018
2785,567,732,2018
2786,62,982,2018
2787,567,982,2018
2788,296,567,2018
2789,567,567,2018
2790,89,1064,2018
2791,306,1064,2018
2792,305,585,2018
2793,514,585,2018
2794,233,461,2018
2795,338,461,2018
