,user_id,group_id,period
0,6,462,1996
1,38,462,1996
2,58,462,1996
3,94,462,1996
4,107,462,1996
5,109,462,1996
6,117,462,1996
7,130,462,1996
8,176,462,1996
9,179,462,1996
10,229,462,1996
11,340,462,1996
12,447,462,1996
13,486,462,1996
14,498,462,1996
15,512,462,1996
16,566,462,1996
17,574,462,1996
18,588,462,1996
19,602,462,1996
20,6,430,1996
21,109,430,1996
22,179,430,1996
23,240,430,1996
24,284,430,1996
25,379,430,1996
26,458,430,1996
27,470,430,1996
28,486,430,1996
29,498,430,1996
30,512,430,1996
31,536,430,1996
32,541,430,1996
33,566,430,1996
34,584,430,1996
35,592,430,1996
36,6,428,1996
37,109,428,1996
38,162,428,1996
39,179,428,1996
40,455,428,1996
41,476,428,1996
42,486,428,1996
43,498,428,1996
44,512,428,1996
45,566,428,1996
46,6,431,1996
47,109,431,1996
48,179,431,1996
49,486,431,1996
50,498,431,1996
51,512,431,1996
52,566,431,1996
53,58,383,1996
54,109,383,1996
55,229,383,1996
56,374,383,1996
57,447,383,1996
58,486,383,1996
59,512,383,1996
60,588,383,1996
61,602,383,1996
62,40,254,1996
63,58,254,1996
64,99,254,1996
65,109,254,1996
66,229,254,1996
67,353,254,1996
68,373,254,1996
69,447,254,1996
70,486,254,1996
71,512,254,1996
72,588,254,1996
73,602,254,1996
74,58,384,1996
75,109,384,1996
76,229,384,1996
77,447,384,1996
78,486,384,1996
79,512,384,1996
80,588,384,1996
81,602,384,1996
82,102,72,1996
83,109,72,1996
84,411,72,1996
85,444,72,1996
86,486,72,1996
87,512,72,1996
88,6,459,1996
89,38,459,1996
90,46,459,1996
91,58,459,1996
92,136,459,1996
93,176,459,1996
94,229,459,1996
95,340,459,1996
96,379,459,1996
97,458,459,1996
98,486,459,1996
99,498,459,1996
100,512,459,1996
101,541,459,1996
102,588,459,1996
103,592,459,1996
104,602,459,1996
105,6,460,1996
106,38,460,1996
107,58,460,1996
108,126,460,1996
109,176,460,1996
110,229,460,1996
111,340,460,1996
112,353,460,1996
113,476,460,1996
114,486,460,1996
115,498,460,1996
116,512,460,1996
117,588,460,1996
118,602,460,1996
119,6,461,1996
120,38,461,1996
121,58,461,1996
122,176,461,1996
123,229,461,1996
124,340,461,1996
125,486,461,1996
126,498,461,1996
127,512,461,1996
128,588,461,1996
129,602,461,1996
130,6,470,1996
131,43,470,1996
132,379,470,1996
133,458,470,1996
134,476,470,1996
135,486,470,1996
136,498,470,1996
137,512,470,1996
138,530,470,1996
139,541,470,1996
140,592,470,1996
141,6,457,1996
142,379,457,1996
143,458,457,1996
144,486,457,1996
145,498,457,1996
146,512,457,1996
147,541,457,1996
148,592,457,1996
149,6,500,1996
150,476,500,1996
151,486,500,1996
152,498,500,1996
153,512,500,1996
154,58,395,1996
155,229,395,1996
156,242,395,1996
157,353,395,1996
158,486,395,1996
159,512,395,1996
160,588,395,1996
161,602,395,1996
162,58,396,1996
163,229,396,1996
164,353,396,1996
165,486,396,1996
166,512,396,1996
167,588,396,1996
168,602,396,1996
169,58,397,1996
170,229,397,1996
171,486,397,1996
172,512,397,1996
173,588,397,1996
174,602,397,1996
175,107,77,1996
176,229,77,1996
177,340,77,1996
178,379,77,1996
179,458,77,1996
180,486,77,1996
181,498,77,1996
182,536,77,1996
183,584,77,1996
184,592,77,1996
185,40,257,1996
186,99,257,1996
187,107,257,1996
188,229,257,1996
189,340,257,1996
190,385,257,1996
191,486,257,1996
192,498,257,1996
193,107,78,1996
194,229,78,1996
195,340,78,1996
196,486,78,1996
197,498,78,1996
198,43,267,1996
199,192,267,1996
200,235,267,1996
201,379,267,1996
202,411,267,1996
203,458,267,1996
204,485,267,1996
205,486,267,1996
206,498,267,1996
207,536,267,1996
208,584,267,1996
209,592,267,1996
210,379,190,1996
211,458,190,1996
212,486,190,1996
213,498,190,1996
214,536,190,1996
215,584,190,1996
216,592,190,1996
217,37,186,1996
218,40,186,1996
219,99,186,1996
220,142,186,1996
221,229,186,1996
222,411,186,1996
223,486,186,1996
224,43,261,1996
225,174,261,1996
226,229,261,1996
227,340,261,1996
228,379,261,1996
229,458,261,1996
230,486,261,1996
231,498,261,1996
232,524,261,1996
233,592,261,1996
234,229,143,1996
235,340,143,1996
236,379,143,1996
237,458,143,1996
238,486,143,1996
239,498,143,1996
240,592,143,1996
241,43,281,1996
242,379,281,1996
243,458,281,1996
244,486,281,1996
245,498,281,1996
246,592,281,1996
247,379,191,1996
248,458,191,1996
249,486,191,1996
250,498,191,1996
251,592,191,1996
252,46,310,1996
253,117,310,1996
254,134,310,1996
255,176,310,1996
256,512,310,1996
257,574,310,1996
258,588,310,1996
259,592,310,1996
260,602,310,1996
261,117,85,1996
262,176,85,1996
263,353,85,1996
264,373,85,1996
265,455,85,1996
266,512,85,1996
267,574,85,1996
268,588,85,1996
269,602,85,1996
270,117,86,1996
271,176,86,1996
272,512,86,1996
273,574,86,1996
274,588,86,1996
275,602,86,1996
276,56,336,1996
277,235,336,1996
278,349,336,1996
279,411,336,1996
280,444,336,1996
281,455,336,1996
282,485,336,1996
283,512,336,1996
284,592,336,1996
285,37,183,1996
286,142,183,1996
287,242,183,1996
288,353,183,1996
289,373,183,1996
290,402,183,1996
291,411,183,1996
292,444,183,1996
293,512,183,1996
294,588,183,1996
295,602,183,1996
296,604,183,1996
297,353,180,1996
298,373,180,1996
299,512,180,1996
300,588,180,1996
301,602,180,1996
302,46,317,1996
303,176,317,1996
304,242,317,1996
305,353,317,1996
306,512,317,1996
307,588,317,1996
308,592,317,1996
309,602,317,1996
310,46,320,1996
311,176,320,1996
312,512,320,1996
313,588,320,1996
314,592,320,1996
315,602,320,1996
316,176,123,1996
317,353,123,1996
318,512,123,1996
319,588,123,1996
320,602,123,1996
321,242,147,1996
322,353,147,1996
323,512,147,1996
324,588,147,1996
325,602,147,1996
326,37,182,1996
327,142,182,1996
328,235,182,1996
329,411,182,1996
330,485,182,1996
331,592,182,1996
332,38,194,1996
333,58,194,1996
334,117,194,1996
335,470,194,1996
336,512,194,1996
337,536,194,1996
338,566,194,1996
339,602,194,1996
340,8,525,1996
341,38,525,1996
342,58,525,1996
343,117,525,1996
344,162,525,1996
345,314,525,1996
346,373,525,1996
347,455,525,1996
348,512,525,1996
349,566,525,1996
350,602,525,1996
351,38,195,1996
352,58,195,1996
353,117,195,1996
354,512,195,1996
355,566,195,1996
356,602,195,1996
357,162,110,1996
358,173,110,1996
359,235,110,1996
360,411,110,1996
361,444,110,1996
362,455,110,1996
363,470,110,1996
364,512,110,1996
365,536,110,1996
366,566,110,1996
367,5,327,1996
368,58,327,1996
369,142,327,1996
370,373,327,1996
371,411,327,1996
372,444,327,1996
373,512,327,1996
374,565,327,1996
375,602,327,1996
376,38,196,1996
377,58,196,1996
378,436,196,1996
379,512,196,1996
380,602,196,1996
381,117,84,1996
382,142,84,1996
383,235,84,1996
384,373,84,1996
385,411,84,1996
386,444,84,1996
387,446,84,1996
388,455,84,1996
389,512,84,1996
390,602,84,1996
391,117,87,1996
392,373,87,1996
393,455,87,1996
394,512,87,1996
395,602,87,1996
396,235,144,1996
397,411,144,1996
398,444,144,1996
399,455,144,1996
400,512,144,1996
401,142,96,1996
402,373,96,1996
403,411,96,1996
404,444,96,1996
405,512,96,1996
406,602,96,1996
407,176,115,1996
408,179,115,1996
409,229,115,1996
410,284,115,1996
411,470,115,1996
412,486,115,1996
413,584,115,1996
414,592,115,1996
415,602,115,1996
416,176,116,1996
417,179,116,1996
418,229,116,1996
419,314,116,1996
420,385,116,1996
421,476,116,1996
422,486,116,1996
423,602,116,1996
424,176,117,1996
425,179,117,1996
426,229,117,1996
427,486,117,1996
428,602,117,1996
429,43,266,1996
430,179,266,1996
431,284,266,1996
432,470,266,1996
433,476,266,1996
434,486,266,1996
435,584,266,1996
436,592,266,1996
437,179,127,1996
438,284,127,1996
439,470,127,1996
440,486,127,1996
441,584,127,1996
442,592,127,1996
443,43,264,1996
444,176,264,1996
445,229,264,1996
446,476,264,1996
447,486,264,1996
448,524,264,1996
449,592,264,1996
450,602,264,1996
451,176,119,1996
452,229,119,1996
453,486,119,1996
454,592,119,1996
455,602,119,1996
456,176,118,1996
457,229,118,1996
458,476,118,1996
459,486,118,1996
460,602,118,1996
461,43,269,1996
462,229,269,1996
463,385,269,1996
464,486,269,1996
465,524,269,1996
466,584,269,1996
467,592,269,1996
468,43,270,1996
469,229,270,1996
470,486,270,1996
471,524,270,1996
472,592,270,1996
473,176,121,1996
474,273,121,1996
475,402,121,1996
476,446,121,1996
477,592,121,1996
478,602,121,1996
479,6,490,1996
480,46,490,1996
481,107,490,1996
482,134,490,1996
483,340,490,1996
484,379,490,1996
485,541,490,1996
486,584,490,1996
487,6,514,1996
488,8,514,1996
489,107,514,1996
490,340,514,1996
491,476,514,1996
492,6,456,1996
493,379,456,1996
494,411,456,1996
495,476,456,1996
496,485,456,1996
497,530,456,1996
498,541,456,1996
499,584,456,1996
500,6,493,1996
501,46,493,1996
502,340,493,1996
503,379,493,1996
504,476,493,1996
505,530,493,1996
506,541,493,1996
507,6,494,1996
508,46,494,1996
509,340,494,1996
510,379,494,1996
511,541,494,1996
512,6,458,1996
513,379,458,1996
514,476,458,1996
515,530,458,1996
516,541,458,1996
517,35,175,1996
518,107,175,1996
519,340,175,1996
520,379,175,1996
521,411,175,1996
522,429,175,1996
523,468,175,1996
524,485,175,1996
525,584,175,1996
526,38,192,1996
527,46,192,1996
528,58,192,1996
529,394,192,1996
530,512,192,1996
531,541,192,1996
532,566,192,1996
533,588,192,1996
534,602,192,1996
535,8,527,1996
536,38,527,1996
537,58,527,1996
538,373,527,1996
539,512,527,1996
540,566,527,1996
541,588,527,1996
542,602,527,1996
543,38,197,1996
544,58,197,1996
545,512,197,1996
546,566,197,1996
547,588,197,1996
548,602,197,1996
549,58,389,1996
550,142,389,1996
551,191,389,1996
552,373,389,1996
553,444,389,1996
554,512,389,1996
555,565,389,1996
556,588,389,1996
557,602,389,1996
558,58,401,1996
559,373,401,1996
560,512,401,1996
561,588,401,1996
562,602,401,1996
563,38,193,1996
564,46,193,1996
565,58,193,1996
566,512,193,1996
567,541,193,1996
568,588,193,1996
569,602,193,1996
570,38,199,1996
571,58,199,1996
572,512,199,1996
573,588,199,1996
574,602,199,1996
575,46,316,1996
576,142,316,1996
577,373,316,1996
578,444,316,1996
579,512,316,1996
580,588,316,1996
581,602,316,1996
582,142,97,1996
583,373,97,1996
584,444,97,1996
585,512,97,1996
586,588,97,1996
587,602,97,1996
588,8,526,1996
589,38,526,1996
590,58,526,1996
591,142,526,1996
592,373,526,1996
593,444,526,1996
594,512,526,1996
595,565,526,1996
596,566,526,1996
597,602,526,1996
598,8,528,1996
599,38,528,1996
600,58,528,1996
601,373,528,1996
602,512,528,1996
603,566,528,1996
604,602,528,1996
605,38,198,1996
606,58,198,1996
607,512,198,1996
608,566,198,1996
609,602,198,1996
610,58,390,1996
611,142,390,1996
612,373,390,1996
613,444,390,1996
614,512,390,1996
615,565,390,1996
616,602,390,1996
617,142,98,1996
618,373,98,1996
619,444,98,1996
620,512,98,1996
621,602,98,1996
622,8,524,1996
623,35,524,1996
624,46,524,1996
625,541,524,1996
626,565,524,1996
627,14,93,1996
628,58,93,1996
629,136,93,1996
630,176,93,1996
631,512,93,1996
632,574,93,1996
633,584,93,1996
634,602,93,1996
635,58,386,1996
636,126,386,1996
637,176,386,1996
638,353,386,1996
639,373,386,1996
640,512,386,1996
641,574,386,1996
642,602,386,1996
643,58,393,1996
644,176,393,1996
645,512,393,1996
646,574,393,1996
647,602,393,1996
648,58,382,1996
649,102,382,1996
650,242,382,1996
651,353,382,1996
652,373,382,1996
653,512,382,1996
654,602,382,1996
655,58,400,1996
656,353,400,1996
657,373,400,1996
658,512,400,1996
659,602,400,1996
660,58,385,1996
661,126,385,1996
662,136,385,1996
663,176,385,1996
664,242,385,1996
665,353,385,1996
666,512,385,1996
667,524,385,1996
668,602,385,1996
669,58,388,1996
670,136,388,1996
671,176,388,1996
672,512,388,1996
673,602,388,1996
674,58,387,1996
675,126,387,1996
676,176,387,1996
677,353,387,1996
678,512,387,1996
679,602,387,1996
680,58,399,1996
681,242,399,1996
682,353,399,1996
683,512,399,1996
684,602,399,1996
685,56,335,1996
686,176,335,1996
687,242,335,1996
688,353,335,1996
689,373,335,1996
690,512,335,1996
691,574,335,1996
692,602,335,1996
693,176,122,1996
694,353,122,1996
695,373,122,1996
696,512,122,1996
697,574,122,1996
698,602,122,1996
699,242,146,1996
700,353,146,1996
701,373,146,1996
702,512,146,1996
703,602,146,1996
704,176,120,1996
705,242,120,1996
706,353,120,1996
707,512,120,1996
708,602,120,1996
709,6,506,1996
710,58,506,1996
711,179,506,1996
712,240,506,1996
713,284,506,1996
714,458,506,1996
715,584,506,1996
716,6,442,1996
717,179,442,1996
718,235,442,1996
719,240,442,1996
720,284,442,1996
721,349,442,1996
722,458,442,1996
723,584,442,1996
724,6,443,1996
725,179,443,1996
726,240,443,1996
727,284,443,1996
728,458,443,1996
729,584,443,1996
730,6,503,1996
731,58,503,1996
732,126,503,1996
733,458,503,1996
734,524,503,1996
735,179,126,1996
736,284,126,1996
737,402,126,1996
738,524,126,1996
739,584,126,1996
740,6,497,1996
741,46,497,1996
742,58,497,1996
743,284,497,1996
744,447,497,1996
745,498,497,1996
746,574,497,1996
747,588,497,1996
748,592,497,1996
749,6,513,1996
750,58,513,1996
751,99,513,1996
752,447,513,1996
753,476,513,1996
754,498,513,1996
755,574,513,1996
756,588,513,1996
757,6,510,1996
758,58,510,1996
759,447,510,1996
760,498,510,1996
761,574,510,1996
762,588,510,1996
763,6,469,1996
764,43,469,1996
765,284,469,1996
766,476,469,1996
767,498,469,1996
768,592,469,1996
769,58,406,1996
770,99,406,1996
771,142,406,1996
772,447,406,1996
773,588,406,1996
774,6,481,1996
775,43,481,1996
776,46,481,1996
777,58,481,1996
778,476,481,1996
779,498,481,1996
780,588,481,1996
781,592,481,1996
782,6,499,1996
783,46,499,1996
784,58,499,1996
785,498,499,1996
786,588,499,1996
787,592,499,1996
788,6,511,1996
789,58,511,1996
790,476,511,1996
791,498,511,1996
792,588,511,1996
793,6,483,1996
794,43,483,1996
795,476,483,1996
796,498,483,1996
797,592,483,1996
798,43,285,1996
799,99,285,1996
800,142,285,1996
801,429,285,1996
802,498,285,1996
803,592,285,1996
804,46,315,1996
805,142,315,1996
806,273,315,1996
807,574,315,1996
808,588,315,1996
809,592,315,1996
810,43,277,1996
811,273,277,1996
812,284,277,1996
813,476,277,1996
814,592,277,1996
815,8,529,1996
816,40,529,1996
817,170,529,1996
818,179,529,1996
819,229,529,1996
820,353,529,1996
821,559,529,1996
822,43,265,1996
823,179,265,1996
824,181,265,1996
825,240,265,1996
826,349,265,1996
827,379,265,1996
828,43,268,1996
829,229,268,1996
830,353,268,1996
831,379,268,1996
832,436,268,1996
833,6,491,1996
834,46,491,1996
835,136,491,1996
836,458,491,1996
837,498,491,1996
838,584,491,1996
839,592,491,1996
840,6,515,1996
841,8,515,1996
842,40,515,1996
843,126,515,1996
844,373,515,1996
845,498,515,1996
846,6,484,1996
847,43,484,1996
848,56,484,1996
849,235,484,1996
850,458,484,1996
851,498,484,1996
852,584,484,1996
853,592,484,1996
854,6,489,1996
855,458,489,1996
856,498,489,1996
857,584,489,1996
858,592,489,1996
859,6,473,1996
860,43,473,1996
861,46,473,1996
862,126,473,1996
863,136,473,1996
864,458,473,1996
865,498,473,1996
866,592,473,1996
867,6,492,1996
868,46,492,1996
869,136,492,1996
870,458,492,1996
871,498,492,1996
872,592,492,1996
873,6,472,1996
874,43,472,1996
875,458,472,1996
876,498,472,1996
877,592,472,1996
878,40,252,1996
879,43,252,1996
880,235,252,1996
881,458,252,1996
882,498,252,1996
883,584,252,1996
884,592,252,1996
885,43,272,1996
886,235,272,1996
887,458,272,1996
888,498,272,1996
889,584,272,1996
890,592,272,1996
891,46,322,1996
892,56,322,1996
893,235,322,1996
894,273,322,1996
895,373,322,1996
896,592,322,1996
897,56,334,1996
898,126,334,1996
899,136,334,1996
900,373,334,1996
901,584,334,1996
902,6,434,1996
903,126,434,1996
904,235,434,1996
905,458,434,1996
906,584,434,1996
907,6,475,1996
908,43,475,1996
909,46,475,1996
910,273,475,1996
911,498,475,1996
912,592,475,1996
913,6,478,1996
914,43,478,1996
915,46,478,1996
916,498,478,1996
917,592,478,1996
918,6,451,1996
919,284,451,1996
920,340,451,1996
921,458,451,1996
922,470,451,1996
923,486,451,1996
924,541,451,1996
925,584,451,1996
926,592,451,1996
927,6,501,1996
928,56,501,1996
929,181,501,1996
930,192,501,1996
931,284,501,1996
932,411,501,1996
933,458,501,1996
934,470,501,1996
935,486,501,1996
936,541,501,1996
937,584,501,1996
938,592,501,1996
939,6,452,1996
940,284,452,1996
941,458,452,1996
942,470,452,1996
943,486,452,1996
944,541,452,1996
945,584,452,1996
946,592,452,1996
947,6,441,1996
948,174,441,1996
949,340,441,1996
950,458,441,1996
951,486,441,1996
952,541,441,1996
953,592,441,1996
954,6,454,1996
955,340,454,1996
956,458,454,1996
957,486,454,1996
958,541,454,1996
959,592,454,1996
960,6,487,1996
961,458,487,1996
962,486,487,1996
963,541,487,1996
964,592,487,1996
965,174,112,1996
966,192,112,1996
967,340,112,1996
968,411,112,1996
969,458,112,1996
970,486,112,1996
971,584,112,1996
972,592,112,1996
973,340,174,1996
974,458,174,1996
975,486,174,1996
976,584,174,1996
977,592,174,1996
978,192,135,1996
979,411,135,1996
980,458,135,1996
981,486,135,1996
982,584,135,1996
983,592,135,1996
984,174,113,1996
985,340,113,1996
986,458,113,1996
987,486,113,1996
988,592,113,1996
989,284,155,1996
990,470,155,1996
991,486,155,1996
992,584,155,1996
993,592,155,1996
994,6,453,1996
995,340,453,1996
996,411,453,1996
997,541,453,1996
998,584,453,1996
999,6,502,1996
1000,56,502,1996
1001,458,502,1996
1002,584,502,1996
1003,592,502,1996
1004,40,251,1996
1005,43,251,1996
1006,229,251,1996
1007,411,251,1996
1008,584,251,1996
1009,40,250,1996
1010,43,250,1996
1011,229,250,1996
1012,240,250,1996
1013,353,250,1996
1014,40,253,1996
1015,43,253,1996
1016,46,253,1996
1017,273,253,1996
1018,584,253,1996
1019,136,91,1996
1020,240,91,1996
1021,284,91,1996
1022,512,91,1996
1023,584,91,1996
1024,602,91,1996
1025,43,275,1996
1026,240,275,1996
1027,284,275,1996
1028,485,275,1996
1029,512,275,1996
1030,584,275,1996
1031,37,189,1996
1032,99,189,1996
1033,353,189,1996
1034,402,189,1996
1035,512,189,1996
1036,569,189,1996
1037,602,189,1996
1038,43,259,1996
1039,136,259,1996
1040,353,259,1996
1041,512,259,1996
1042,602,259,1996
1043,37,187,1996
1044,43,187,1996
1045,99,187,1996
1046,485,187,1996
1047,584,187,1996
1048,37,184,1996
1049,353,184,1996
1050,402,184,1996
1051,485,184,1996
1052,512,184,1996
1053,602,184,1996
1054,37,185,1996
1055,353,185,1996
1056,402,185,1996
1057,512,185,1996
1058,602,185,1996
1059,43,280,1996
1060,284,280,1996
1061,402,280,1996
1062,584,280,1996
1063,602,280,1996
1064,136,92,1996
1065,353,92,1996
1066,512,92,1996
1067,584,92,1996
1068,602,92,1996
1069,240,145,1996
1070,243,145,1996
1071,284,145,1996
1072,402,145,1996
1073,569,145,1996
1074,584,145,1996
1075,46,318,1996
1076,176,318,1996
1077,374,318,1996
1078,470,318,1996
1079,584,318,1996
1080,592,318,1996
1081,192,134,1996
1082,321,134,1996
1083,470,134,1996
1084,485,134,1996
1085,584,134,1996
1086,592,134,1996
1087,99,537,1996
1088,192,537,1996
1089,429,537,1996
1090,485,537,1996
1091,584,537,1996
1092,592,537,1996
1093,46,319,1996
1094,176,319,1996
1095,402,319,1996
1096,485,319,1996
1097,592,319,1996
1098,176,124,1996
1099,402,124,1996
1100,470,124,1996
1101,584,124,1996
1102,592,124,1996
1103,8,531,1996
1104,46,531,1996
1105,429,531,1996
1106,485,531,1996
1107,584,531,1996
1108,8,530,1996
1109,46,530,1996
1110,126,530,1996
1111,584,530,1996
1112,592,530,1996
1113,6,496,1996
1114,46,496,1996
1115,58,496,1996
1116,134,496,1996
1117,458,496,1996
1118,584,496,1996
1119,592,496,1996
1120,6,466,1996
1121,43,466,1996
1122,235,466,1996
1123,458,466,1996
1124,476,466,1996
1125,584,466,1996
1126,592,466,1996
1127,6,480,1996
1128,43,480,1996
1129,46,480,1996
1130,58,480,1996
1131,458,480,1996
1132,476,480,1996
1133,592,480,1996
1134,6,498,1996
1135,46,498,1996
1136,58,498,1996
1137,458,498,1996
1138,592,498,1996
1139,6,471,1996
1140,43,471,1996
1141,458,471,1996
1142,476,471,1996
1143,592,471,1996
1144,43,271,1996
1145,235,271,1996
1146,429,271,1996
1147,458,271,1996
1148,468,271,1996
1149,584,271,1996
1150,592,271,1996
1151,46,314,1996
1152,134,314,1996
1153,235,314,1996
1154,273,314,1996
1155,592,314,1996
1156,43,278,1996
1157,273,278,1996
1158,476,278,1996
1159,584,278,1996
1160,592,278,1996
1161,5,328,1996
1162,6,328,1996
1163,46,328,1996
1164,134,328,1996
1165,429,328,1996
1166,468,328,1996
1167,476,328,1996
1168,584,328,1996
1169,6,507,1996
1170,58,507,1996
1171,235,507,1996
1172,458,507,1996
1173,584,507,1996
1174,6,479,1996
1175,43,479,1996
1176,46,479,1996
1177,58,479,1996
1178,273,479,1996
1179,429,479,1996
1180,476,479,1996
1181,592,479,1996
1182,6,482,1996
1183,43,482,1996
1184,46,482,1996
1185,58,482,1996
1186,476,482,1996
1187,592,482,1996
1188,6,474,1996
1189,43,474,1996
1190,46,474,1996
1191,235,474,1996
1192,273,474,1996
1193,458,474,1996
1194,584,474,1996
1195,592,474,1996
1196,6,495,1996
1197,46,495,1996
1198,458,495,1996
1199,584,495,1996
1200,592,495,1996
1201,6,467,1996
1202,43,467,1996
1203,235,467,1996
1204,458,467,1996
1205,584,467,1996
1206,592,467,1996
1207,6,477,1996
1208,43,477,1996
1209,46,477,1996
1210,458,477,1996
1211,592,477,1996
1212,43,273,1996
1213,235,273,1996
1214,458,273,1996
1215,584,273,1996
1216,592,273,1996
1217,6,476,1996
1218,43,476,1996
1219,46,476,1996
1220,273,476,1996
1221,592,476,1996
1222,107,76,1996
1223,109,76,1996
1224,136,76,1996
1225,458,76,1996
1226,498,76,1996
1227,40,248,1996
1228,107,248,1996
1229,109,248,1996
1230,121,248,1996
1231,162,248,1996
1232,498,248,1996
1233,109,79,1996
1234,162,79,1996
1235,235,79,1996
1236,411,79,1996
1237,458,79,1996
1238,498,79,1996
1239,35,177,1996
1240,40,177,1996
1241,107,177,1996
1242,235,177,1996
1243,411,177,1996
1244,458,177,1996
1245,498,177,1996
1246,40,249,1996
1247,136,249,1996
1248,235,249,1996
1249,458,249,1996
1250,498,249,1996
1251,6,436,1996
1252,136,436,1996
1253,458,436,1996
1254,498,436,1996
1255,536,436,1996
1256,541,436,1996
1257,584,436,1996
1258,6,445,1996
1259,192,445,1996
1260,349,445,1996
1261,458,445,1996
1262,485,445,1996
1263,498,445,1996
1264,536,445,1996
1265,541,445,1996
1266,584,445,1996
1267,6,488,1996
1268,458,488,1996
1269,498,488,1996
1270,536,488,1996
1271,541,488,1996
1272,584,488,1996
1273,6,435,1996
1274,136,435,1996
1275,458,435,1996
1276,498,435,1996
1277,524,435,1996
1278,541,435,1996
1279,6,437,1996
1280,136,437,1996
1281,458,437,1996
1282,498,437,1996
1283,541,437,1996
1284,99,538,1996
1285,192,538,1996
1286,458,538,1996
1287,485,538,1996
1288,498,538,1996
1289,524,538,1996
1290,536,538,1996
1291,584,538,1996
1292,192,136,1996
1293,458,136,1996
1294,485,136,1996
1295,498,136,1996
1296,536,136,1996
1297,584,136,1996
1298,6,455,1996
1299,349,455,1996
1300,458,455,1996
1301,524,455,1996
1302,584,455,1996
1303,6,438,1996
1304,136,438,1996
1305,458,438,1996
1306,498,438,1996
1307,584,438,1996
1308,6,446,1996
1309,192,446,1996
1310,458,446,1996
1311,541,446,1996
1312,584,446,1996
1313,179,128,1996
1314,458,128,1996
1315,485,128,1996
1316,486,128,1996
1317,498,128,1996
1318,541,128,1996
1319,584,128,1996
1320,179,129,1996
1321,458,129,1996
1322,486,129,1996
1323,498,129,1996
1324,541,129,1996
1325,584,129,1996
1326,353,181,1996
1327,458,181,1996
1328,486,181,1996
1329,498,181,1996
1330,524,181,1996
1331,541,181,1996
1332,142,99,1996
1333,429,99,1996
1334,458,99,1996
1335,485,99,1996
1336,486,99,1996
1337,498,99,1996
1338,524,99,1996
1339,584,99,1996
1340,458,306,1996
1341,485,306,1996
1342,486,306,1996
1343,498,306,1996
1344,584,306,1996
1345,179,125,1996
1346,243,125,1996
1347,458,125,1996
1348,524,125,1996
1349,584,125,1996
1350,458,307,1996
1351,485,307,1996
1352,498,307,1996
1353,524,307,1996
1354,541,307,1996
1355,584,307,1996
1356,458,309,1996
1357,485,309,1996
1358,498,309,1996
1359,541,309,1996
1360,584,309,1996
1361,458,308,1996
1362,485,308,1996
1363,498,308,1996
1364,524,308,1996
1365,584,308,1996
1366,58,404,1996
1367,94,404,1996
1368,284,404,1996
1369,486,404,1996
1370,512,404,1996
1371,58,405,1996
1372,94,405,1996
1373,353,405,1996
1374,486,405,1996
1375,512,405,1996
1376,58,394,1996
1377,191,394,1996
1378,242,394,1996
1379,353,394,1996
1380,486,394,1996
1381,512,394,1996
1382,565,394,1996
1383,58,398,1996
1384,242,398,1996
1385,353,398,1996
1386,486,398,1996
1387,512,398,1996
1388,6,439,1996
1389,14,439,1996
1390,58,439,1996
1391,136,439,1996
1392,602,439,1996
1393,6,463,1996
1394,40,463,1996
1395,58,463,1996
1396,99,463,1996
1397,373,463,1996
1398,385,463,1996
1399,602,463,1996
1400,40,255,1996
1401,58,255,1996
1402,99,255,1996
1403,191,255,1996
1404,373,255,1996
1405,602,255,1996
1406,40,256,1996
1407,58,256,1996
1408,99,256,1996
1409,373,256,1996
1410,602,256,1996
1411,14,94,1996
1412,58,94,1996
1413,136,94,1996
1414,373,94,1996
1415,602,94,1996
1416,6,486,1996
1417,447,486,1996
1418,458,486,1996
1419,470,486,1996
1420,584,486,1996
1421,6,465,1996
1422,43,465,1996
1423,181,465,1996
1424,455,465,1996
1425,458,465,1996
1426,470,465,1996
1427,530,465,1996
1428,584,465,1996
1429,6,464,1996
1430,43,464,1996
1431,174,464,1996
1432,458,464,1996
1433,530,464,1996
1434,6,440,1996
1435,174,440,1996
1436,181,440,1996
1437,458,440,1996
1438,470,440,1996
1439,584,440,1996
1440,6,444,1996
1441,181,444,1996
1442,458,444,1996
1443,470,444,1996
1444,584,444,1996
1445,46,313,1996
1446,130,313,1996
1447,240,313,1996
1448,458,313,1996
1449,470,313,1996
1450,584,313,1996
1451,43,276,1996
1452,240,276,1996
1453,458,276,1996
1454,470,276,1996
1455,485,276,1996
1456,584,276,1996
1457,43,287,1996
1458,99,287,1996
1459,429,287,1996
1460,458,287,1996
1461,485,287,1996
1462,584,287,1996
1463,43,286,1996
1464,99,286,1996
1465,240,286,1996
1466,485,286,1996
1467,584,286,1996
1468,46,326,1996
1469,99,326,1996
1470,429,326,1996
1471,470,326,1996
1472,485,326,1996
1473,584,326,1996
1474,43,283,1996
1475,46,283,1996
1476,429,283,1996
1477,458,283,1996
1478,584,283,1996
1479,43,282,1996
1480,411,282,1996
1481,486,282,1996
1482,498,282,1996
1483,541,282,1996
1484,43,284,1996
1485,58,284,1996
1486,174,284,1996
1487,486,284,1996
1488,498,284,1996
1489,541,284,1996
1490,43,263,1996
1491,174,263,1996
1492,411,263,1996
1493,486,263,1996
1494,498,263,1996
1495,6,508,1996
1496,58,508,1996
1497,240,508,1996
1498,340,508,1996
1499,486,508,1996
1500,592,508,1996
1501,6,447,1996
1502,235,447,1996
1503,240,447,1996
1504,486,447,1996
1505,592,447,1996
1506,6,509,1996
1507,58,509,1996
1508,340,509,1996
1509,486,509,1996
1510,592,509,1996
1511,46,321,1996
1512,458,321,1996
1513,498,321,1996
1514,566,321,1996
1515,584,321,1996
1516,181,130,1996
1517,458,130,1996
1518,498,130,1996
1519,530,130,1996
1520,566,130,1996
1521,584,130,1996
1522,46,311,1996
1523,126,311,1996
1524,174,311,1996
1525,458,311,1996
1526,498,311,1996
1527,530,311,1996
1528,46,312,1996
1529,126,312,1996
1530,458,312,1996
1531,498,312,1996
1532,584,312,1996
1533,174,111,1996
1534,181,111,1996
1535,458,111,1996
1536,530,111,1996
1537,584,111,1996
1538,35,176,1996
1539,174,176,1996
1540,192,176,1996
1541,429,176,1996
1542,458,176,1996
1543,485,176,1996
1544,584,176,1996
1545,8,523,1996
1546,35,523,1996
1547,429,523,1996
1548,485,523,1996
1549,584,523,1996
1550,8,522,1996
1551,192,522,1996
1552,429,522,1996
1553,485,522,1996
1554,584,522,1996
1555,40,247,1996
1556,102,247,1996
1557,191,247,1996
1558,353,247,1996
1559,588,247,1996
1560,43,260,1996
1561,162,260,1996
1562,476,260,1996
1563,536,260,1996
1564,566,260,1996
1565,584,260,1996
1566,35,178,1996
1567,43,178,1996
1568,429,178,1996
1569,536,178,1996
1570,584,178,1996
1571,46,324,1996
1572,58,324,1996
1573,458,324,1996
1574,498,324,1996
1575,592,324,1996
1576,35,179,1996
1577,99,179,1996
1578,429,179,1996
1579,458,179,1996
1580,498,179,1996
1581,592,179,1996
1582,46,325,1996
1583,58,325,1996
1584,99,325,1996
1585,429,325,1996
1586,498,325,1996
1587,592,325,1996
1588,46,323,1996
1589,58,323,1996
1590,429,323,1996
1591,458,323,1996
1592,592,323,1996
1593,37,188,1996
1594,99,188,1996
1595,240,188,1996
1596,284,188,1996
1597,353,188,1996
1598,6,429,1996
1599,109,429,1996
1600,176,429,1996
1601,240,429,1996
1602,592,429,1996
1603,6,432,1996
1604,109,432,1996
1605,240,432,1996
1606,411,432,1996
1607,592,432,1996
1608,6,450,1996
1609,240,450,1996
1610,486,450,1996
1611,501,450,1996
1612,544,450,1996
1613,6,485,1996
1614,43,485,1996
1615,58,485,1996
1616,99,485,1996
1617,429,485,1996
1618,6,504,1996
1619,58,504,1996
1620,136,504,1996
1621,240,504,1996
1622,498,504,1996
1623,6,512,1996
1624,58,512,1996
1625,99,512,1996
1626,353,512,1996
1627,498,512,1996
1628,6,505,1996
1629,58,505,1996
1630,136,505,1996
1631,353,505,1996
1632,498,505,1996
1633,6,468,1996
1634,43,468,1996
1635,240,468,1996
1636,284,468,1996
1637,584,468,1996
1638,592,468,1996
1639,6,449,1996
1640,240,449,1996
1641,284,449,1996
1642,584,449,1996
1643,592,449,1996
1644,43,279,1996
1645,284,279,1996
1646,402,279,1996
1647,584,279,1996
1648,592,279,1996
1649,6,448,1996
1650,240,448,1996
1651,284,448,1996
1652,402,448,1996
1653,584,448,1996
1654,43,274,1996
1655,240,274,1996
1656,284,274,1996
1657,402,274,1996
1658,584,274,1996
1659,58,391,1996
1660,162,391,1996
1661,373,391,1996
1662,411,391,1996
1663,446,391,1996
1664,43,262,1996
1665,174,262,1996
1666,340,262,1996
1667,429,262,1996
1668,592,262,1996
1669,6,433,1996
1670,121,433,1996
1671,373,433,1996
1672,486,433,1996
1673,588,433,1996
1674,58,407,1996
1675,99,407,1996
1676,191,407,1996
1677,353,407,1996
1678,447,407,1996
1679,486,407,1996
1680,58,408,1996
1681,99,408,1996
1682,353,408,1996
1683,447,408,1996
1684,486,408,1996
1685,58,402,1996
1686,447,402,1996
1687,458,402,1996
1688,486,402,1996
1689,584,402,1996
1690,602,402,1996
1691,58,403,1996
1692,458,403,1996
1693,541,403,1996
1694,584,403,1996
1695,592,403,1996
1696,58,392,1996
1697,174,392,1996
1698,458,392,1996
1699,541,392,1996
1700,592,392,1996
1701,174,114,1996
1702,458,114,1996
1703,541,114,1996
1704,584,114,1996
1705,592,114,1996
1706,276,153,1997
1707,337,153,1997
1708,389,153,1997
1709,456,153,1997
1710,559,153,1997
1711,71,521,1997
1712,364,521,1997
1713,389,521,1997
1714,456,521,1997
1715,559,521,1997
1716,32,168,1997
1717,90,168,1997
1718,120,168,1997
1719,302,168,1997
1720,437,168,1997
1721,44,288,1997
1722,120,288,1997
1723,276,288,1997
1724,304,288,1997
1725,337,288,1997
1726,437,288,1997
1727,84,532,1997
1728,90,532,1997
1729,171,532,1997
1730,302,532,1997
1731,451,532,1997
1732,521,532,1997
1733,32,167,1997
1734,84,167,1997
1735,171,167,1997
1736,372,167,1997
1737,437,167,1997
1738,44,289,1997
1739,337,289,1997
1740,389,289,1997
1741,456,289,1997
1742,529,289,1997
1743,71,520,1997
1744,179,520,1997
1745,337,520,1997
1746,389,520,1997
1747,589,520,1997
1748,33,172,1999
1749,93,172,1999
1750,140,172,1999
1751,554,172,1999
1752,572,172,1999
1753,577,172,1999
1754,140,95,1999
1755,554,95,1999
1756,572,95,1999
1757,577,95,1999
1758,597,95,1999
1759,93,534,1999
1760,201,534,1999
1761,572,534,1999
1762,577,534,1999
1763,597,534,1999
1764,33,173,1999
1765,93,173,1999
1766,201,173,1999
1767,577,173,1999
1768,597,173,1999
1769,93,533,1999
1770,115,533,1999
1771,201,533,1999
1772,577,533,1999
1773,597,533,1999
1774,33,171,1999
1775,201,171,1999
1776,554,171,1999
1777,572,171,1999
1778,597,171,1999
1779,1,31,2000
1780,39,31,2000
1781,45,31,2000
1782,57,31,2000
1783,96,31,2000
1784,160,31,2000
1785,414,31,2000
1786,1,14,2000
1787,39,14,2000
1788,160,14,2000
1789,217,14,2000
1790,290,14,2000
1791,414,14,2000
1792,1,44,2000
1793,4,44,2000
1794,39,44,2000
1795,160,44,2000
1796,409,44,2000
1797,414,44,2000
1798,469,44,2000
1799,603,44,2000
1800,1,64,2000
1801,57,64,2000
1802,96,64,2000
1803,217,64,2000
1804,265,64,2000
1805,267,64,2000
1806,288,64,2000
1807,290,64,2000
1808,414,64,2000
1809,39,234,2000
1810,96,234,2000
1811,160,234,2000
1812,290,234,2000
1813,414,234,2000
1814,39,235,2000
1815,96,235,2000
1816,160,235,2000
1817,409,235,2000
1818,414,235,2000
1819,453,235,2000
1820,469,235,2000
1821,587,235,2000
1822,603,235,2000
1823,39,202,2000
1824,160,202,2000
1825,195,202,2000
1826,290,202,2000
1827,409,202,2000
1828,414,202,2000
1829,469,202,2000
1830,603,202,2000
1831,39,206,2000
1832,160,206,2000
1833,409,206,2000
1834,414,206,2000
1835,469,206,2000
1836,603,206,2000
1837,1,34,2000
1838,39,34,2000
1839,45,34,2000
1840,79,34,2000
1841,115,34,2000
1842,217,34,2000
1843,265,34,2000
1844,267,34,2000
1845,290,34,2000
1846,414,34,2000
1847,1,49,2000
1848,4,49,2000
1849,39,49,2000
1850,45,49,2000
1851,414,49,2000
1852,469,49,2000
1853,1,45,2000
1854,4,45,2000
1855,39,45,2000
1856,217,45,2000
1857,290,45,2000
1858,414,45,2000
1859,469,45,2000
1860,1,19,2000
1861,39,19,2000
1862,217,19,2000
1863,290,19,2000
1864,414,19,2000
1865,1,7,2000
1866,202,7,2000
1867,217,7,2000
1868,265,7,2000
1869,267,7,2000
1870,290,7,2000
1871,414,7,2000
1872,1,9,2000
1873,217,9,2000
1874,265,9,2000
1875,267,9,2000
1876,290,9,2000
1877,414,9,2000
1878,1,50,2000
1879,4,50,2000
1880,39,50,2000
1881,57,50,2000
1882,409,50,2000
1883,414,50,2000
1884,469,50,2000
1885,1,47,2000
1886,4,47,2000
1887,39,47,2000
1888,409,47,2000
1889,414,47,2000
1890,469,47,2000
1891,1,5,2000
1892,19,5,2000
1893,27,5,2000
1894,57,5,2000
1895,267,5,2000
1896,414,5,2000
1897,39,216,2000
1898,368,216,2000
1899,409,216,2000
1900,414,216,2000
1901,469,216,2000
1902,1,46,2000
1903,4,46,2000
1904,39,46,2000
1905,267,46,2000
1906,414,46,2000
1907,469,46,2000
1908,1,48,2000
1909,4,48,2000
1910,39,48,2000
1911,414,48,2000
1912,469,48,2000
1913,45,299,2000
1914,57,299,2000
1915,79,299,2000
1916,160,299,2000
1917,414,299,2000
1918,450,299,2000
1919,45,294,2000
1920,57,294,2000
1921,160,294,2000
1922,414,294,2000
1923,603,294,2000
1924,57,348,2000
1925,224,348,2000
1926,244,348,2000
1927,368,348,2000
1928,414,348,2000
1929,1,27,2000
1930,39,27,2000
1931,45,27,2000
1932,57,27,2000
1933,265,27,2000
1934,267,27,2000
1935,414,27,2000
1936,591,27,2000
1937,1,30,2000
1938,39,30,2000
1939,45,30,2000
1940,57,30,2000
1941,414,30,2000
1942,453,30,2000
1943,603,30,2000
1944,1,57,2000
1945,57,57,2000
1946,265,57,2000
1947,267,57,2000
1948,414,57,2000
1949,39,212,2000
1950,197,212,2000
1951,414,212,2000
1952,453,212,2000
1953,603,212,2000
1954,1,23,2000
1955,39,23,2000
1956,45,23,2000
1957,265,23,2000
1958,267,23,2000
1959,414,23,2000
1960,1,40,2000
1961,39,40,2000
1962,57,40,2000
1963,267,40,2000
1964,414,40,2000
1965,45,297,2000
1966,57,297,2000
1967,414,297,2000
1968,603,297,2000
1969,607,297,2000
1970,1,61,2000
1971,57,61,2000
1972,96,61,2000
1973,160,61,2000
1974,288,61,2000
1975,290,61,2000
1976,1,67,2000
1977,59,67,2000
1978,160,67,2000
1979,290,67,2000
1980,465,67,2000
1981,1,65,2000
1982,57,65,2000
1983,96,65,2000
1984,288,65,2000
1985,290,65,2000
1986,57,358,2000
1987,59,358,2000
1988,160,358,2000
1989,224,358,2000
1990,368,358,2000
1991,465,358,2000
1992,607,358,2000
1993,39,222,2000
1994,57,222,2000
1995,115,222,2000
1996,265,222,2000
1997,267,222,2000
1998,288,222,2000
1999,4,246,2000
2000,39,246,2000
2001,59,246,2000
2002,465,246,2000
2003,603,246,2000
2004,57,341,2000
2005,202,341,2000
2006,265,341,2000
2007,267,341,2000
2008,288,341,2000
2009,4,245,2000
2010,39,245,2000
2011,115,245,2000
2012,202,245,2000
2013,265,245,2000
2014,267,245,2000
2015,57,380,2000
2016,59,380,2000
2017,465,380,2000
2018,603,380,2000
2019,607,380,2000
2020,39,224,2000
2021,57,224,2000
2022,265,224,2000
2023,267,224,2000
2024,603,224,2000
2025,607,224,2000
2026,57,366,2000
2027,59,366,2000
2028,288,366,2000
2029,465,366,2000
2030,607,366,2000
2031,45,300,2000
2032,57,300,2000
2033,79,300,2000
2034,290,300,2000
2035,294,300,2000
2036,414,300,2000
2037,45,296,2000
2038,57,296,2000
2039,409,296,2000
2040,414,296,2000
2041,469,296,2000
2042,603,296,2000
2043,59,409,2000
2044,156,409,2000
2045,290,409,2000
2046,409,409,2000
2047,414,409,2000
2048,469,409,2000
2049,603,409,2000
2050,290,157,2000
2051,368,157,2000
2052,409,157,2000
2053,414,157,2000
2054,469,157,2000
2055,603,157,2000
2056,45,302,2000
2057,79,302,2000
2058,290,302,2000
2059,414,302,2000
2060,469,302,2000
2061,57,350,2000
2062,368,350,2000
2063,409,350,2000
2064,414,350,2000
2065,469,350,2000
2066,45,298,2000
2067,57,298,2000
2068,59,298,2000
2069,79,298,2000
2070,368,298,2000
2071,414,298,2000
2072,603,298,2000
2073,45,290,2000
2074,224,290,2000
2075,244,290,2000
2076,414,290,2000
2077,465,290,2000
2078,39,220,2000
2079,45,220,2000
2080,57,220,2000
2081,160,220,2000
2082,430,220,2000
2083,469,220,2000
2084,603,220,2000
2085,39,203,2000
2086,160,203,2000
2087,195,203,2000
2088,465,203,2000
2089,469,203,2000
2090,603,203,2000
2091,39,204,2000
2092,160,204,2000
2093,195,204,2000
2094,469,204,2000
2095,603,204,2000
2096,45,295,2000
2097,57,295,2000
2098,160,295,2000
2099,465,295,2000
2100,603,295,2000
2101,607,295,2000
2102,39,221,2000
2103,45,221,2000
2104,57,221,2000
2105,603,221,2000
2106,607,221,2000
2107,39,223,2000
2108,57,223,2000
2109,202,223,2000
2110,465,223,2000
2111,603,223,2000
2112,607,223,2000
2113,45,304,2000
2114,96,304,2000
2115,288,304,2000
2116,414,304,2000
2117,450,304,2000
2118,45,305,2000
2119,96,305,2000
2120,414,305,2000
2121,453,305,2000
2122,469,305,2000
2123,45,292,2000
2124,244,292,2000
2125,414,292,2000
2126,450,292,2000
2127,607,292,2000
2128,45,293,2000
2129,414,293,2000
2130,453,293,2000
2131,579,293,2000
2132,607,293,2000
2133,45,291,2000
2134,244,291,2000
2135,288,291,2000
2136,414,291,2000
2137,579,291,2000
2138,45,303,2000
2139,79,303,2000
2140,96,303,2000
2141,115,303,2000
2142,414,303,2000
2143,450,303,2000
2144,45,301,2000
2145,79,301,2000
2146,115,301,2000
2147,202,301,2000
2148,414,301,2000
2149,1,43,2000
2150,39,43,2000
2151,96,43,2000
2152,414,43,2000
2153,453,43,2000
2154,469,43,2000
2155,603,43,2000
2156,1,17,2000
2157,39,17,2000
2158,195,17,2000
2159,414,17,2000
2160,465,17,2000
2161,469,17,2000
2162,603,17,2000
2163,1,21,2000
2164,39,21,2000
2165,414,21,2000
2166,469,21,2000
2167,603,21,2000
2168,39,237,2000
2169,96,237,2000
2170,195,237,2000
2171,414,237,2000
2172,453,237,2000
2173,469,237,2000
2174,603,237,2000
2175,39,240,2000
2176,96,240,2000
2177,414,240,2000
2178,453,240,2000
2179,469,240,2000
2180,603,240,2000
2181,39,210,2000
2182,195,210,2000
2183,414,210,2000
2184,469,210,2000
2185,603,210,2000
2186,1,18,2000
2187,39,18,2000
2188,202,18,2000
2189,414,18,2000
2190,469,18,2000
2191,1,20,2000
2192,39,20,2000
2193,414,20,2000
2194,453,20,2000
2195,603,20,2000
2196,39,209,2000
2197,195,209,2000
2198,202,209,2000
2199,465,209,2000
2200,469,209,2000
2201,603,209,2000
2202,39,211,2000
2203,195,211,2000
2204,465,211,2000
2205,469,211,2000
2206,603,211,2000
2207,1,37,2000
2208,39,37,2000
2209,45,37,2000
2210,79,37,2000
2211,96,37,2000
2212,160,37,2000
2213,217,37,2000
2214,267,37,2000
2215,414,37,2000
2216,591,37,2000
2217,1,38,2000
2218,39,38,2000
2219,45,38,2000
2220,96,38,2000
2221,160,38,2000
2222,414,38,2000
2223,1,15,2000
2224,39,15,2000
2225,160,15,2000
2226,217,15,2000
2227,414,15,2000
2228,1,69,2000
2229,96,69,2000
2230,217,69,2000
2231,267,69,2000
2232,414,69,2000
2233,1,36,2000
2234,39,36,2000
2235,45,36,2000
2236,79,36,2000
2237,217,36,2000
2238,267,36,2000
2239,414,36,2000
2240,1,25,2000
2241,39,25,2000
2242,45,25,2000
2243,267,25,2000
2244,414,25,2000
2245,591,25,2000
2246,1,24,2000
2247,39,24,2000
2248,45,24,2000
2249,267,24,2000
2250,414,24,2000
2251,1,2,2000
2252,160,2,2000
2253,265,2,2000
2254,288,2,2000
2255,414,2,2000
2256,1,13,2000
2257,27,13,2000
2258,265,13,2000
2259,288,13,2000
2260,414,13,2000
2261,1,12,2000
2262,27,12,2000
2263,224,12,2000
2264,244,12,2000
2265,414,12,2000
2266,27,152,2000
2267,224,152,2000
2268,244,152,2000
2269,288,152,2000
2270,414,152,2000
2271,39,230,2000
2272,79,230,2000
2273,115,230,2000
2274,288,230,2000
2275,290,230,2000
2276,450,230,2000
2277,39,231,2000
2278,79,231,2000
2279,115,231,2000
2280,290,231,2000
2281,469,231,2000
2282,1,33,2000
2283,39,33,2000
2284,45,33,2000
2285,57,33,2000
2286,96,33,2000
2287,414,33,2000
2288,453,33,2000
2289,587,33,2000
2290,1,32,2000
2291,39,32,2000
2292,45,32,2000
2293,57,32,2000
2294,96,32,2000
2295,414,32,2000
2296,39,238,2000
2297,96,238,2000
2298,195,238,2000
2299,414,238,2000
2300,453,238,2000
2301,587,238,2000
2302,39,241,2000
2303,96,241,2000
2304,414,241,2000
2305,453,241,2000
2306,587,241,2000
2307,1,29,2000
2308,39,29,2000
2309,45,29,2000
2310,57,29,2000
2311,414,29,2000
2312,453,29,2000
2313,1,28,2000
2314,39,28,2000
2315,45,28,2000
2316,57,28,2000
2317,414,28,2000
2318,1,41,2000
2319,39,41,2000
2320,96,41,2000
2321,195,41,2000
2322,414,41,2000
2323,453,41,2000
2324,1,42,2000
2325,39,42,2000
2326,96,42,2000
2327,414,42,2000
2328,453,42,2000
2329,39,236,2000
2330,96,236,2000
2331,195,236,2000
2332,414,236,2000
2333,453,236,2000
2334,1,39,2000
2335,39,39,2000
2336,45,39,2000
2337,96,39,2000
2338,414,39,2000
2339,57,361,2000
2340,59,361,2000
2341,202,361,2000
2342,267,361,2000
2343,465,361,2000
2344,59,419,2000
2345,195,419,2000
2346,290,419,2000
2347,465,419,2000
2348,469,419,2000
2349,603,419,2000
2350,57,340,2000
2351,195,340,2000
2352,465,340,2000
2353,469,340,2000
2354,603,340,2000
2355,59,411,2000
2356,156,411,2000
2357,290,411,2000
2358,414,411,2000
2359,465,411,2000
2360,469,411,2000
2361,603,411,2000
2362,57,365,2000
2363,59,365,2000
2364,202,365,2000
2365,465,365,2000
2366,603,365,2000
2367,57,355,2000
2368,59,355,2000
2369,156,355,2000
2370,290,355,2000
2371,414,355,2000
2372,469,355,2000
2373,603,355,2000
2374,59,413,2000
2375,156,413,2000
2376,290,413,2000
2377,414,413,2000
2378,469,413,2000
2379,603,413,2000
2380,57,347,2000
2381,202,347,2000
2382,465,347,2000
2383,469,347,2000
2384,603,347,2000
2385,202,141,2000
2386,414,141,2000
2387,465,141,2000
2388,469,141,2000
2389,603,141,2000
2390,57,339,2000
2391,160,339,2000
2392,288,339,2000
2393,290,339,2000
2394,414,339,2000
2395,57,342,2000
2396,202,342,2000
2397,288,342,2000
2398,290,342,2000
2399,414,342,2000
2400,57,359,2000
2401,59,359,2000
2402,160,359,2000
2403,288,359,2000
2404,290,359,2000
2405,465,359,2000
2406,57,362,2000
2407,59,362,2000
2408,202,362,2000
2409,288,362,2000
2410,465,362,2000
2411,57,357,2000
2412,59,357,2000
2413,160,357,2000
2414,202,357,2000
2415,414,357,2000
2416,465,357,2000
2417,469,357,2000
2418,57,360,2000
2419,59,360,2000
2420,160,360,2000
2421,414,360,2000
2422,465,360,2000
2423,57,338,2000
2424,160,338,2000
2425,202,338,2000
2426,465,338,2000
2427,469,338,2000
2428,39,233,2000
2429,96,233,2000
2430,115,233,2000
2431,267,233,2000
2432,414,233,2000
2433,39,200,2000
2434,115,200,2000
2435,202,200,2000
2436,267,200,2000
2437,414,200,2000
2438,39,214,2000
2439,244,214,2000
2440,267,214,2000
2441,368,214,2000
2442,414,214,2000
2443,39,201,2000
2444,115,201,2000
2445,202,201,2000
2446,267,201,2000
2447,465,201,2000
2448,39,239,2000
2449,96,239,2000
2450,202,239,2000
2451,414,239,2000
2452,465,239,2000
2453,1,0,2000
2454,115,0,2000
2455,160,0,2000
2456,267,0,2000
2457,414,0,2000
2458,591,0,2000
2459,1,11,2000
2460,267,11,2000
2461,414,11,2000
2462,453,11,2000
2463,591,11,2000
2464,1,3,2000
2465,160,3,2000
2466,267,3,2000
2467,414,3,2000
2468,591,3,2000
2469,59,415,2000
2470,160,415,2000
2471,290,415,2000
2472,409,415,2000
2473,414,415,2000
2474,465,415,2000
2475,469,415,2000
2476,603,415,2000
2477,160,107,2000
2478,290,107,2000
2479,409,107,2000
2480,414,107,2000
2481,469,107,2000
2482,603,107,2000
2483,160,108,2000
2484,409,108,2000
2485,414,108,2000
2486,469,108,2000
2487,603,108,2000
2488,59,418,2000
2489,160,418,2000
2490,414,418,2000
2491,465,418,2000
2492,603,418,2000
2493,59,422,2000
2494,290,422,2000
2495,409,422,2000
2496,414,422,2000
2497,469,422,2000
2498,603,422,2000
2499,59,416,2000
2500,160,416,2000
2501,290,416,2000
2502,414,416,2000
2503,465,416,2000
2504,469,416,2000
2505,59,417,2000
2506,160,417,2000
2507,414,417,2000
2508,465,417,2000
2509,469,417,2000
2510,195,137,2000
2511,290,137,2000
2512,414,137,2000
2513,453,137,2000
2514,469,137,2000
2515,288,156,2000
2516,414,156,2000
2517,453,156,2000
2518,469,156,2000
2519,607,156,2000
2520,57,353,2000
2521,59,353,2000
2522,156,353,2000
2523,202,353,2000
2524,290,353,2000
2525,414,353,2000
2526,465,353,2000
2527,469,353,2000
2528,59,410,2000
2529,156,410,2000
2530,290,410,2000
2531,414,410,2000
2532,465,410,2000
2533,469,410,2000
2534,57,354,2000
2535,59,354,2000
2536,156,354,2000
2537,290,354,2000
2538,414,354,2000
2539,469,354,2000
2540,59,412,2000
2541,156,412,2000
2542,290,412,2000
2543,414,412,2000
2544,469,412,2000
2545,57,363,2000
2546,59,363,2000
2547,202,363,2000
2548,290,363,2000
2549,414,363,2000
2550,465,363,2000
2551,469,363,2000
2552,57,364,2000
2553,59,364,2000
2554,202,364,2000
2555,414,364,2000
2556,465,364,2000
2557,469,364,2000
2558,1,55,2000
2559,57,55,2000
2560,216,55,2000
2561,409,55,2000
2562,414,55,2000
2563,469,55,2000
2564,1,52,2000
2565,57,52,2000
2566,202,52,2000
2567,216,52,2000
2568,288,52,2000
2569,414,52,2000
2570,1,58,2000
2571,57,58,2000
2572,409,58,2000
2573,414,58,2000
2574,469,58,2000
2575,57,343,2000
2576,202,343,2000
2577,288,343,2000
2578,414,343,2000
2579,469,343,2000
2580,197,138,2000
2581,290,138,2000
2582,368,138,2000
2583,409,138,2000
2584,469,138,2000
2585,587,138,2000
2586,39,227,2000
2587,57,227,2000
2588,79,227,2000
2589,290,227,2000
2590,414,227,2000
2591,39,226,2000
2592,57,226,2000
2593,409,226,2000
2594,414,226,2000
2595,469,226,2000
2596,603,226,2000
2597,39,215,2000
2598,290,215,2000
2599,409,215,2000
2600,414,215,2000
2601,469,215,2000
2602,603,215,2000
2603,39,217,2000
2604,409,217,2000
2605,414,217,2000
2606,469,217,2000
2607,603,217,2000
2608,39,232,2000
2609,79,232,2000
2610,290,232,2000
2611,414,232,2000
2612,469,232,2000
2613,39,225,2000
2614,57,225,2000
2615,409,225,2000
2616,414,225,2000
2617,469,225,2000
2618,57,381,2000
2619,79,381,2000
2620,290,381,2000
2621,409,381,2000
2622,414,381,2000
2623,469,381,2000
2624,603,381,2000
2625,57,351,2000
2626,409,351,2000
2627,414,351,2000
2628,469,351,2000
2629,603,351,2000
2630,290,159,2000
2631,409,159,2000
2632,414,159,2000
2633,469,159,2000
2634,603,159,2000
2635,57,376,2000
2636,59,376,2000
2637,368,376,2000
2638,414,376,2000
2639,465,376,2000
2640,603,376,2000
2641,57,368,2000
2642,59,368,2000
2643,290,368,2000
2644,368,368,2000
2645,465,368,2000
2646,57,367,2000
2647,59,367,2000
2648,290,367,2000
2649,368,367,2000
2650,414,367,2000
2651,469,367,2000
2652,603,367,2000
2653,57,377,2000
2654,59,377,2000
2655,368,377,2000
2656,414,377,2000
2657,603,377,2000
2658,57,370,2000
2659,59,370,2000
2660,290,370,2000
2661,414,370,2000
2662,465,370,2000
2663,469,370,2000
2664,603,370,2000
2665,57,379,2000
2666,59,379,2000
2667,414,379,2000
2668,465,379,2000
2669,603,379,2000
2670,57,372,2000
2671,59,372,2000
2672,290,372,2000
2673,414,372,2000
2674,469,372,2000
2675,603,372,2000
2676,57,374,2000
2677,59,374,2000
2678,290,374,2000
2679,465,374,2000
2680,469,374,2000
2681,603,374,2000
2682,57,375,2000
2683,59,375,2000
2684,290,375,2000
2685,469,375,2000
2686,603,375,2000
2687,57,369,2000
2688,59,369,2000
2689,290,369,2000
2690,414,369,2000
2691,465,369,2000
2692,469,369,2000
2693,57,371,2000
2694,59,371,2000
2695,290,371,2000
2696,414,371,2000
2697,469,371,2000
2698,57,378,2000
2699,59,378,2000
2700,414,378,2000
2701,465,378,2000
2702,469,378,2000
2703,57,373,2000
2704,59,373,2000
2705,290,373,2000
2706,465,373,2000
2707,469,373,2000
2708,59,420,2000
2709,290,420,2000
2710,368,420,2000
2711,414,420,2000
2712,465,420,2000
2713,469,420,2000
2714,603,420,2000
2715,59,427,2000
2716,368,427,2000
2717,414,427,2000
2718,465,427,2000
2719,603,427,2000
2720,59,421,2000
2721,290,421,2000
2722,368,421,2000
2723,414,421,2000
2724,469,421,2000
2725,603,421,2000
2726,290,158,2000
2727,368,158,2000
2728,414,158,2000
2729,469,158,2000
2730,603,158,2000
2731,59,424,2000
2732,290,424,2000
2733,414,424,2000
2734,465,424,2000
2735,469,424,2000
2736,603,424,2000
2737,59,425,2000
2738,290,425,2000
2739,414,425,2000
2740,469,425,2000
2741,603,425,2000
2742,59,426,2000
2743,290,426,2000
2744,465,426,2000
2745,469,426,2000
2746,603,426,2000
2747,59,423,2000
2748,290,423,2000
2749,414,423,2000
2750,465,423,2000
2751,469,423,2000
2752,57,349,2000
2753,290,349,2000
2754,414,349,2000
2755,469,349,2000
2756,603,349,2000
2757,1,63,2000
2758,57,63,2000
2759,96,63,2000
2760,216,63,2000
2761,414,63,2000
2762,469,63,2000
2763,603,63,2000
2764,1,62,2000
2765,57,62,2000
2766,96,62,2000
2767,216,62,2000
2768,414,62,2000
2769,1,70,2000
2770,96,70,2000
2771,414,70,2000
2772,465,70,2000
2773,469,70,2000
2774,603,70,2000
2775,1,71,2000
2776,96,71,2000
2777,414,71,2000
2778,469,71,2000
2779,603,71,2000
2780,1,51,2000
2781,414,51,2000
2782,465,51,2000
2783,469,51,2000
2784,603,51,2000
2785,1,56,2000
2786,57,56,2000
2787,216,56,2000
2788,414,56,2000
2789,469,56,2000
2790,57,352,2000
2791,414,352,2000
2792,465,352,2000
2793,469,352,2000
2794,603,352,2000
2795,39,207,2000
2796,160,207,2000
2797,414,207,2000
2798,453,207,2000
2799,469,207,2000
2800,603,207,2000
2801,39,208,2000
2802,160,208,2000
2803,414,208,2000
2804,469,208,2000
2805,603,208,2000
2806,39,205,2000
2807,160,205,2000
2808,202,205,2000
2809,469,205,2000
2810,603,205,2000
2811,39,213,2000
2812,202,213,2000
2813,414,213,2000
2814,453,213,2000
2815,469,213,2000
2816,603,213,2000
2817,39,218,2000
2818,414,218,2000
2819,453,218,2000
2820,469,218,2000
2821,603,218,2000
2822,160,109,2000
2823,414,109,2000
2824,453,109,2000
2825,469,109,2000
2826,587,109,2000
2827,1,60,2000
2828,57,60,2000
2829,414,60,2000
2830,453,60,2000
2831,607,60,2000
2832,19,132,2000
2833,57,132,2000
2834,59,132,2000
2835,188,132,2000
2836,290,132,2000
2837,603,132,2000
2838,57,356,2000
2839,59,356,2000
2840,156,356,2000
2841,290,356,2000
2842,603,356,2000
2843,1,59,2000
2844,57,59,2000
2845,414,59,2000
2846,430,59,2000
2847,469,59,2000
2848,1,53,2000
2849,57,53,2000
2850,202,53,2000
2851,290,53,2000
2852,414,53,2000
2853,1,8,2000
2854,202,8,2000
2855,290,8,2000
2856,414,8,2000
2857,469,8,2000
2858,57,344,2000
2859,202,344,2000
2860,290,344,2000
2861,414,344,2000
2862,469,344,2000
2863,1,54,2000
2864,57,54,2000
2865,202,54,2000
2866,414,54,2000
2867,469,54,2000
2868,1,4,2000
2869,19,4,2000
2870,27,4,2000
2871,288,4,2000
2872,290,4,2000
2873,1,68,2000
2874,59,68,2000
2875,288,68,2000
2876,290,68,2000
2877,607,68,2000
2878,57,337,2000
2879,156,337,2000
2880,202,337,2000
2881,469,337,2000
2882,603,337,2000
2883,1,66,2000
2884,57,66,2000
2885,96,66,2000
2886,414,66,2000
2887,587,66,2000
2888,96,535,2000
2889,244,535,2000
2890,288,535,2000
2891,414,535,2000
2892,469,535,2000
2893,1,6,2000
2894,195,6,2000
2895,290,6,2000
2896,409,6,2000
2897,414,6,2000
2898,39,242,2000
2899,96,242,2000
2900,414,242,2000
2901,465,242,2000
2902,469,242,2000
2903,603,242,2000
2904,39,219,2000
2905,414,219,2000
2906,465,219,2000
2907,469,219,2000
2908,603,219,2000
2909,39,243,2000
2910,96,243,2000
2911,414,243,2000
2912,469,243,2000
2913,603,243,2000
2914,96,536,2000
2915,414,536,2000
2916,465,536,2000
2917,469,536,2000
2918,603,536,2000
2919,39,229,2000
2920,59,229,2000
2921,290,229,2000
2922,465,229,2000
2923,603,229,2000
2924,39,228,2000
2925,59,228,2000
2926,288,228,2000
2927,465,228,2000
2928,603,228,2000
2929,1,1,2000
2930,115,1,2000
2931,265,1,2000
2932,267,1,2000
2933,414,1,2000
2934,1,10,2000
2935,265,10,2000
2936,267,10,2000
2937,414,10,2000
2938,607,10,2000
2939,1,35,2000
2940,39,35,2000
2941,45,35,2000
2942,79,35,2000
2943,217,35,2000
2944,202,140,2000
2945,224,140,2000
2946,414,140,2000
2947,469,140,2000
2948,607,140,2000
2949,1,22,2000
2950,39,22,2000
2951,45,22,2000
2952,195,22,2000
2953,414,22,2000
2954,453,22,2000
2955,1,26,2000
2956,39,26,2000
2957,45,26,2000
2958,414,26,2000
2959,453,26,2000
2960,1,16,2000
2961,39,16,2000
2962,195,16,2000
2963,414,16,2000
2964,453,16,2000
2965,19,133,2000
2966,59,133,2000
2967,290,133,2000
2968,469,133,2000
2969,603,133,2000
2970,57,345,2000
2971,202,345,2000
2972,290,345,2000
2973,465,345,2000
2974,469,345,2000
2975,57,346,2000
2976,202,346,2000
2977,414,346,2000
2978,469,346,2000
2979,603,346,2000
2980,59,414,2000
2981,156,414,2000
2982,409,414,2000
2983,414,414,2000
2984,603,414,2000
2985,42,258,2001
2986,234,258,2001
2987,493,258,2001
2988,494,258,2001
2989,555,258,2001
2990,13,90,2001
2991,267,90,2001
2992,384,90,2001
2993,414,90,2001
2994,453,90,2001
2995,69,519,2002
2996,198,519,2002
2997,391,519,2002
2998,448,519,2002
2999,452,519,2002
3000,527,519,2002
3001,186,131,2002
3002,313,131,2002
3003,448,131,2002
3004,527,131,2002
3005,531,131,2002
3006,69,518,2002
3007,186,518,2002
3008,198,518,2002
3009,448,518,2002
3010,527,518,2002
3011,254,151,2007
3012,274,151,2007
3013,573,151,2007
3014,580,151,2007
3015,606,151,2007
3016,200,139,2008
3017,220,139,2008
3018,239,139,2008
3019,375,139,2008
3020,477,139,2008
3021,63,516,2015
3022,103,516,2015
3023,105,516,2015
3024,511,516,2015
3025,601,516,2015
3026,393,244,2015
3027,407,244,2015
3028,511,244,2015
3029,533,244,2015
3030,601,244,2015
3031,112,80,2015
3032,119,80,2015
3033,393,80,2015
3034,407,80,2015
3035,439,80,2015
3036,441,80,2015
3037,509,80,2015
3038,511,80,2015
3039,601,80,2015
3040,112,82,2015
3041,393,82,2015
3042,407,82,2015
3043,439,82,2015
3044,441,82,2015
3045,511,82,2015
3046,601,82,2015
3047,63,517,2015
3048,105,517,2015
3049,233,517,2015
3050,256,517,2015
3051,581,517,2015
3052,112,81,2015
3053,231,81,2015
3054,393,81,2015
3055,407,81,2015
3056,441,81,2015
3057,105,73,2015
3058,152,73,2015
3059,298,73,2015
3060,317,73,2015
3061,601,73,2015
3062,112,83,2015
3063,393,83,2015
3064,407,83,2015
3065,509,83,2015
3066,601,83,2015
3067,122,88,2016
3068,125,88,2016
3069,251,88,2016
3070,445,88,2016
3071,495,88,2016
3072,549,88,2016
3073,610,88,2016
3074,52,331,2016
3075,122,331,2016
3076,251,331,2016
3077,305,331,2016
3078,495,331,2016
3079,52,329,2016
3080,106,329,2016
3081,305,329,2016
3082,445,329,2016
3083,610,329,2016
3084,52,332,2016
3085,196,332,2016
3086,305,332,2016
3087,319,332,2016
3088,495,332,2016
3089,106,74,2016
3090,305,74,2016
3091,408,74,2016
3092,418,74,2016
3093,445,74,2016
3094,610,74,2016
3095,52,333,2016
3096,305,333,2016
3097,319,333,2016
3098,495,333,2016
3099,549,333,2016
3100,122,89,2016
3101,210,89,2016
3102,305,89,2016
3103,445,89,2016
3104,610,89,2016
3105,52,330,2016
3106,122,330,2016
3107,210,330,2016
3108,305,330,2016
3109,610,330,2016
3110,106,75,2016
3111,305,75,2016
3112,408,75,2016
3113,418,75,2016
3114,610,75,2016
3115,15,101,2017
3116,30,101,2017
3117,328,101,2017
3118,400,101,2017
3119,515,101,2017
3120,279,154,2017
3121,328,154,2017
3122,380,154,2017
3123,400,154,2017
3124,599,154,2017
3125,15,102,2017
3126,30,102,2017
3127,328,102,2017
3128,400,102,2017
3129,561,102,2017
3130,15,100,2017
3131,30,100,2017
3132,279,100,2017
3133,328,100,2017
3134,380,100,2017
3135,400,100,2017
3136,475,100,2017
3137,30,161,2017
3138,279,161,2017
3139,380,161,2017
3140,475,161,2017
3141,561,161,2017
3142,328,169,2017
3143,352,169,2017
3144,400,169,2017
3145,413,169,2017
3146,515,169,2017
3147,328,170,2017
3148,352,170,2017
3149,400,170,2017
3150,413,170,2017
3151,599,170,2017
3152,30,165,2017
3153,352,165,2017
3154,413,165,2017
3155,523,165,2017
3156,561,165,2017
3157,30,163,2017
3158,352,163,2017
3159,380,163,2017
3160,443,163,2017
3161,475,163,2017
3162,523,163,2017
3163,561,163,2017
3164,30,166,2017
3165,352,166,2017
3166,443,166,2017
3167,523,166,2017
3168,561,166,2017
3169,30,164,2017
3170,352,164,2017
3171,380,164,2017
3172,475,164,2017
3173,523,164,2017
3174,561,164,2017
3175,30,160,2017
3176,141,160,2017
3177,380,160,2017
3178,515,160,2017
3179,561,160,2017
3180,15,105,2017
3181,328,105,2017
3182,352,105,2017
3183,413,105,2017
3184,515,105,2017
3185,15,104,2017
3186,30,104,2017
3187,380,104,2017
3188,400,104,2017
3189,475,104,2017
3190,599,104,2017
3191,15,103,2017
3192,30,103,2017
3193,380,103,2017
3194,400,103,2017
3195,475,103,2017
3196,15,106,2017
3197,352,106,2017
3198,413,106,2017
3199,515,106,2017
3200,523,106,2017
3201,30,162,2017
3202,328,162,2017
3203,380,162,2017
3204,475,162,2017
3205,561,162,2017
3206,209,142,2018
3207,258,142,2018
3208,382,142,2018
3209,417,142,2018
3210,586,142,2018
3211,25,148,2018
3212,62,148,2018
3213,77,148,2018
3214,209,148,2018
3215,362,148,2018
3216,382,148,2018
3217,417,148,2018
3218,586,148,2018
3219,25,149,2018
3220,62,149,2018
3221,77,149,2018
3222,209,149,2018
3223,382,149,2018
3224,417,149,2018
3225,586,149,2018
3226,25,150,2018
3227,77,150,2018
3228,209,150,2018
3229,382,150,2018
3230,586,150,2018
