,user_id,group_id,period
0,6,764,1996
1,38,764,1996
2,58,764,1996
3,94,764,1996
4,107,764,1996
5,109,764,1996
6,117,764,1996
7,130,764,1996
8,176,764,1996
9,179,764,1996
10,229,764,1996
11,340,764,1996
12,447,764,1996
13,486,764,1996
14,498,764,1996
15,512,764,1996
16,566,764,1996
17,574,764,1996
18,588,764,1996
19,602,764,1996
20,6,732,1996
21,109,732,1996
22,179,732,1996
23,240,732,1996
24,284,732,1996
25,379,732,1996
26,458,732,1996
27,470,732,1996
28,486,732,1996
29,498,732,1996
30,512,732,1996
31,536,732,1996
32,541,732,1996
33,566,732,1996
34,584,732,1996
35,592,732,1996
36,6,730,1996
37,109,730,1996
38,162,730,1996
39,179,730,1996
40,455,730,1996
41,476,730,1996
42,486,730,1996
43,498,730,1996
44,512,730,1996
45,566,730,1996
46,6,733,1996
47,109,733,1996
48,179,733,1996
49,486,733,1996
50,498,733,1996
51,512,733,1996
52,566,733,1996
53,58,688,1996
54,109,688,1996
55,229,688,1996
56,374,688,1996
57,447,688,1996
58,486,688,1996
59,512,688,1996
60,588,688,1996
61,602,688,1996
62,40,545,1996
63,58,545,1996
64,99,545,1996
65,109,545,1996
66,229,545,1996
67,353,545,1996
68,373,545,1996
69,447,545,1996
70,486,545,1996
71,512,545,1996
72,588,545,1996
73,602,545,1996
74,58,689,1996
75,109,689,1996
76,229,689,1996
77,447,689,1996
78,486,689,1996
79,512,689,1996
80,588,689,1996
81,602,689,1996
82,102,72,1996
83,109,72,1996
84,411,72,1996
85,444,72,1996
86,486,72,1996
87,512,72,1996
88,6,761,1996
89,38,761,1996
90,46,761,1996
91,58,761,1996
92,136,761,1996
93,176,761,1996
94,229,761,1996
95,340,761,1996
96,379,761,1996
97,458,761,1996
98,486,761,1996
99,498,761,1996
100,512,761,1996
101,541,761,1996
102,588,761,1996
103,592,761,1996
104,602,761,1996
105,6,762,1996
106,38,762,1996
107,58,762,1996
108,126,762,1996
109,176,762,1996
110,229,762,1996
111,340,762,1996
112,353,762,1996
113,476,762,1996
114,486,762,1996
115,498,762,1996
116,512,762,1996
117,588,762,1996
118,602,762,1996
119,6,763,1996
120,38,763,1996
121,58,763,1996
122,176,763,1996
123,229,763,1996
124,340,763,1996
125,486,763,1996
126,498,763,1996
127,512,763,1996
128,588,763,1996
129,602,763,1996
130,6,772,1996
131,43,772,1996
132,379,772,1996
133,458,772,1996
134,476,772,1996
135,486,772,1996
136,498,772,1996
137,512,772,1996
138,530,772,1996
139,541,772,1996
140,592,772,1996
141,6,759,1996
142,379,759,1996
143,458,759,1996
144,486,759,1996
145,498,759,1996
146,512,759,1996
147,541,759,1996
148,592,759,1996
149,6,802,1996
150,476,802,1996
151,486,802,1996
152,498,802,1996
153,512,802,1996
154,58,700,1996
155,229,700,1996
156,242,700,1996
157,353,700,1996
158,486,700,1996
159,512,700,1996
160,588,700,1996
161,602,700,1996
162,58,701,1996
163,229,701,1996
164,353,701,1996
165,486,701,1996
166,512,701,1996
167,588,701,1996
168,602,701,1996
169,58,702,1996
170,229,702,1996
171,486,702,1996
172,512,702,1996
173,588,702,1996
174,602,702,1996
175,107,109,1996
176,229,109,1996
177,340,109,1996
178,379,109,1996
179,458,109,1996
180,486,109,1996
181,498,109,1996
182,536,109,1996
183,584,109,1996
184,592,109,1996
185,40,548,1996
186,99,548,1996
187,107,548,1996
188,229,548,1996
189,340,548,1996
190,385,548,1996
191,486,548,1996
192,498,548,1996
193,107,110,1996
194,229,110,1996
195,340,110,1996
196,486,110,1996
197,498,110,1996
198,43,561,1996
199,192,561,1996
200,235,561,1996
201,379,561,1996
202,411,561,1996
203,458,561,1996
204,485,561,1996
205,486,561,1996
206,498,561,1996
207,536,561,1996
208,584,561,1996
209,592,561,1996
210,379,480,1996
211,458,480,1996
212,486,480,1996
213,498,480,1996
214,536,480,1996
215,584,480,1996
216,592,480,1996
217,37,473,1996
218,40,473,1996
219,99,473,1996
220,142,473,1996
221,229,473,1996
222,411,473,1996
223,486,473,1996
224,43,555,1996
225,174,555,1996
226,229,555,1996
227,340,555,1996
228,379,555,1996
229,458,555,1996
230,486,555,1996
231,498,555,1996
232,524,555,1996
233,592,555,1996
234,229,388,1996
235,340,388,1996
236,379,388,1996
237,458,388,1996
238,486,388,1996
239,498,388,1996
240,592,388,1996
241,43,575,1996
242,379,575,1996
243,458,575,1996
244,486,575,1996
245,498,575,1996
246,592,575,1996
247,379,481,1996
248,458,481,1996
249,486,481,1996
250,498,481,1996
251,592,481,1996
252,46,604,1996
253,117,604,1996
254,134,604,1996
255,176,604,1996
256,512,604,1996
257,574,604,1996
258,588,604,1996
259,592,604,1996
260,602,604,1996
261,117,135,1996
262,176,135,1996
263,353,135,1996
264,373,135,1996
265,455,135,1996
266,512,135,1996
267,574,135,1996
268,588,135,1996
269,602,135,1996
270,117,136,1996
271,176,136,1996
272,512,136,1996
273,574,136,1996
274,588,136,1996
275,602,136,1996
276,56,641,1996
277,235,641,1996
278,349,641,1996
279,411,641,1996
280,444,641,1996
281,455,641,1996
282,485,641,1996
283,512,641,1996
284,592,641,1996
285,37,470,1996
286,142,470,1996
287,242,470,1996
288,353,470,1996
289,373,470,1996
290,402,470,1996
291,411,470,1996
292,444,470,1996
293,512,470,1996
294,588,470,1996
295,602,470,1996
296,604,470,1996
297,353,466,1996
298,373,466,1996
299,512,466,1996
300,588,466,1996
301,602,466,1996
302,46,611,1996
303,176,611,1996
304,242,611,1996
305,353,611,1996
306,512,611,1996
307,588,611,1996
308,592,611,1996
309,602,611,1996
310,46,614,1996
311,176,614,1996
312,512,614,1996
313,588,614,1996
314,592,614,1996
315,602,614,1996
316,176,255,1996
317,353,255,1996
318,512,255,1996
319,588,255,1996
320,602,255,1996
321,242,392,1996
322,353,392,1996
323,512,392,1996
324,588,392,1996
325,602,392,1996
326,37,469,1996
327,142,469,1996
328,235,469,1996
329,411,469,1996
330,485,469,1996
331,592,469,1996
332,38,484,1996
333,58,484,1996
334,117,484,1996
335,470,484,1996
336,512,484,1996
337,536,484,1996
338,566,484,1996
339,602,484,1996
340,8,913,1996
341,38,913,1996
342,58,913,1996
343,117,913,1996
344,162,913,1996
345,314,913,1996
346,373,913,1996
347,455,913,1996
348,512,913,1996
349,566,913,1996
350,602,913,1996
351,38,485,1996
352,58,485,1996
353,117,485,1996
354,512,485,1996
355,566,485,1996
356,602,485,1996
357,162,183,1996
358,173,183,1996
359,235,183,1996
360,411,183,1996
361,444,183,1996
362,455,183,1996
363,470,183,1996
364,512,183,1996
365,536,183,1996
366,566,183,1996
367,5,622,1996
368,58,622,1996
369,142,622,1996
370,373,622,1996
371,411,622,1996
372,444,622,1996
373,512,622,1996
374,565,622,1996
375,602,622,1996
376,38,486,1996
377,58,486,1996
378,436,486,1996
379,512,486,1996
380,602,486,1996
381,117,134,1996
382,142,134,1996
383,235,134,1996
384,373,134,1996
385,411,134,1996
386,444,134,1996
387,446,134,1996
388,455,134,1996
389,512,134,1996
390,602,134,1996
391,117,137,1996
392,373,137,1996
393,455,137,1996
394,512,137,1996
395,602,137,1996
396,235,389,1996
397,411,389,1996
398,444,389,1996
399,455,389,1996
400,512,389,1996
401,142,161,1996
402,373,161,1996
403,411,161,1996
404,444,161,1996
405,512,161,1996
406,602,161,1996
407,176,247,1996
408,179,247,1996
409,229,247,1996
410,284,247,1996
411,470,247,1996
412,486,247,1996
413,584,247,1996
414,592,247,1996
415,602,247,1996
416,176,248,1996
417,179,248,1996
418,229,248,1996
419,314,248,1996
420,385,248,1996
421,476,248,1996
422,486,248,1996
423,602,248,1996
424,176,249,1996
425,179,249,1996
426,229,249,1996
427,486,249,1996
428,602,249,1996
429,43,560,1996
430,179,560,1996
431,284,560,1996
432,470,560,1996
433,476,560,1996
434,486,560,1996
435,584,560,1996
436,592,560,1996
437,179,264,1996
438,284,264,1996
439,470,264,1996
440,486,264,1996
441,584,264,1996
442,592,264,1996
443,43,558,1996
444,176,558,1996
445,229,558,1996
446,476,558,1996
447,486,558,1996
448,524,558,1996
449,592,558,1996
450,602,558,1996
451,176,251,1996
452,229,251,1996
453,486,251,1996
454,592,251,1996
455,602,251,1996
456,176,250,1996
457,229,250,1996
458,476,250,1996
459,486,250,1996
460,602,250,1996
461,43,563,1996
462,229,563,1996
463,385,563,1996
464,486,563,1996
465,524,563,1996
466,584,563,1996
467,592,563,1996
468,43,564,1996
469,229,564,1996
470,486,564,1996
471,524,564,1996
472,592,564,1996
473,176,253,1996
474,273,253,1996
475,402,253,1996
476,446,253,1996
477,592,253,1996
478,602,253,1996
479,6,792,1996
480,46,792,1996
481,107,792,1996
482,134,792,1996
483,340,792,1996
484,379,792,1996
485,541,792,1996
486,584,792,1996
487,6,816,1996
488,8,816,1996
489,107,816,1996
490,340,816,1996
491,476,816,1996
492,6,758,1996
493,379,758,1996
494,411,758,1996
495,476,758,1996
496,485,758,1996
497,530,758,1996
498,541,758,1996
499,584,758,1996
500,6,795,1996
501,46,795,1996
502,340,795,1996
503,379,795,1996
504,476,795,1996
505,530,795,1996
506,541,795,1996
507,6,796,1996
508,46,796,1996
509,340,796,1996
510,379,796,1996
511,541,796,1996
512,6,760,1996
513,379,760,1996
514,476,760,1996
515,530,760,1996
516,541,760,1996
517,35,459,1996
518,107,459,1996
519,340,459,1996
520,379,459,1996
521,411,459,1996
522,429,459,1996
523,468,459,1996
524,485,459,1996
525,584,459,1996
526,38,482,1996
527,46,482,1996
528,58,482,1996
529,394,482,1996
530,512,482,1996
531,541,482,1996
532,566,482,1996
533,588,482,1996
534,602,482,1996
535,8,915,1996
536,38,915,1996
537,58,915,1996
538,373,915,1996
539,512,915,1996
540,566,915,1996
541,588,915,1996
542,602,915,1996
543,38,487,1996
544,58,487,1996
545,512,487,1996
546,566,487,1996
547,588,487,1996
548,602,487,1996
549,58,694,1996
550,142,694,1996
551,191,694,1996
552,373,694,1996
553,444,694,1996
554,512,694,1996
555,565,694,1996
556,588,694,1996
557,602,694,1996
558,58,706,1996
559,373,706,1996
560,512,706,1996
561,588,706,1996
562,602,706,1996
563,38,483,1996
564,46,483,1996
565,58,483,1996
566,512,483,1996
567,541,483,1996
568,588,483,1996
569,602,483,1996
570,38,489,1996
571,58,489,1996
572,512,489,1996
573,588,489,1996
574,602,489,1996
575,46,610,1996
576,142,610,1996
577,373,610,1996
578,444,610,1996
579,512,610,1996
580,588,610,1996
581,602,610,1996
582,142,162,1996
583,373,162,1996
584,444,162,1996
585,512,162,1996
586,588,162,1996
587,602,162,1996
588,8,914,1996
589,38,914,1996
590,58,914,1996
591,142,914,1996
592,373,914,1996
593,444,914,1996
594,512,914,1996
595,565,914,1996
596,566,914,1996
597,602,914,1996
598,8,916,1996
599,38,916,1996
600,58,916,1996
601,373,916,1996
602,512,916,1996
603,566,916,1996
604,602,916,1996
605,38,488,1996
606,58,488,1996
607,512,488,1996
608,566,488,1996
609,602,488,1996
610,58,695,1996
611,142,695,1996
612,373,695,1996
613,444,695,1996
614,512,695,1996
615,565,695,1996
616,602,695,1996
617,142,163,1996
618,373,163,1996
619,444,163,1996
620,512,163,1996
621,602,163,1996
622,8,912,1996
623,35,912,1996
624,46,912,1996
625,541,912,1996
626,565,912,1996
627,14,156,1996
628,58,156,1996
629,136,156,1996
630,176,156,1996
631,512,156,1996
632,574,156,1996
633,584,156,1996
634,602,156,1996
635,58,691,1996
636,126,691,1996
637,176,691,1996
638,353,691,1996
639,373,691,1996
640,512,691,1996
641,574,691,1996
642,602,691,1996
643,58,698,1996
644,176,698,1996
645,512,698,1996
646,574,698,1996
647,602,698,1996
648,58,687,1996
649,102,687,1996
650,242,687,1996
651,353,687,1996
652,373,687,1996
653,512,687,1996
654,602,687,1996
655,58,705,1996
656,353,705,1996
657,373,705,1996
658,512,705,1996
659,602,705,1996
660,58,690,1996
661,126,690,1996
662,136,690,1996
663,176,690,1996
664,242,690,1996
665,353,690,1996
666,512,690,1996
667,524,690,1996
668,602,690,1996
669,58,693,1996
670,136,693,1996
671,176,693,1996
672,512,693,1996
673,602,693,1996
674,58,692,1996
675,126,692,1996
676,176,692,1996
677,353,692,1996
678,512,692,1996
679,602,692,1996
680,58,704,1996
681,242,704,1996
682,353,704,1996
683,512,704,1996
684,602,704,1996
685,56,640,1996
686,176,640,1996
687,242,640,1996
688,353,640,1996
689,373,640,1996
690,512,640,1996
691,574,640,1996
692,602,640,1996
693,176,254,1996
694,353,254,1996
695,373,254,1996
696,512,254,1996
697,574,254,1996
698,602,254,1996
699,242,391,1996
700,353,391,1996
701,373,391,1996
702,512,391,1996
703,602,391,1996
704,176,252,1996
705,242,252,1996
706,353,252,1996
707,512,252,1996
708,602,252,1996
709,6,808,1996
710,58,808,1996
711,179,808,1996
712,240,808,1996
713,284,808,1996
714,458,808,1996
715,584,808,1996
716,6,744,1996
717,179,744,1996
718,235,744,1996
719,240,744,1996
720,284,744,1996
721,349,744,1996
722,458,744,1996
723,584,744,1996
724,6,745,1996
725,179,745,1996
726,240,745,1996
727,284,745,1996
728,458,745,1996
729,584,745,1996
730,6,805,1996
731,58,805,1996
732,126,805,1996
733,458,805,1996
734,524,805,1996
735,179,263,1996
736,284,263,1996
737,402,263,1996
738,524,263,1996
739,584,263,1996
740,6,799,1996
741,46,799,1996
742,58,799,1996
743,284,799,1996
744,447,799,1996
745,498,799,1996
746,574,799,1996
747,588,799,1996
748,592,799,1996
749,6,815,1996
750,58,815,1996
751,99,815,1996
752,447,815,1996
753,476,815,1996
754,498,815,1996
755,574,815,1996
756,588,815,1996
757,6,812,1996
758,58,812,1996
759,447,812,1996
760,498,812,1996
761,574,812,1996
762,588,812,1996
763,6,771,1996
764,43,771,1996
765,284,771,1996
766,476,771,1996
767,498,771,1996
768,592,771,1996
769,58,711,1996
770,99,711,1996
771,142,711,1996
772,447,711,1996
773,588,711,1996
774,6,783,1996
775,43,783,1996
776,46,783,1996
777,58,783,1996
778,476,783,1996
779,498,783,1996
780,588,783,1996
781,592,783,1996
782,6,801,1996
783,46,801,1996
784,58,801,1996
785,498,801,1996
786,588,801,1996
787,592,801,1996
788,6,813,1996
789,58,813,1996
790,476,813,1996
791,498,813,1996
792,588,813,1996
793,6,785,1996
794,43,785,1996
795,476,785,1996
796,498,785,1996
797,592,785,1996
798,43,579,1996
799,99,579,1996
800,142,579,1996
801,429,579,1996
802,498,579,1996
803,592,579,1996
804,46,609,1996
805,142,609,1996
806,273,609,1996
807,574,609,1996
808,588,609,1996
809,592,609,1996
810,43,571,1996
811,273,571,1996
812,284,571,1996
813,476,571,1996
814,592,571,1996
815,8,917,1996
816,40,917,1996
817,170,917,1996
818,179,917,1996
819,229,917,1996
820,353,917,1996
821,559,917,1996
822,43,559,1996
823,179,559,1996
824,181,559,1996
825,240,559,1996
826,349,559,1996
827,379,559,1996
828,43,562,1996
829,229,562,1996
830,353,562,1996
831,379,562,1996
832,436,562,1996
833,6,793,1996
834,46,793,1996
835,136,793,1996
836,458,793,1996
837,498,793,1996
838,584,793,1996
839,592,793,1996
840,6,817,1996
841,8,817,1996
842,40,817,1996
843,126,817,1996
844,373,817,1996
845,498,817,1996
846,6,786,1996
847,43,786,1996
848,56,786,1996
849,235,786,1996
850,458,786,1996
851,498,786,1996
852,584,786,1996
853,592,786,1996
854,6,791,1996
855,458,791,1996
856,498,791,1996
857,584,791,1996
858,592,791,1996
859,6,775,1996
860,43,775,1996
861,46,775,1996
862,126,775,1996
863,136,775,1996
864,458,775,1996
865,498,775,1996
866,592,775,1996
867,6,794,1996
868,46,794,1996
869,136,794,1996
870,458,794,1996
871,498,794,1996
872,592,794,1996
873,6,774,1996
874,43,774,1996
875,458,774,1996
876,498,774,1996
877,592,774,1996
878,40,543,1996
879,43,543,1996
880,235,543,1996
881,458,543,1996
882,498,543,1996
883,584,543,1996
884,592,543,1996
885,43,566,1996
886,235,566,1996
887,458,566,1996
888,498,566,1996
889,584,566,1996
890,592,566,1996
891,46,616,1996
892,56,616,1996
893,235,616,1996
894,273,616,1996
895,373,616,1996
896,592,616,1996
897,56,639,1996
898,126,639,1996
899,136,639,1996
900,373,639,1996
901,584,639,1996
902,6,736,1996
903,126,736,1996
904,235,736,1996
905,458,736,1996
906,584,736,1996
907,6,777,1996
908,43,777,1996
909,46,777,1996
910,273,777,1996
911,498,777,1996
912,592,777,1996
913,6,780,1996
914,43,780,1996
915,46,780,1996
916,498,780,1996
917,592,780,1996
918,6,753,1996
919,284,753,1996
920,340,753,1996
921,458,753,1996
922,470,753,1996
923,486,753,1996
924,541,753,1996
925,584,753,1996
926,592,753,1996
927,6,803,1996
928,56,803,1996
929,181,803,1996
930,192,803,1996
931,284,803,1996
932,411,803,1996
933,458,803,1996
934,470,803,1996
935,486,803,1996
936,541,803,1996
937,584,803,1996
938,592,803,1996
939,6,754,1996
940,284,754,1996
941,458,754,1996
942,470,754,1996
943,486,754,1996
944,541,754,1996
945,584,754,1996
946,592,754,1996
947,6,743,1996
948,174,743,1996
949,340,743,1996
950,458,743,1996
951,486,743,1996
952,541,743,1996
953,592,743,1996
954,6,756,1996
955,340,756,1996
956,458,756,1996
957,486,756,1996
958,541,756,1996
959,592,756,1996
960,6,789,1996
961,458,789,1996
962,486,789,1996
963,541,789,1996
964,592,789,1996
965,174,244,1996
966,192,244,1996
967,340,244,1996
968,411,244,1996
969,458,244,1996
970,486,244,1996
971,584,244,1996
972,592,244,1996
973,340,458,1996
974,458,458,1996
975,486,458,1996
976,584,458,1996
977,592,458,1996
978,192,354,1996
979,411,354,1996
980,458,354,1996
981,486,354,1996
982,584,354,1996
983,592,354,1996
984,174,245,1996
985,340,245,1996
986,458,245,1996
987,486,245,1996
988,592,245,1996
989,284,418,1996
990,470,418,1996
991,486,418,1996
992,584,418,1996
993,592,418,1996
994,6,755,1996
995,340,755,1996
996,411,755,1996
997,541,755,1996
998,584,755,1996
999,6,804,1996
1000,56,804,1996
1001,458,804,1996
1002,584,804,1996
1003,592,804,1996
1004,40,542,1996
1005,43,542,1996
1006,229,542,1996
1007,411,542,1996
1008,584,542,1996
1009,40,541,1996
1010,43,541,1996
1011,229,541,1996
1012,240,541,1996
1013,353,541,1996
1014,40,544,1996
1015,43,544,1996
1016,46,544,1996
1017,273,544,1996
1018,584,544,1996
1019,136,153,1996
1020,240,153,1996
1021,284,153,1996
1022,512,153,1996
1023,584,153,1996
1024,602,153,1996
1025,43,569,1996
1026,240,569,1996
1027,284,569,1996
1028,485,569,1996
1029,512,569,1996
1030,584,569,1996
1031,37,476,1996
1032,99,476,1996
1033,353,476,1996
1034,402,476,1996
1035,512,476,1996
1036,569,476,1996
1037,602,476,1996
1038,43,553,1996
1039,136,553,1996
1040,353,553,1996
1041,512,553,1996
1042,602,553,1996
1043,37,474,1996
1044,43,474,1996
1045,99,474,1996
1046,485,474,1996
1047,584,474,1996
1048,37,471,1996
1049,353,471,1996
1050,402,471,1996
1051,485,471,1996
1052,512,471,1996
1053,602,471,1996
1054,37,472,1996
1055,353,472,1996
1056,402,472,1996
1057,512,472,1996
1058,602,472,1996
1059,43,574,1996
1060,284,574,1996
1061,402,574,1996
1062,584,574,1996
1063,602,574,1996
1064,136,154,1996
1065,353,154,1996
1066,512,154,1996
1067,584,154,1996
1068,602,154,1996
1069,240,390,1996
1070,243,390,1996
1071,284,390,1996
1072,402,390,1996
1073,569,390,1996
1074,584,390,1996
1075,46,612,1996
1076,176,612,1996
1077,374,612,1996
1078,470,612,1996
1079,584,612,1996
1080,592,612,1996
1081,192,353,1996
1082,321,353,1996
1083,470,353,1996
1084,485,353,1996
1085,584,353,1996
1086,592,353,1996
1087,99,942,1996
1088,192,942,1996
1089,429,942,1996
1090,485,942,1996
1091,584,942,1996
1092,592,942,1996
1093,46,613,1996
1094,176,613,1996
1095,402,613,1996
1096,485,613,1996
1097,592,613,1996
1098,176,256,1996
1099,402,256,1996
1100,470,256,1996
1101,584,256,1996
1102,592,256,1996
1103,8,919,1996
1104,46,919,1996
1105,429,919,1996
1106,485,919,1996
1107,584,919,1996
1108,8,918,1996
1109,46,918,1996
1110,126,918,1996
1111,584,918,1996
1112,592,918,1996
1113,6,798,1996
1114,46,798,1996
1115,58,798,1996
1116,134,798,1996
1117,458,798,1996
1118,584,798,1996
1119,592,798,1996
1120,6,768,1996
1121,43,768,1996
1122,235,768,1996
1123,458,768,1996
1124,476,768,1996
1125,584,768,1996
1126,592,768,1996
1127,6,782,1996
1128,43,782,1996
1129,46,782,1996
1130,58,782,1996
1131,458,782,1996
1132,476,782,1996
1133,592,782,1996
1134,6,800,1996
1135,46,800,1996
1136,58,800,1996
1137,458,800,1996
1138,592,800,1996
1139,6,773,1996
1140,43,773,1996
1141,458,773,1996
1142,476,773,1996
1143,592,773,1996
1144,43,565,1996
1145,235,565,1996
1146,429,565,1996
1147,458,565,1996
1148,468,565,1996
1149,584,565,1996
1150,592,565,1996
1151,46,608,1996
1152,134,608,1996
1153,235,608,1996
1154,273,608,1996
1155,592,608,1996
1156,43,572,1996
1157,273,572,1996
1158,476,572,1996
1159,584,572,1996
1160,592,572,1996
1161,5,623,1996
1162,6,623,1996
1163,46,623,1996
1164,134,623,1996
1165,429,623,1996
1166,468,623,1996
1167,476,623,1996
1168,584,623,1996
1169,6,809,1996
1170,58,809,1996
1171,235,809,1996
1172,458,809,1996
1173,584,809,1996
1174,6,781,1996
1175,43,781,1996
1176,46,781,1996
1177,58,781,1996
1178,273,781,1996
1179,429,781,1996
1180,476,781,1996
1181,592,781,1996
1182,6,784,1996
1183,43,784,1996
1184,46,784,1996
1185,58,784,1996
1186,476,784,1996
1187,592,784,1996
1188,6,776,1996
1189,43,776,1996
1190,46,776,1996
1191,235,776,1996
1192,273,776,1996
1193,458,776,1996
1194,584,776,1996
1195,592,776,1996
1196,6,797,1996
1197,46,797,1996
1198,458,797,1996
1199,584,797,1996
1200,592,797,1996
1201,6,769,1996
1202,43,769,1996
1203,235,769,1996
1204,458,769,1996
1205,584,769,1996
1206,592,769,1996
1207,6,779,1996
1208,43,779,1996
1209,46,779,1996
1210,458,779,1996
1211,592,779,1996
1212,43,567,1996
1213,235,567,1996
1214,458,567,1996
1215,584,567,1996
1216,592,567,1996
1217,6,778,1996
1218,43,778,1996
1219,46,778,1996
1220,273,778,1996
1221,592,778,1996
1222,107,108,1996
1223,109,108,1996
1224,136,108,1996
1225,458,108,1996
1226,498,108,1996
1227,40,539,1996
1228,107,539,1996
1229,109,539,1996
1230,121,539,1996
1231,162,539,1996
1232,498,539,1996
1233,109,111,1996
1234,162,111,1996
1235,235,111,1996
1236,411,111,1996
1237,458,111,1996
1238,498,111,1996
1239,35,461,1996
1240,40,461,1996
1241,107,461,1996
1242,235,461,1996
1243,411,461,1996
1244,458,461,1996
1245,498,461,1996
1246,40,540,1996
1247,136,540,1996
1248,235,540,1996
1249,458,540,1996
1250,498,540,1996
1251,6,738,1996
1252,136,738,1996
1253,458,738,1996
1254,498,738,1996
1255,536,738,1996
1256,541,738,1996
1257,584,738,1996
1258,6,747,1996
1259,192,747,1996
1260,349,747,1996
1261,458,747,1996
1262,485,747,1996
1263,498,747,1996
1264,536,747,1996
1265,541,747,1996
1266,584,747,1996
1267,6,790,1996
1268,458,790,1996
1269,498,790,1996
1270,536,790,1996
1271,541,790,1996
1272,584,790,1996
1273,6,737,1996
1274,136,737,1996
1275,458,737,1996
1276,498,737,1996
1277,524,737,1996
1278,541,737,1996
1279,6,739,1996
1280,136,739,1996
1281,458,739,1996
1282,498,739,1996
1283,541,739,1996
1284,99,943,1996
1285,192,943,1996
1286,458,943,1996
1287,485,943,1996
1288,498,943,1996
1289,524,943,1996
1290,536,943,1996
1291,584,943,1996
1292,192,355,1996
1293,458,355,1996
1294,485,355,1996
1295,498,355,1996
1296,536,355,1996
1297,584,355,1996
1298,6,757,1996
1299,349,757,1996
1300,458,757,1996
1301,524,757,1996
1302,584,757,1996
1303,6,740,1996
1304,136,740,1996
1305,458,740,1996
1306,498,740,1996
1307,584,740,1996
1308,6,748,1996
1309,192,748,1996
1310,458,748,1996
1311,541,748,1996
1312,584,748,1996
1313,179,265,1996
1314,458,265,1996
1315,485,265,1996
1316,486,265,1996
1317,498,265,1996
1318,541,265,1996
1319,584,265,1996
1320,179,266,1996
1321,458,266,1996
1322,486,266,1996
1323,498,266,1996
1324,541,266,1996
1325,584,266,1996
1326,353,467,1996
1327,458,467,1996
1328,486,467,1996
1329,498,467,1996
1330,524,467,1996
1331,541,467,1996
1332,142,164,1996
1333,429,164,1996
1334,458,164,1996
1335,485,164,1996
1336,486,164,1996
1337,498,164,1996
1338,524,164,1996
1339,584,164,1996
1340,458,600,1996
1341,485,600,1996
1342,486,600,1996
1343,498,600,1996
1344,584,600,1996
1345,179,262,1996
1346,243,262,1996
1347,458,262,1996
1348,524,262,1996
1349,584,262,1996
1350,458,601,1996
1351,485,601,1996
1352,498,601,1996
1353,524,601,1996
1354,541,601,1996
1355,584,601,1996
1356,458,603,1996
1357,485,603,1996
1358,498,603,1996
1359,541,603,1996
1360,584,603,1996
1361,458,602,1996
1362,485,602,1996
1363,498,602,1996
1364,524,602,1996
1365,584,602,1996
1366,58,709,1996
1367,94,709,1996
1368,284,709,1996
1369,486,709,1996
1370,512,709,1996
1371,58,710,1996
1372,94,710,1996
1373,353,710,1996
1374,486,710,1996
1375,512,710,1996
1376,58,699,1996
1377,191,699,1996
1378,242,699,1996
1379,353,699,1996
1380,486,699,1996
1381,512,699,1996
1382,565,699,1996
1383,58,703,1996
1384,242,703,1996
1385,353,703,1996
1386,486,703,1996
1387,512,703,1996
1388,6,741,1996
1389,14,741,1996
1390,58,741,1996
1391,136,741,1996
1392,602,741,1996
1393,6,765,1996
1394,40,765,1996
1395,58,765,1996
1396,99,765,1996
1397,373,765,1996
1398,385,765,1996
1399,602,765,1996
1400,40,546,1996
1401,58,546,1996
1402,99,546,1996
1403,191,546,1996
1404,373,546,1996
1405,602,546,1996
1406,40,547,1996
1407,58,547,1996
1408,99,547,1996
1409,373,547,1996
1410,602,547,1996
1411,14,157,1996
1412,58,157,1996
1413,136,157,1996
1414,373,157,1996
1415,602,157,1996
1416,6,788,1996
1417,447,788,1996
1418,458,788,1996
1419,470,788,1996
1420,584,788,1996
1421,6,767,1996
1422,43,767,1996
1423,181,767,1996
1424,455,767,1996
1425,458,767,1996
1426,470,767,1996
1427,530,767,1996
1428,584,767,1996
1429,6,766,1996
1430,43,766,1996
1431,174,766,1996
1432,458,766,1996
1433,530,766,1996
1434,6,742,1996
1435,174,742,1996
1436,181,742,1996
1437,458,742,1996
1438,470,742,1996
1439,584,742,1996
1440,6,746,1996
1441,181,746,1996
1442,458,746,1996
1443,470,746,1996
1444,584,746,1996
1445,46,607,1996
1446,130,607,1996
1447,240,607,1996
1448,458,607,1996
1449,470,607,1996
1450,584,607,1996
1451,43,570,1996
1452,240,570,1996
1453,458,570,1996
1454,470,570,1996
1455,485,570,1996
1456,584,570,1996
1457,43,581,1996
1458,99,581,1996
1459,429,581,1996
1460,458,581,1996
1461,485,581,1996
1462,584,581,1996
1463,43,580,1996
1464,99,580,1996
1465,240,580,1996
1466,485,580,1996
1467,584,580,1996
1468,46,620,1996
1469,99,620,1996
1470,429,620,1996
1471,470,620,1996
1472,485,620,1996
1473,584,620,1996
1474,43,577,1996
1475,46,577,1996
1476,429,577,1996
1477,458,577,1996
1478,584,577,1996
1479,43,576,1996
1480,411,576,1996
1481,486,576,1996
1482,498,576,1996
1483,541,576,1996
1484,43,578,1996
1485,58,578,1996
1486,174,578,1996
1487,486,578,1996
1488,498,578,1996
1489,541,578,1996
1490,43,557,1996
1491,174,557,1996
1492,411,557,1996
1493,486,557,1996
1494,498,557,1996
1495,6,810,1996
1496,58,810,1996
1497,240,810,1996
1498,340,810,1996
1499,486,810,1996
1500,592,810,1996
1501,6,749,1996
1502,235,749,1996
1503,240,749,1996
1504,486,749,1996
1505,592,749,1996
1506,6,811,1996
1507,58,811,1996
1508,340,811,1996
1509,486,811,1996
1510,592,811,1996
1511,46,615,1996
1512,458,615,1996
1513,498,615,1996
1514,566,615,1996
1515,584,615,1996
1516,181,349,1996
1517,458,349,1996
1518,498,349,1996
1519,530,349,1996
1520,566,349,1996
1521,584,349,1996
1522,46,605,1996
1523,126,605,1996
1524,174,605,1996
1525,458,605,1996
1526,498,605,1996
1527,530,605,1996
1528,46,606,1996
1529,126,606,1996
1530,458,606,1996
1531,498,606,1996
1532,584,606,1996
1533,174,243,1996
1534,181,243,1996
1535,458,243,1996
1536,530,243,1996
1537,584,243,1996
1538,35,460,1996
1539,174,460,1996
1540,192,460,1996
1541,429,460,1996
1542,458,460,1996
1543,485,460,1996
1544,584,460,1996
1545,8,911,1996
1546,35,911,1996
1547,429,911,1996
1548,485,911,1996
1549,584,911,1996
1550,8,910,1996
1551,192,910,1996
1552,429,910,1996
1553,485,910,1996
1554,584,910,1996
1555,40,538,1996
1556,102,538,1996
1557,191,538,1996
1558,353,538,1996
1559,588,538,1996
1560,43,554,1996
1561,162,554,1996
1562,476,554,1996
1563,536,554,1996
1564,566,554,1996
1565,584,554,1996
1566,35,462,1996
1567,43,462,1996
1568,429,462,1996
1569,536,462,1996
1570,584,462,1996
1571,46,618,1996
1572,58,618,1996
1573,458,618,1996
1574,498,618,1996
1575,592,618,1996
1576,35,463,1996
1577,99,463,1996
1578,429,463,1996
1579,458,463,1996
1580,498,463,1996
1581,592,463,1996
1582,46,619,1996
1583,58,619,1996
1584,99,619,1996
1585,429,619,1996
1586,498,619,1996
1587,592,619,1996
1588,46,617,1996
1589,58,617,1996
1590,429,617,1996
1591,458,617,1996
1592,592,617,1996
1593,37,475,1996
1594,99,475,1996
1595,240,475,1996
1596,284,475,1996
1597,353,475,1996
1598,6,731,1996
1599,109,731,1996
1600,176,731,1996
1601,240,731,1996
1602,592,731,1996
1603,6,734,1996
1604,109,734,1996
1605,240,734,1996
1606,411,734,1996
1607,592,734,1996
1608,6,752,1996
1609,240,752,1996
1610,486,752,1996
1611,501,752,1996
1612,544,752,1996
1613,6,787,1996
1614,43,787,1996
1615,58,787,1996
1616,99,787,1996
1617,429,787,1996
1618,6,806,1996
1619,58,806,1996
1620,136,806,1996
1621,240,806,1996
1622,498,806,1996
1623,6,814,1996
1624,58,814,1996
1625,99,814,1996
1626,353,814,1996
1627,498,814,1996
1628,6,807,1996
1629,58,807,1996
1630,136,807,1996
1631,353,807,1996
1632,498,807,1996
1633,6,770,1996
1634,43,770,1996
1635,240,770,1996
1636,284,770,1996
1637,584,770,1996
1638,592,770,1996
1639,6,751,1996
1640,240,751,1996
1641,284,751,1996
1642,584,751,1996
1643,592,751,1996
1644,43,573,1996
1645,284,573,1996
1646,402,573,1996
1647,584,573,1996
1648,592,573,1996
1649,6,750,1996
1650,240,750,1996
1651,284,750,1996
1652,402,750,1996
1653,584,750,1996
1654,43,568,1996
1655,240,568,1996
1656,284,568,1996
1657,402,568,1996
1658,584,568,1996
1659,58,696,1996
1660,162,696,1996
1661,373,696,1996
1662,411,696,1996
1663,446,696,1996
1664,43,556,1996
1665,174,556,1996
1666,340,556,1996
1667,429,556,1996
1668,592,556,1996
1669,6,735,1996
1670,121,735,1996
1671,373,735,1996
1672,486,735,1996
1673,588,735,1996
1674,58,712,1996
1675,99,712,1996
1676,191,712,1996
1677,353,712,1996
1678,447,712,1996
1679,486,712,1996
1680,58,713,1996
1681,99,713,1996
1682,353,713,1996
1683,447,713,1996
1684,486,713,1996
1685,58,707,1996
1686,447,707,1996
1687,458,707,1996
1688,486,707,1996
1689,584,707,1996
1690,602,707,1996
1691,58,708,1996
1692,458,708,1996
1693,541,708,1996
1694,584,708,1996
1695,592,708,1996
1696,58,697,1996
1697,174,697,1996
1698,458,697,1996
1699,541,697,1996
1700,592,697,1996
1701,174,246,1996
1702,458,246,1996
1703,541,246,1996
1704,584,246,1996
1705,592,246,1996
1706,276,413,1997
1707,337,413,1997
1708,389,413,1997
1709,456,413,1997
1710,559,413,1997
1711,71,876,1997
1712,364,876,1997
1713,389,876,1997
1714,456,876,1997
1715,559,876,1997
1716,32,451,1997
1717,90,451,1997
1718,120,451,1997
1719,302,451,1997
1720,437,451,1997
1721,44,582,1997
1722,120,582,1997
1723,276,582,1997
1724,304,582,1997
1725,337,582,1997
1726,437,582,1997
1727,84,928,1997
1728,90,928,1997
1729,171,928,1997
1730,302,928,1997
1731,451,928,1997
1732,521,928,1997
1733,32,450,1997
1734,84,450,1997
1735,171,450,1997
1736,372,450,1997
1737,437,450,1997
1738,44,583,1997
1739,337,583,1997
1740,389,583,1997
1741,456,583,1997
1742,529,583,1997
1743,71,875,1997
1744,179,875,1997
1745,337,875,1997
1746,389,875,1997
1747,589,875,1997
1748,33,455,1999
1749,93,455,1999
1750,140,455,1999
1751,554,455,1999
1752,572,455,1999
1753,577,455,1999
1754,140,158,1999
1755,554,158,1999
1756,572,158,1999
1757,577,158,1999
1758,597,158,1999
1759,93,938,1999
1760,201,938,1999
1761,572,938,1999
1762,577,938,1999
1763,597,938,1999
1764,33,456,1999
1765,93,456,1999
1766,201,456,1999
1767,577,456,1999
1768,597,456,1999
1769,93,937,1999
1770,115,937,1999
1771,201,937,1999
1772,577,937,1999
1773,597,937,1999
1774,33,454,1999
1775,201,454,1999
1776,554,454,1999
1777,572,454,1999
1778,597,454,1999
1779,1,31,2000
1780,39,31,2000
1781,45,31,2000
1782,57,31,2000
1783,96,31,2000
1784,160,31,2000
1785,414,31,2000
1786,1,14,2000
1787,39,14,2000
1788,160,14,2000
1789,217,14,2000
1790,290,14,2000
1791,414,14,2000
1792,1,44,2000
1793,4,44,2000
1794,39,44,2000
1795,160,44,2000
1796,409,44,2000
1797,414,44,2000
1798,469,44,2000
1799,603,44,2000
1800,1,64,2000
1801,57,64,2000
1802,96,64,2000
1803,217,64,2000
1804,265,64,2000
1805,267,64,2000
1806,288,64,2000
1807,290,64,2000
1808,414,64,2000
1809,39,525,2000
1810,96,525,2000
1811,160,525,2000
1812,290,525,2000
1813,414,525,2000
1814,39,526,2000
1815,96,526,2000
1816,160,526,2000
1817,409,526,2000
1818,414,526,2000
1819,453,526,2000
1820,469,526,2000
1821,587,526,2000
1822,603,526,2000
1823,39,493,2000
1824,160,493,2000
1825,195,493,2000
1826,290,493,2000
1827,409,493,2000
1828,414,493,2000
1829,469,493,2000
1830,603,493,2000
1831,39,497,2000
1832,160,497,2000
1833,409,497,2000
1834,414,497,2000
1835,469,497,2000
1836,603,497,2000
1837,1,34,2000
1838,39,34,2000
1839,45,34,2000
1840,79,34,2000
1841,115,34,2000
1842,217,34,2000
1843,265,34,2000
1844,267,34,2000
1845,290,34,2000
1846,414,34,2000
1847,1,49,2000
1848,4,49,2000
1849,39,49,2000
1850,45,49,2000
1851,414,49,2000
1852,469,49,2000
1853,1,45,2000
1854,4,45,2000
1855,39,45,2000
1856,217,45,2000
1857,290,45,2000
1858,414,45,2000
1859,469,45,2000
1860,1,19,2000
1861,39,19,2000
1862,217,19,2000
1863,290,19,2000
1864,414,19,2000
1865,1,7,2000
1866,202,7,2000
1867,217,7,2000
1868,265,7,2000
1869,267,7,2000
1870,290,7,2000
1871,414,7,2000
1872,1,9,2000
1873,217,9,2000
1874,265,9,2000
1875,267,9,2000
1876,290,9,2000
1877,414,9,2000
1878,1,50,2000
1879,4,50,2000
1880,39,50,2000
1881,57,50,2000
1882,409,50,2000
1883,414,50,2000
1884,469,50,2000
1885,1,47,2000
1886,4,47,2000
1887,39,47,2000
1888,409,47,2000
1889,414,47,2000
1890,469,47,2000
1891,1,5,2000
1892,19,5,2000
1893,27,5,2000
1894,57,5,2000
1895,267,5,2000
1896,414,5,2000
1897,39,507,2000
1898,368,507,2000
1899,409,507,2000
1900,414,507,2000
1901,469,507,2000
1902,1,46,2000
1903,4,46,2000
1904,39,46,2000
1905,267,46,2000
1906,414,46,2000
1907,469,46,2000
1908,1,48,2000
1909,4,48,2000
1910,39,48,2000
1911,414,48,2000
1912,469,48,2000
1913,45,593,2000
1914,57,593,2000
1915,79,593,2000
1916,160,593,2000
1917,414,593,2000
1918,450,593,2000
1919,45,588,2000
1920,57,588,2000
1921,160,588,2000
1922,414,588,2000
1923,603,588,2000
1924,57,653,2000
1925,224,653,2000
1926,244,653,2000
1927,368,653,2000
1928,414,653,2000
1929,1,27,2000
1930,39,27,2000
1931,45,27,2000
1932,57,27,2000
1933,265,27,2000
1934,267,27,2000
1935,414,27,2000
1936,591,27,2000
1937,1,30,2000
1938,39,30,2000
1939,45,30,2000
1940,57,30,2000
1941,414,30,2000
1942,453,30,2000
1943,603,30,2000
1944,1,57,2000
1945,57,57,2000
1946,265,57,2000
1947,267,57,2000
1948,414,57,2000
1949,39,503,2000
1950,197,503,2000
1951,414,503,2000
1952,453,503,2000
1953,603,503,2000
1954,1,23,2000
1955,39,23,2000
1956,45,23,2000
1957,265,23,2000
1958,267,23,2000
1959,414,23,2000
1960,1,40,2000
1961,39,40,2000
1962,57,40,2000
1963,267,40,2000
1964,414,40,2000
1965,45,591,2000
1966,57,591,2000
1967,414,591,2000
1968,603,591,2000
1969,607,591,2000
1970,1,61,2000
1971,57,61,2000
1972,96,61,2000
1973,160,61,2000
1974,288,61,2000
1975,290,61,2000
1976,1,67,2000
1977,59,67,2000
1978,160,67,2000
1979,290,67,2000
1980,465,67,2000
1981,1,65,2000
1982,57,65,2000
1983,96,65,2000
1984,288,65,2000
1985,290,65,2000
1986,57,663,2000
1987,59,663,2000
1988,160,663,2000
1989,224,663,2000
1990,368,663,2000
1991,465,663,2000
1992,607,663,2000
1993,39,513,2000
1994,57,513,2000
1995,115,513,2000
1996,265,513,2000
1997,267,513,2000
1998,288,513,2000
1999,4,537,2000
2000,39,537,2000
2001,59,537,2000
2002,465,537,2000
2003,603,537,2000
2004,57,646,2000
2005,202,646,2000
2006,265,646,2000
2007,267,646,2000
2008,288,646,2000
2009,4,536,2000
2010,39,536,2000
2011,115,536,2000
2012,202,536,2000
2013,265,536,2000
2014,267,536,2000
2015,57,685,2000
2016,59,685,2000
2017,465,685,2000
2018,603,685,2000
2019,607,685,2000
2020,39,515,2000
2021,57,515,2000
2022,265,515,2000
2023,267,515,2000
2024,603,515,2000
2025,607,515,2000
2026,57,671,2000
2027,59,671,2000
2028,288,671,2000
2029,465,671,2000
2030,607,671,2000
2031,45,594,2000
2032,57,594,2000
2033,79,594,2000
2034,290,594,2000
2035,294,594,2000
2036,414,594,2000
2037,45,590,2000
2038,57,590,2000
2039,409,590,2000
2040,414,590,2000
2041,469,590,2000
2042,603,590,2000
2043,59,714,2000
2044,156,714,2000
2045,290,714,2000
2046,409,714,2000
2047,414,714,2000
2048,469,714,2000
2049,603,714,2000
2050,290,420,2000
2051,368,420,2000
2052,409,420,2000
2053,414,420,2000
2054,469,420,2000
2055,603,420,2000
2056,45,596,2000
2057,79,596,2000
2058,290,596,2000
2059,414,596,2000
2060,469,596,2000
2061,57,655,2000
2062,368,655,2000
2063,409,655,2000
2064,414,655,2000
2065,469,655,2000
2066,45,592,2000
2067,57,592,2000
2068,59,592,2000
2069,79,592,2000
2070,368,592,2000
2071,414,592,2000
2072,603,592,2000
2073,45,584,2000
2074,224,584,2000
2075,244,584,2000
2076,414,584,2000
2077,465,584,2000
2078,39,511,2000
2079,45,511,2000
2080,57,511,2000
2081,160,511,2000
2082,430,511,2000
2083,469,511,2000
2084,603,511,2000
2085,39,494,2000
2086,160,494,2000
2087,195,494,2000
2088,465,494,2000
2089,469,494,2000
2090,603,494,2000
2091,39,495,2000
2092,160,495,2000
2093,195,495,2000
2094,469,495,2000
2095,603,495,2000
2096,45,589,2000
2097,57,589,2000
2098,160,589,2000
2099,465,589,2000
2100,603,589,2000
2101,607,589,2000
2102,39,512,2000
2103,45,512,2000
2104,57,512,2000
2105,603,512,2000
2106,607,512,2000
2107,39,514,2000
2108,57,514,2000
2109,202,514,2000
2110,465,514,2000
2111,603,514,2000
2112,607,514,2000
2113,45,598,2000
2114,96,598,2000
2115,288,598,2000
2116,414,598,2000
2117,450,598,2000
2118,45,599,2000
2119,96,599,2000
2120,414,599,2000
2121,453,599,2000
2122,469,599,2000
2123,45,586,2000
2124,244,586,2000
2125,414,586,2000
2126,450,586,2000
2127,607,586,2000
2128,45,587,2000
2129,414,587,2000
2130,453,587,2000
2131,579,587,2000
2132,607,587,2000
2133,45,585,2000
2134,244,585,2000
2135,288,585,2000
2136,414,585,2000
2137,579,585,2000
2138,45,597,2000
2139,79,597,2000
2140,96,597,2000
2141,115,597,2000
2142,414,597,2000
2143,450,597,2000
2144,45,595,2000
2145,79,595,2000
2146,115,595,2000
2147,202,595,2000
2148,414,595,2000
2149,1,43,2000
2150,39,43,2000
2151,96,43,2000
2152,414,43,2000
2153,453,43,2000
2154,469,43,2000
2155,603,43,2000
2156,1,17,2000
2157,39,17,2000
2158,195,17,2000
2159,414,17,2000
2160,465,17,2000
2161,469,17,2000
2162,603,17,2000
2163,1,21,2000
2164,39,21,2000
2165,414,21,2000
2166,469,21,2000
2167,603,21,2000
2168,39,528,2000
2169,96,528,2000
2170,195,528,2000
2171,414,528,2000
2172,453,528,2000
2173,469,528,2000
2174,603,528,2000
2175,39,531,2000
2176,96,531,2000
2177,414,531,2000
2178,453,531,2000
2179,469,531,2000
2180,603,531,2000
2181,39,501,2000
2182,195,501,2000
2183,414,501,2000
2184,469,501,2000
2185,603,501,2000
2186,1,18,2000
2187,39,18,2000
2188,202,18,2000
2189,414,18,2000
2190,469,18,2000
2191,1,20,2000
2192,39,20,2000
2193,414,20,2000
2194,453,20,2000
2195,603,20,2000
2196,39,500,2000
2197,195,500,2000
2198,202,500,2000
2199,465,500,2000
2200,469,500,2000
2201,603,500,2000
2202,39,502,2000
2203,195,502,2000
2204,465,502,2000
2205,469,502,2000
2206,603,502,2000
2207,1,37,2000
2208,39,37,2000
2209,45,37,2000
2210,79,37,2000
2211,96,37,2000
2212,160,37,2000
2213,217,37,2000
2214,267,37,2000
2215,414,37,2000
2216,591,37,2000
2217,1,38,2000
2218,39,38,2000
2219,45,38,2000
2220,96,38,2000
2221,160,38,2000
2222,414,38,2000
2223,1,15,2000
2224,39,15,2000
2225,160,15,2000
2226,217,15,2000
2227,414,15,2000
2228,1,69,2000
2229,96,69,2000
2230,217,69,2000
2231,267,69,2000
2232,414,69,2000
2233,1,36,2000
2234,39,36,2000
2235,45,36,2000
2236,79,36,2000
2237,217,36,2000
2238,267,36,2000
2239,414,36,2000
2240,1,25,2000
2241,39,25,2000
2242,45,25,2000
2243,267,25,2000
2244,414,25,2000
2245,591,25,2000
2246,1,24,2000
2247,39,24,2000
2248,45,24,2000
2249,267,24,2000
2250,414,24,2000
2251,1,2,2000
2252,160,2,2000
2253,265,2,2000
2254,288,2,2000
2255,414,2,2000
2256,1,13,2000
2257,27,13,2000
2258,265,13,2000
2259,288,13,2000
2260,414,13,2000
2261,1,12,2000
2262,27,12,2000
2263,224,12,2000
2264,244,12,2000
2265,414,12,2000
2266,27,412,2000
2267,224,412,2000
2268,244,412,2000
2269,288,412,2000
2270,414,412,2000
2271,39,521,2000
2272,79,521,2000
2273,115,521,2000
2274,288,521,2000
2275,290,521,2000
2276,450,521,2000
2277,39,522,2000
2278,79,522,2000
2279,115,522,2000
2280,290,522,2000
2281,469,522,2000
2282,1,33,2000
2283,39,33,2000
2284,45,33,2000
2285,57,33,2000
2286,96,33,2000
2287,414,33,2000
2288,453,33,2000
2289,587,33,2000
2290,1,32,2000
2291,39,32,2000
2292,45,32,2000
2293,57,32,2000
2294,96,32,2000
2295,414,32,2000
2296,39,529,2000
2297,96,529,2000
2298,195,529,2000
2299,414,529,2000
2300,453,529,2000
2301,587,529,2000
2302,39,532,2000
2303,96,532,2000
2304,414,532,2000
2305,453,532,2000
2306,587,532,2000
2307,1,29,2000
2308,39,29,2000
2309,45,29,2000
2310,57,29,2000
2311,414,29,2000
2312,453,29,2000
2313,1,28,2000
2314,39,28,2000
2315,45,28,2000
2316,57,28,2000
2317,414,28,2000
2318,1,41,2000
2319,39,41,2000
2320,96,41,2000
2321,195,41,2000
2322,414,41,2000
2323,453,41,2000
2324,1,42,2000
2325,39,42,2000
2326,96,42,2000
2327,414,42,2000
2328,453,42,2000
2329,39,527,2000
2330,96,527,2000
2331,195,527,2000
2332,414,527,2000
2333,453,527,2000
2334,1,39,2000
2335,39,39,2000
2336,45,39,2000
2337,96,39,2000
2338,414,39,2000
2339,57,666,2000
2340,59,666,2000
2341,202,666,2000
2342,267,666,2000
2343,465,666,2000
2344,59,724,2000
2345,195,724,2000
2346,290,724,2000
2347,465,724,2000
2348,469,724,2000
2349,603,724,2000
2350,57,645,2000
2351,195,645,2000
2352,465,645,2000
2353,469,645,2000
2354,603,645,2000
2355,59,716,2000
2356,156,716,2000
2357,290,716,2000
2358,414,716,2000
2359,465,716,2000
2360,469,716,2000
2361,603,716,2000
2362,57,670,2000
2363,59,670,2000
2364,202,670,2000
2365,465,670,2000
2366,603,670,2000
2367,57,660,2000
2368,59,660,2000
2369,156,660,2000
2370,290,660,2000
2371,414,660,2000
2372,469,660,2000
2373,603,660,2000
2374,59,718,2000
2375,156,718,2000
2376,290,718,2000
2377,414,718,2000
2378,469,718,2000
2379,603,718,2000
2380,57,652,2000
2381,202,652,2000
2382,465,652,2000
2383,469,652,2000
2384,603,652,2000
2385,202,366,2000
2386,414,366,2000
2387,465,366,2000
2388,469,366,2000
2389,603,366,2000
2390,57,644,2000
2391,160,644,2000
2392,288,644,2000
2393,290,644,2000
2394,414,644,2000
2395,57,647,2000
2396,202,647,2000
2397,288,647,2000
2398,290,647,2000
2399,414,647,2000
2400,57,664,2000
2401,59,664,2000
2402,160,664,2000
2403,288,664,2000
2404,290,664,2000
2405,465,664,2000
2406,57,667,2000
2407,59,667,2000
2408,202,667,2000
2409,288,667,2000
2410,465,667,2000
2411,57,662,2000
2412,59,662,2000
2413,160,662,2000
2414,202,662,2000
2415,414,662,2000
2416,465,662,2000
2417,469,662,2000
2418,57,665,2000
2419,59,665,2000
2420,160,665,2000
2421,414,665,2000
2422,465,665,2000
2423,57,643,2000
2424,160,643,2000
2425,202,643,2000
2426,465,643,2000
2427,469,643,2000
2428,39,524,2000
2429,96,524,2000
2430,115,524,2000
2431,267,524,2000
2432,414,524,2000
2433,39,491,2000
2434,115,491,2000
2435,202,491,2000
2436,267,491,2000
2437,414,491,2000
2438,39,505,2000
2439,244,505,2000
2440,267,505,2000
2441,368,505,2000
2442,414,505,2000
2443,39,492,2000
2444,115,492,2000
2445,202,492,2000
2446,267,492,2000
2447,465,492,2000
2448,39,530,2000
2449,96,530,2000
2450,202,530,2000
2451,414,530,2000
2452,465,530,2000
2453,1,0,2000
2454,115,0,2000
2455,160,0,2000
2456,267,0,2000
2457,414,0,2000
2458,591,0,2000
2459,1,11,2000
2460,267,11,2000
2461,414,11,2000
2462,453,11,2000
2463,591,11,2000
2464,1,3,2000
2465,160,3,2000
2466,267,3,2000
2467,414,3,2000
2468,591,3,2000
2469,59,720,2000
2470,160,720,2000
2471,290,720,2000
2472,409,720,2000
2473,414,720,2000
2474,465,720,2000
2475,469,720,2000
2476,603,720,2000
2477,160,180,2000
2478,290,180,2000
2479,409,180,2000
2480,414,180,2000
2481,469,180,2000
2482,603,180,2000
2483,160,181,2000
2484,409,181,2000
2485,414,181,2000
2486,469,181,2000
2487,603,181,2000
2488,59,723,2000
2489,160,723,2000
2490,414,723,2000
2491,465,723,2000
2492,603,723,2000
2493,59,727,2000
2494,290,727,2000
2495,409,727,2000
2496,414,727,2000
2497,469,727,2000
2498,603,727,2000
2499,59,721,2000
2500,160,721,2000
2501,290,721,2000
2502,414,721,2000
2503,465,721,2000
2504,469,721,2000
2505,59,722,2000
2506,160,722,2000
2507,414,722,2000
2508,465,722,2000
2509,469,722,2000
2510,195,356,2000
2511,290,356,2000
2512,414,356,2000
2513,453,356,2000
2514,469,356,2000
2515,288,419,2000
2516,414,419,2000
2517,453,419,2000
2518,469,419,2000
2519,607,419,2000
2520,57,658,2000
2521,59,658,2000
2522,156,658,2000
2523,202,658,2000
2524,290,658,2000
2525,414,658,2000
2526,465,658,2000
2527,469,658,2000
2528,59,715,2000
2529,156,715,2000
2530,290,715,2000
2531,414,715,2000
2532,465,715,2000
2533,469,715,2000
2534,57,659,2000
2535,59,659,2000
2536,156,659,2000
2537,290,659,2000
2538,414,659,2000
2539,469,659,2000
2540,59,717,2000
2541,156,717,2000
2542,290,717,2000
2543,414,717,2000
2544,469,717,2000
2545,57,668,2000
2546,59,668,2000
2547,202,668,2000
2548,290,668,2000
2549,414,668,2000
2550,465,668,2000
2551,469,668,2000
2552,57,669,2000
2553,59,669,2000
2554,202,669,2000
2555,414,669,2000
2556,465,669,2000
2557,469,669,2000
2558,1,55,2000
2559,57,55,2000
2560,216,55,2000
2561,409,55,2000
2562,414,55,2000
2563,469,55,2000
2564,1,52,2000
2565,57,52,2000
2566,202,52,2000
2567,216,52,2000
2568,288,52,2000
2569,414,52,2000
2570,1,58,2000
2571,57,58,2000
2572,409,58,2000
2573,414,58,2000
2574,469,58,2000
2575,57,648,2000
2576,202,648,2000
2577,288,648,2000
2578,414,648,2000
2579,469,648,2000
2580,197,357,2000
2581,290,357,2000
2582,368,357,2000
2583,409,357,2000
2584,469,357,2000
2585,587,357,2000
2586,39,518,2000
2587,57,518,2000
2588,79,518,2000
2589,290,518,2000
2590,414,518,2000
2591,39,517,2000
2592,57,517,2000
2593,409,517,2000
2594,414,517,2000
2595,469,517,2000
2596,603,517,2000
2597,39,506,2000
2598,290,506,2000
2599,409,506,2000
2600,414,506,2000
2601,469,506,2000
2602,603,506,2000
2603,39,508,2000
2604,409,508,2000
2605,414,508,2000
2606,469,508,2000
2607,603,508,2000
2608,39,523,2000
2609,79,523,2000
2610,290,523,2000
2611,414,523,2000
2612,469,523,2000
2613,39,516,2000
2614,57,516,2000
2615,409,516,2000
2616,414,516,2000
2617,469,516,2000
2618,57,686,2000
2619,79,686,2000
2620,290,686,2000
2621,409,686,2000
2622,414,686,2000
2623,469,686,2000
2624,603,686,2000
2625,57,656,2000
2626,409,656,2000
2627,414,656,2000
2628,469,656,2000
2629,603,656,2000
2630,290,422,2000
2631,409,422,2000
2632,414,422,2000
2633,469,422,2000
2634,603,422,2000
2635,57,681,2000
2636,59,681,2000
2637,368,681,2000
2638,414,681,2000
2639,465,681,2000
2640,603,681,2000
2641,57,673,2000
2642,59,673,2000
2643,290,673,2000
2644,368,673,2000
2645,465,673,2000
2646,57,672,2000
2647,59,672,2000
2648,290,672,2000
2649,368,672,2000
2650,414,672,2000
2651,469,672,2000
2652,603,672,2000
2653,57,682,2000
2654,59,682,2000
2655,368,682,2000
2656,414,682,2000
2657,603,682,2000
2658,57,675,2000
2659,59,675,2000
2660,290,675,2000
2661,414,675,2000
2662,465,675,2000
2663,469,675,2000
2664,603,675,2000
2665,57,684,2000
2666,59,684,2000
2667,414,684,2000
2668,465,684,2000
2669,603,684,2000
2670,57,677,2000
2671,59,677,2000
2672,290,677,2000
2673,414,677,2000
2674,469,677,2000
2675,603,677,2000
2676,57,679,2000
2677,59,679,2000
2678,290,679,2000
2679,465,679,2000
2680,469,679,2000
2681,603,679,2000
2682,57,680,2000
2683,59,680,2000
2684,290,680,2000
2685,469,680,2000
2686,603,680,2000
2687,57,674,2000
2688,59,674,2000
2689,290,674,2000
2690,414,674,2000
2691,465,674,2000
2692,469,674,2000
2693,57,676,2000
2694,59,676,2000
2695,290,676,2000
2696,414,676,2000
2697,469,676,2000
2698,57,683,2000
2699,59,683,2000
2700,414,683,2000
2701,465,683,2000
2702,469,683,2000
2703,57,678,2000
2704,59,678,2000
2705,290,678,2000
2706,465,678,2000
2707,469,678,2000
2708,59,725,2000
2709,290,725,2000
2710,368,725,2000
2711,414,725,2000
2712,465,725,2000
2713,469,725,2000
2714,603,725,2000
2715,59,729,2000
2716,368,729,2000
2717,414,729,2000
2718,465,729,2000
2719,603,729,2000
2720,59,726,2000
2721,290,726,2000
2722,368,726,2000
2723,414,726,2000
2724,469,726,2000
2725,603,726,2000
2726,290,421,2000
2727,368,421,2000
2728,414,421,2000
2729,469,421,2000
2730,603,421,2000
2731,59,728,2000
2732,290,728,2000
2733,414,728,2000
2734,465,728,2000
2735,469,728,2000
2736,603,728,2000
2737,57,654,2000
2738,290,654,2000
2739,414,654,2000
2740,469,654,2000
2741,603,654,2000
2742,1,63,2000
2743,57,63,2000
2744,96,63,2000
2745,216,63,2000
2746,414,63,2000
2747,469,63,2000
2748,603,63,2000
2749,1,62,2000
2750,57,62,2000
2751,96,62,2000
2752,216,62,2000
2753,414,62,2000
2754,1,70,2000
2755,96,70,2000
2756,414,70,2000
2757,465,70,2000
2758,469,70,2000
2759,603,70,2000
2760,1,71,2000
2761,96,71,2000
2762,414,71,2000
2763,469,71,2000
2764,603,71,2000
2765,1,51,2000
2766,414,51,2000
2767,465,51,2000
2768,469,51,2000
2769,603,51,2000
2770,1,56,2000
2771,57,56,2000
2772,216,56,2000
2773,414,56,2000
2774,469,56,2000
2775,57,657,2000
2776,414,657,2000
2777,465,657,2000
2778,469,657,2000
2779,603,657,2000
2780,39,498,2000
2781,160,498,2000
2782,414,498,2000
2783,453,498,2000
2784,469,498,2000
2785,603,498,2000
2786,39,499,2000
2787,160,499,2000
2788,414,499,2000
2789,469,499,2000
2790,603,499,2000
2791,39,496,2000
2792,160,496,2000
2793,202,496,2000
2794,469,496,2000
2795,603,496,2000
2796,39,504,2000
2797,202,504,2000
2798,414,504,2000
2799,453,504,2000
2800,469,504,2000
2801,603,504,2000
2802,39,509,2000
2803,414,509,2000
2804,453,509,2000
2805,469,509,2000
2806,603,509,2000
2807,160,182,2000
2808,414,182,2000
2809,453,182,2000
2810,469,182,2000
2811,587,182,2000
2812,1,60,2000
2813,57,60,2000
2814,414,60,2000
2815,453,60,2000
2816,607,60,2000
2817,19,351,2000
2818,57,351,2000
2819,59,351,2000
2820,188,351,2000
2821,290,351,2000
2822,603,351,2000
2823,57,661,2000
2824,59,661,2000
2825,156,661,2000
2826,290,661,2000
2827,603,661,2000
2828,1,59,2000
2829,57,59,2000
2830,414,59,2000
2831,430,59,2000
2832,469,59,2000
2833,1,53,2000
2834,57,53,2000
2835,202,53,2000
2836,290,53,2000
2837,414,53,2000
2838,1,8,2000
2839,202,8,2000
2840,290,8,2000
2841,414,8,2000
2842,469,8,2000
2843,57,649,2000
2844,202,649,2000
2845,290,649,2000
2846,414,649,2000
2847,469,649,2000
2848,1,54,2000
2849,57,54,2000
2850,202,54,2000
2851,414,54,2000
2852,469,54,2000
2853,1,4,2000
2854,19,4,2000
2855,27,4,2000
2856,288,4,2000
2857,290,4,2000
2858,1,68,2000
2859,59,68,2000
2860,288,68,2000
2861,290,68,2000
2862,607,68,2000
2863,57,642,2000
2864,156,642,2000
2865,202,642,2000
2866,469,642,2000
2867,603,642,2000
2868,1,66,2000
2869,57,66,2000
2870,96,66,2000
2871,414,66,2000
2872,587,66,2000
2873,96,940,2000
2874,244,940,2000
2875,288,940,2000
2876,414,940,2000
2877,469,940,2000
2878,1,6,2000
2879,195,6,2000
2880,290,6,2000
2881,409,6,2000
2882,414,6,2000
2883,39,533,2000
2884,96,533,2000
2885,414,533,2000
2886,465,533,2000
2887,469,533,2000
2888,603,533,2000
2889,39,510,2000
2890,414,510,2000
2891,465,510,2000
2892,469,510,2000
2893,603,510,2000
2894,39,534,2000
2895,96,534,2000
2896,414,534,2000
2897,469,534,2000
2898,603,534,2000
2899,96,941,2000
2900,414,941,2000
2901,465,941,2000
2902,469,941,2000
2903,603,941,2000
2904,39,520,2000
2905,59,520,2000
2906,290,520,2000
2907,465,520,2000
2908,603,520,2000
2909,39,519,2000
2910,59,519,2000
2911,288,519,2000
2912,465,519,2000
2913,603,519,2000
2914,1,1,2000
2915,115,1,2000
2916,265,1,2000
2917,267,1,2000
2918,414,1,2000
2919,1,10,2000
2920,265,10,2000
2921,267,10,2000
2922,414,10,2000
2923,607,10,2000
2924,1,35,2000
2925,39,35,2000
2926,45,35,2000
2927,79,35,2000
2928,217,35,2000
2929,202,365,2000
2930,224,365,2000
2931,414,365,2000
2932,469,365,2000
2933,607,365,2000
2934,1,22,2000
2935,39,22,2000
2936,45,22,2000
2937,195,22,2000
2938,414,22,2000
2939,453,22,2000
2940,1,26,2000
2941,39,26,2000
2942,45,26,2000
2943,414,26,2000
2944,453,26,2000
2945,1,16,2000
2946,39,16,2000
2947,195,16,2000
2948,414,16,2000
2949,453,16,2000
2950,19,352,2000
2951,59,352,2000
2952,290,352,2000
2953,469,352,2000
2954,603,352,2000
2955,57,650,2000
2956,202,650,2000
2957,290,650,2000
2958,465,650,2000
2959,469,650,2000
2960,57,651,2000
2961,202,651,2000
2962,414,651,2000
2963,469,651,2000
2964,603,651,2000
2965,59,719,2000
2966,156,719,2000
2967,409,719,2000
2968,414,719,2000
2969,603,719,2000
2970,42,552,2001
2971,234,552,2001
2972,493,552,2001
2973,494,552,2001
2974,555,552,2001
2975,13,152,2001
2976,267,152,2001
2977,384,152,2001
2978,414,152,2001
2979,453,152,2001
2980,69,874,2002
2981,198,874,2002
2982,391,874,2002
2983,448,874,2002
2984,452,874,2002
2985,527,874,2002
2986,186,350,2002
2987,313,350,2002
2988,448,350,2002
2989,527,350,2002
2990,531,350,2002
2991,69,873,2002
2992,186,873,2002
2993,198,873,2002
2994,448,873,2002
2995,527,873,2002
2996,95,939,2003
2997,108,939,2003
2998,182,939,2003
2999,275,939,2003
3000,474,939,2003
3001,91,932,2005
3002,221,932,2005
3003,260,932,2005
3004,336,932,2005
3005,608,932,2005
3006,91,935,2005
3007,286,935,2005
3008,309,935,2005
3009,462,935,2005
3010,488,935,2005
3011,91,936,2005
3012,286,936,2005
3013,336,936,2005
3014,552,936,2005
3015,608,936,2005
3016,91,933,2005
3017,221,933,2005
3018,286,933,2005
3019,336,933,2005
3020,608,933,2005
3021,91,934,2005
3022,260,934,2005
3023,286,934,2005
3024,336,934,2005
3025,608,934,2005
3026,61,819,2006
3027,64,819,2006
3028,129,819,2006
3029,144,819,2006
3030,167,819,2006
3031,187,819,2006
3032,370,819,2006
3033,399,819,2006
3034,61,822,2006
3035,64,822,2006
3036,68,822,2006
3037,129,822,2006
3038,144,822,2006
3039,167,822,2006
3040,187,822,2006
3041,370,822,2006
3042,61,820,2006
3043,64,820,2006
3044,129,820,2006
3045,144,820,2006
3046,167,820,2006
3047,187,820,2006
3048,370,820,2006
3049,463,820,2006
3050,61,818,2006
3051,64,818,2006
3052,129,818,2006
3053,144,818,2006
3054,167,818,2006
3055,187,818,2006
3056,370,818,2006
3057,61,821,2006
3058,64,821,2006
3059,178,821,2006
3060,542,821,2006
3061,608,821,2006
3062,68,871,2006
3063,129,871,2006
3064,132,871,2006
3065,178,871,2006
3066,542,871,2006
3067,166,189,2007
3068,219,189,2007
3069,254,189,2007
3070,274,189,2007
3071,480,189,2007
3072,580,189,2007
3073,110,112,2007
3074,166,112,2007
3075,254,112,2007
3076,274,112,2007
3077,540,112,2007
3078,573,112,2007
3079,580,112,2007
3080,606,112,2007
3081,166,195,2007
3082,219,195,2007
3083,254,195,2007
3084,307,195,2007
3085,480,195,2007
3086,580,195,2007
3087,166,193,2007
3088,219,193,2007
3089,254,193,2007
3090,278,193,2007
3091,307,193,2007
3092,580,193,2007
3093,593,193,2007
3094,166,230,2007
3095,254,230,2007
3096,307,230,2007
3097,580,230,2007
3098,606,230,2007
3099,166,196,2007
3100,219,196,2007
3101,254,196,2007
3102,307,196,2007
3103,580,196,2007
3104,166,225,2007
3105,254,225,2007
3106,278,225,2007
3107,307,225,2007
3108,480,225,2007
3109,166,226,2007
3110,254,226,2007
3111,278,226,2007
3112,307,226,2007
3113,606,226,2007
3114,166,204,2007
3115,219,204,2007
3116,274,204,2007
3117,480,204,2007
3118,593,204,2007
3119,166,203,2007
3120,219,203,2007
3121,274,203,2007
3122,480,203,2007
3123,540,203,2007
3124,573,203,2007
3125,606,203,2007
3126,166,238,2007
3127,274,238,2007
3128,540,238,2007
3129,573,238,2007
3130,606,238,2007
3131,166,218,2007
3132,254,218,2007
3133,274,218,2007
3134,480,218,2007
3135,540,218,2007
3136,573,218,2007
3137,166,227,2007
3138,254,227,2007
3139,307,227,2007
3140,480,227,2007
3141,540,227,2007
3142,573,227,2007
3143,166,235,2007
3144,274,235,2007
3145,480,235,2007
3146,540,235,2007
3147,573,235,2007
3148,166,184,2007
3149,219,184,2007
3150,232,184,2007
3151,254,184,2007
3152,573,184,2007
3153,580,184,2007
3154,166,197,2007
3155,219,197,2007
3156,254,197,2007
3157,381,197,2007
3158,580,197,2007
3159,166,187,2007
3160,219,187,2007
3161,254,187,2007
3162,274,187,2007
3163,307,187,2007
3164,473,187,2007
3165,480,187,2007
3166,166,214,2007
3167,254,214,2007
3168,274,214,2007
3169,307,214,2007
3170,483,214,2007
3171,166,188,2007
3172,219,188,2007
3173,254,188,2007
3174,274,188,2007
3175,480,188,2007
3176,166,194,2007
3177,219,194,2007
3178,254,194,2007
3179,307,194,2007
3180,480,194,2007
3181,166,213,2007
3182,254,213,2007
3183,274,213,2007
3184,307,213,2007
3185,473,213,2007
3186,480,213,2007
3187,166,210,2007
3188,219,210,2007
3189,480,210,2007
3190,540,210,2007
3191,573,210,2007
3192,593,210,2007
3193,606,210,2007
3194,166,211,2007
3195,219,211,2007
3196,480,211,2007
3197,540,211,2007
3198,573,211,2007
3199,606,211,2007
3200,166,220,2007
3201,254,220,2007
3202,274,220,2007
3203,480,220,2007
3204,573,220,2007
3205,580,220,2007
3206,606,220,2007
3207,166,221,2007
3208,254,221,2007
3209,274,221,2007
3210,480,221,2007
3211,580,221,2007
3212,166,236,2007
3213,274,236,2007
3214,480,236,2007
3215,573,236,2007
3216,606,236,2007
3217,166,219,2007
3218,254,219,2007
3219,274,219,2007
3220,480,219,2007
3221,573,219,2007
3222,219,382,2007
3223,307,382,2007
3224,580,382,2007
3225,593,382,2007
3226,606,382,2007
3227,166,198,2007
3228,219,198,2007
3229,254,198,2007
3230,480,198,2007
3231,540,198,2007
3232,573,198,2007
3233,580,198,2007
3234,166,231,2007
3235,254,231,2007
3236,480,231,2007
3237,540,231,2007
3238,573,231,2007
3239,166,209,2007
3240,219,209,2007
3241,480,209,2007
3242,540,209,2007
3243,573,209,2007
3244,166,232,2007
3245,254,232,2007
3246,480,232,2007
3247,573,232,2007
3248,580,232,2007
3249,219,377,2007
3250,254,377,2007
3251,480,377,2007
3252,573,377,2007
3253,580,377,2007
3254,606,377,2007
3255,254,410,2007
3256,480,410,2007
3257,573,410,2007
3258,580,410,2007
3259,606,410,2007
3260,219,376,2007
3261,254,376,2007
3262,480,376,2007
3263,573,376,2007
3264,580,376,2007
3265,219,374,2007
3266,254,374,2007
3267,274,374,2007
3268,580,374,2007
3269,593,374,2007
3270,110,116,2007
3271,219,116,2007
3272,254,116,2007
3273,274,116,2007
3274,580,116,2007
3275,606,116,2007
3276,110,117,2007
3277,254,117,2007
3278,274,117,2007
3279,580,117,2007
3280,606,117,2007
3281,219,379,2007
3282,254,379,2007
3283,580,379,2007
3284,593,379,2007
3285,606,379,2007
3286,110,114,2007
3287,166,114,2007
3288,254,114,2007
3289,483,114,2007
3290,580,114,2007
3291,606,114,2007
3292,110,113,2007
3293,166,113,2007
3294,254,113,2007
3295,480,113,2007
3296,580,113,2007
3297,606,113,2007
3298,110,115,2007
3299,166,115,2007
3300,254,115,2007
3301,580,115,2007
3302,606,115,2007
3303,166,233,2007
3304,254,233,2007
3305,480,233,2007
3306,580,233,2007
3307,606,233,2007
3308,166,191,2007
3309,219,191,2007
3310,254,191,2007
3311,274,191,2007
3312,573,191,2007
3313,580,191,2007
3314,606,191,2007
3315,166,201,2007
3316,219,201,2007
3317,254,201,2007
3318,580,201,2007
3319,606,201,2007
3320,166,205,2007
3321,219,205,2007
3322,274,205,2007
3323,573,205,2007
3324,606,205,2007
3325,166,190,2007
3326,219,190,2007
3327,254,190,2007
3328,274,190,2007
3329,573,190,2007
3330,580,190,2007
3331,166,192,2007
3332,219,192,2007
3333,254,192,2007
3334,274,192,2007
3335,580,192,2007
3336,166,224,2007
3337,254,224,2007
3338,274,224,2007
3339,573,224,2007
3340,580,224,2007
3341,606,224,2007
3342,219,378,2007
3343,254,378,2007
3344,573,378,2007
3345,580,378,2007
3346,606,378,2007
3347,219,375,2007
3348,254,375,2007
3349,274,375,2007
3350,580,375,2007
3351,606,375,2007
3352,166,216,2007
3353,254,216,2007
3354,274,216,2007
3355,307,216,2007
3356,540,216,2007
3357,573,216,2007
3358,580,216,2007
3359,166,217,2007
3360,254,217,2007
3361,274,217,2007
3362,307,217,2007
3363,580,217,2007
3364,166,223,2007
3365,254,223,2007
3366,274,223,2007
3367,540,223,2007
3368,573,223,2007
3369,580,223,2007
3370,166,229,2007
3371,254,229,2007
3372,307,229,2007
3373,540,229,2007
3374,573,229,2007
3375,580,229,2007
3376,166,215,2007
3377,254,215,2007
3378,274,215,2007
3379,307,215,2007
3380,540,215,2007
3381,573,215,2007
3382,166,222,2007
3383,254,222,2007
3384,274,222,2007
3385,540,222,2007
3386,573,222,2007
3387,166,228,2007
3388,254,228,2007
3389,307,228,2007
3390,540,228,2007
3391,573,228,2007
3392,166,234,2007
3393,254,234,2007
3394,540,234,2007
3395,573,234,2007
3396,580,234,2007
3397,166,199,2007
3398,219,199,2007
3399,254,199,2007
3400,480,199,2007
3401,580,199,2007
3402,110,118,2007
3403,254,118,2007
3404,480,118,2007
3405,540,118,2007
3406,573,118,2007
3407,580,118,2007
3408,110,119,2007
3409,254,119,2007
3410,540,119,2007
3411,573,119,2007
3412,580,119,2007
3413,254,409,2007
3414,480,409,2007
3415,540,409,2007
3416,573,409,2007
3417,580,409,2007
3418,110,120,2007
3419,274,120,2007
3420,480,120,2007
3421,573,120,2007
3422,580,120,2007
3423,166,207,2007
3424,219,207,2007
3425,307,207,2007
3426,480,207,2007
3427,580,207,2007
3428,593,207,2007
3429,166,206,2007
3430,219,206,2007
3431,307,206,2007
3432,480,206,2007
3433,580,206,2007
3434,166,208,2007
3435,219,208,2007
3436,307,208,2007
3437,580,208,2007
3438,593,208,2007
3439,219,381,2007
3440,307,381,2007
3441,480,381,2007
3442,580,381,2007
3443,593,381,2007
3444,166,185,2007
3445,219,185,2007
3446,232,185,2007
3447,480,185,2007
3448,573,185,2007
3449,580,185,2007
3450,166,186,2007
3451,219,186,2007
3452,232,186,2007
3453,573,186,2007
3454,580,186,2007
3455,166,212,2007
3456,219,212,2007
3457,480,212,2007
3458,573,212,2007
3459,580,212,2007
3460,254,408,2007
3461,274,408,2007
3462,307,408,2007
3463,480,408,2007
3464,573,408,2007
3465,166,202,2007
3466,219,202,2007
3467,254,202,2007
3468,593,202,2007
3469,606,202,2007
3470,166,200,2007
3471,219,200,2007
3472,254,200,2007
3473,540,200,2007
3474,580,200,2007
3475,219,380,2007
3476,274,380,2007
3477,480,380,2007
3478,540,380,2007
3479,573,380,2007
3480,166,240,2007
3481,540,240,2007
3482,573,240,2007
3483,593,240,2007
3484,606,240,2007
3485,166,237,2007
3486,274,237,2007
3487,480,237,2007
3488,580,237,2007
3489,606,237,2007
3490,166,239,2007
3491,480,239,2007
3492,483,239,2007
3493,580,239,2007
3494,606,239,2007
3495,72,880,2008
3496,200,880,2008
3497,220,880,2008
3498,239,880,2008
3499,343,880,2008
3500,354,880,2008
3501,477,880,2008
3502,200,358,2008
3503,220,358,2008
3504,223,358,2008
3505,232,358,2008
3506,239,358,2008
3507,356,358,2008
3508,477,358,2008
3509,72,892,2008
3510,74,892,2008
3511,200,892,2008
3512,322,892,2008
3513,354,892,2008
3514,477,892,2008
3515,72,883,2008
3516,200,883,2008
3517,223,883,2008
3518,354,883,2008
3519,356,883,2008
3520,477,883,2008
3521,200,362,2008
3522,239,362,2008
3523,343,362,2008
3524,354,362,2008
3525,553,362,2008
3526,200,361,2008
3527,232,361,2008
3528,239,361,2008
3529,343,361,2008
3530,354,361,2008
3531,356,361,2008
3532,72,884,2008
3533,220,884,2008
3534,239,884,2008
3535,301,884,2008
3536,343,884,2008
3537,354,884,2008
3538,72,887,2008
3539,220,887,2008
3540,239,887,2008
3541,343,887,2008
3542,354,887,2008
3543,220,384,2008
3544,239,384,2008
3545,354,384,2008
3546,356,384,2008
3547,375,384,2008
3548,477,384,2008
3549,72,877,2008
3550,200,877,2008
3551,220,877,2008
3552,232,877,2008
3553,239,877,2008
3554,375,877,2008
3555,477,877,2008
3556,72,881,2008
3557,200,881,2008
3558,220,881,2008
3559,239,881,2008
3560,343,881,2008
3561,420,881,2008
3562,72,879,2008
3563,200,879,2008
3564,220,879,2008
3565,239,879,2008
3566,343,879,2008
3567,72,888,2008
3568,220,888,2008
3569,239,888,2008
3570,343,888,2008
3571,483,888,2008
3572,74,902,2008
3573,220,902,2008
3574,239,902,2008
3575,301,902,2008
3576,343,902,2008
3577,68,872,2008
3578,200,872,2008
3579,219,872,2008
3580,220,872,2008
3581,232,872,2008
3582,239,872,2008
3583,477,872,2008
3584,72,890,2008
3585,220,890,2008
3586,239,890,2008
3587,477,890,2008
3588,553,890,2008
3589,72,889,2008
3590,220,889,2008
3591,239,889,2008
3592,375,889,2008
3593,477,889,2008
3594,72,878,2008
3595,200,878,2008
3596,220,878,2008
3597,232,878,2008
3598,239,878,2008
3599,477,878,2008
3600,200,359,2008
3601,220,359,2008
3602,232,359,2008
3603,239,359,2008
3604,477,359,2008
3605,72,893,2008
3606,74,893,2008
3607,220,893,2008
3608,239,893,2008
3609,553,893,2008
3610,72,891,2008
3611,74,891,2008
3612,137,891,2008
3613,239,891,2008
3614,553,891,2008
3615,72,886,2008
3616,220,886,2008
3617,239,886,2008
3618,301,886,2008
3619,354,886,2008
3620,403,886,2008
3621,72,885,2008
3622,220,885,2008
3623,239,885,2008
3624,301,885,2008
3625,354,885,2008
3626,72,894,2008
3627,74,894,2008
3628,239,894,2008
3629,322,894,2008
3630,477,894,2008
3631,553,894,2008
3632,200,363,2008
3633,343,363,2008
3634,354,363,2008
3635,356,363,2008
3636,477,363,2008
3637,200,364,2008
3638,354,364,2008
3639,356,364,2008
3640,381,364,2008
3641,477,364,2008
3642,200,360,2008
3643,220,360,2008
3644,239,360,2008
3645,343,360,2008
3646,420,360,2008
3647,74,903,2008
3648,239,903,2008
3649,301,903,2008
3650,343,903,2008
3651,477,903,2008
3652,553,903,2008
3653,72,882,2008
3654,200,882,2008
3655,220,882,2008
3656,239,882,2008
3657,477,882,2008
3658,220,383,2008
3659,239,383,2008
3660,343,383,2008
3661,403,383,2008
3662,553,383,2008
3663,137,155,2008
3664,220,155,2008
3665,239,155,2008
3666,343,155,2008
3667,420,155,2008
3668,17,242,2011
3669,168,242,2011
3670,295,242,2011
3671,419,242,2011
3672,585,242,2011
3673,17,241,2011
3674,168,241,2011
3675,295,241,2011
3676,405,241,2011
3677,585,241,2011
3678,86,931,2012
3679,211,931,2012
3680,249,931,2012
3681,332,931,2012
3682,520,931,2012
3683,83,926,2012
3684,86,926,2012
3685,124,926,2012
3686,211,926,2012
3687,332,926,2012
3688,86,930,2012
3689,204,930,2012
3690,211,930,2012
3691,246,930,2012
3692,332,930,2012
3693,83,927,2012
3694,86,927,2012
3695,88,927,2012
3696,211,927,2012
3697,249,927,2012
3698,472,927,2012
3699,83,925,2012
3700,124,925,2012
3701,211,925,2012
3702,249,925,2012
3703,332,925,2012
3704,484,925,2012
3705,86,929,2012
3706,124,929,2012
3707,204,929,2012
3708,246,929,2012
3709,489,929,2012
3710,204,367,2012
3711,246,367,2012
3712,249,367,2012
3713,503,367,2012
3714,520,367,2012
3715,80,920,2013
3716,282,920,2013
3717,348,920,2013
3718,415,920,2013
3719,435,920,2013
3720,460,920,2013
3721,562,920,2013
3722,80,923,2013
3723,282,923,2013
3724,415,923,2013
3725,460,923,2013
3726,543,923,2013
3727,562,923,2013
3728,80,924,2013
3729,282,924,2013
3730,415,924,2013
3731,460,924,2013
3732,562,924,2013
3733,80,921,2013
3734,282,921,2013
3735,348,921,2013
3736,415,921,2013
3737,543,921,2013
3738,415,551,2013
3739,435,551,2013
3740,460,551,2013
3741,543,551,2013
3742,562,551,2013
3743,80,922,2013
3744,282,922,2013
3745,348,922,2013
3746,435,922,2013
3747,460,922,2013
3748,63,846,2015
3749,103,846,2015
3750,105,846,2015
3751,511,846,2015
3752,581,846,2015
3753,601,846,2015
3754,105,102,2015
3755,366,102,2015
3756,393,102,2015
3757,407,102,2015
3758,441,102,2015
3759,511,102,2015
3760,581,102,2015
3761,601,102,2015
3762,105,104,2015
3763,378,104,2015
3764,439,104,2015
3765,511,104,2015
3766,581,104,2015
3767,601,104,2015
3768,112,125,2015
3769,119,125,2015
3770,366,125,2015
3771,378,125,2015
3772,393,125,2015
3773,407,125,2015
3774,439,125,2015
3775,441,125,2015
3776,509,125,2015
3777,511,125,2015
3778,537,125,2015
3779,581,125,2015
3780,601,125,2015
3781,366,468,2015
3782,393,468,2015
3783,407,468,2015
3784,441,468,2015
3785,511,468,2015
3786,581,468,2015
3787,601,468,2015
3788,63,850,2015
3789,103,850,2015
3790,227,850,2015
3791,393,850,2015
3792,407,850,2015
3793,441,850,2015
3794,112,127,2015
3795,119,127,2015
3796,378,127,2015
3797,393,127,2015
3798,407,127,2015
3799,441,127,2015
3800,103,89,2015
3801,123,89,2015
3802,300,89,2015
3803,366,89,2015
3804,511,89,2015
3805,581,89,2015
3806,601,89,2015
3807,103,94,2015
3808,318,94,2015
3809,378,94,2015
3810,511,94,2015
3811,581,94,2015
3812,601,94,2015
3813,112,131,2015
3814,366,131,2015
3815,378,131,2015
3816,511,131,2015
3817,581,131,2015
3818,601,131,2015
3819,227,387,2015
3820,393,387,2015
3821,407,387,2015
3822,441,387,2015
3823,511,387,2015
3824,533,387,2015
3825,601,387,2015
3826,256,411,2015
3827,344,411,2015
3828,439,411,2015
3829,511,411,2015
3830,601,411,2015
3831,112,132,2015
3832,393,132,2015
3833,407,132,2015
3834,439,132,2015
3835,441,132,2015
3836,511,132,2015
3837,601,132,2015
3838,393,535,2015
3839,407,535,2015
3840,441,535,2015
3841,511,535,2015
3842,601,535,2015
3843,112,129,2015
3844,227,129,2015
3845,231,129,2015
3846,393,129,2015
3847,407,129,2015
3848,441,129,2015
3849,582,129,2015
3850,63,843,2015
3851,103,843,2015
3852,105,843,2015
3853,152,843,2015
3854,300,843,2015
3855,581,843,2015
3856,601,843,2015
3857,63,844,2015
3858,103,844,2015
3859,105,844,2015
3860,233,844,2015
3861,256,844,2015
3862,581,844,2015
3863,601,844,2015
3864,63,847,2015
3865,103,847,2015
3866,105,847,2015
3867,581,847,2015
3868,601,847,2015
3869,103,93,2015
3870,300,93,2015
3871,497,93,2015
3872,581,93,2015
3873,601,93,2015
3874,103,84,2015
3875,105,84,2015
3876,393,84,2015
3877,511,84,2015
3878,581,84,2015
3879,601,84,2015
3880,103,82,2015
3881,105,82,2015
3882,177,82,2015
3883,378,82,2015
3884,511,82,2015
3885,581,82,2015
3886,601,82,2015
3887,103,85,2015
3888,105,85,2015
3889,511,85,2015
3890,581,85,2015
3891,601,85,2015
3892,105,103,2015
3893,378,103,2015
3894,393,103,2015
3895,511,103,2015
3896,537,103,2015
3897,581,103,2015
3898,601,103,2015
3899,105,106,2015
3900,393,106,2015
3901,511,106,2015
3902,581,106,2015
3903,601,106,2015
3904,105,105,2015
3905,378,105,2015
3906,511,105,2015
3907,581,105,2015
3908,601,105,2015
3909,378,477,2015
3910,393,477,2015
3911,511,477,2015
3912,537,477,2015
3913,581,477,2015
3914,601,477,2015
3915,103,90,2015
3916,177,90,2015
3917,189,90,2015
3918,378,90,2015
3919,393,90,2015
3920,582,90,2015
3921,103,96,2015
3922,378,96,2015
3923,511,96,2015
3924,581,96,2015
3925,582,96,2015
3926,601,96,2015
3927,103,97,2015
3928,378,97,2015
3929,511,97,2015
3930,581,97,2015
3931,601,97,2015
3932,103,86,2015
3933,105,86,2015
3934,581,86,2015
3935,598,86,2015
3936,601,86,2015
3937,63,854,2015
3938,76,854,2015
3939,103,854,2015
3940,105,854,2015
3941,152,854,2015
3942,227,854,2015
3943,298,854,2015
3944,317,854,2015
3945,441,854,2015
3946,63,849,2015
3947,103,849,2015
3948,177,849,2015
3949,227,849,2015
3950,441,849,2015
3951,227,385,2015
3952,317,385,2015
3953,511,385,2015
3954,533,385,2015
3955,581,385,2015
3956,177,260,2015
3957,344,260,2015
3958,439,260,2015
3959,511,260,2015
3960,581,260,2015
3961,227,386,2015
3962,344,386,2015
3963,439,386,2015
3964,511,386,2015
3965,533,386,2015
3966,103,81,2015
3967,105,81,2015
3968,177,81,2015
3969,233,81,2015
3970,256,81,2015
3971,378,81,2015
3972,103,91,2015
3973,177,91,2015
3974,227,91,2015
3975,378,91,2015
3976,441,91,2015
3977,103,78,2015
3978,105,78,2015
3979,152,78,2015
3980,233,78,2015
3981,256,78,2015
3982,103,74,2015
3983,105,74,2015
3984,152,74,2015
3985,177,74,2015
3986,227,74,2015
3987,241,74,2015
3988,317,74,2015
3989,441,74,2015
3990,103,77,2015
3991,105,77,2015
3992,152,77,2015
3993,227,77,2015
3994,317,77,2015
3995,441,77,2015
3996,76,906,2015
3997,103,906,2015
3998,105,906,2015
3999,152,906,2015
4000,227,906,2015
4001,298,906,2015
4002,317,906,2015
4003,601,906,2015
4004,76,904,2015
4005,103,904,2015
4006,105,904,2015
4007,152,904,2015
4008,177,904,2015
4009,227,904,2015
4010,241,904,2015
4011,298,904,2015
4012,317,904,2015
4013,76,905,2015
4014,103,905,2015
4015,105,905,2015
4016,152,905,2015
4017,227,905,2015
4018,298,905,2015
4019,317,905,2015
4020,103,73,2015
4021,105,73,2015
4022,152,73,2015
4023,177,73,2015
4024,227,73,2015
4025,241,73,2015
4026,317,73,2015
4027,103,76,2015
4028,105,76,2015
4029,152,76,2015
4030,227,76,2015
4031,317,76,2015
4032,152,177,2015
4033,300,177,2015
4034,511,177,2015
4035,581,177,2015
4036,601,177,2015
4037,177,259,2015
4038,323,259,2015
4039,378,259,2015
4040,439,259,2015
4041,511,259,2015
4042,581,259,2015
4043,601,259,2015
4044,378,479,2015
4045,439,479,2015
4046,511,479,2015
4047,581,479,2015
4048,601,479,2015
4049,300,449,2015
4050,378,449,2015
4051,511,449,2015
4052,581,449,2015
4053,601,449,2015
4054,177,257,2015
4055,189,257,2015
4056,378,257,2015
4057,511,257,2015
4058,581,257,2015
4059,601,257,2015
4060,177,261,2015
4061,378,261,2015
4062,511,261,2015
4063,581,261,2015
4064,601,261,2015
4065,112,128,2015
4066,119,128,2015
4067,378,128,2015
4068,393,128,2015
4069,407,128,2015
4070,509,128,2015
4071,537,128,2015
4072,581,128,2015
4073,601,128,2015
4074,112,126,2015
4075,119,126,2015
4076,378,126,2015
4077,393,126,2015
4078,407,126,2015
4079,378,478,2015
4080,393,478,2015
4081,537,478,2015
4082,581,478,2015
4083,601,478,2015
4084,105,98,2015
4085,123,98,2015
4086,152,98,2015
4087,227,98,2015
4088,317,98,2015
4089,441,98,2015
4090,105,100,2015
4091,152,100,2015
4092,177,100,2015
4093,227,100,2015
4094,317,100,2015
4095,441,100,2015
4096,105,101,2015
4097,152,101,2015
4098,227,101,2015
4099,317,101,2015
4100,441,101,2015
4101,105,99,2015
4102,152,99,2015
4103,177,99,2015
4104,227,99,2015
4105,317,99,2015
4106,103,79,2015
4107,105,79,2015
4108,152,79,2015
4109,241,79,2015
4110,378,79,2015
4111,103,75,2015
4112,105,75,2015
4113,152,75,2015
4114,193,75,2015
4115,241,75,2015
4116,63,853,2015
4117,298,853,2015
4118,393,853,2015
4119,441,853,2015
4120,511,853,2015
4121,112,130,2015
4122,256,130,2015
4123,393,130,2015
4124,439,130,2015
4125,441,130,2015
4126,511,130,2015
4127,112,133,2015
4128,393,133,2015
4129,439,133,2015
4130,441,133,2015
4131,511,133,2015
4132,103,87,2015
4133,123,87,2015
4134,152,87,2015
4135,317,87,2015
4136,393,87,2015
4137,143,165,2015
4138,344,165,2015
4139,466,165,2015
4140,511,165,2015
4141,533,165,2015
4142,63,851,2015
4143,103,851,2015
4144,393,851,2015
4145,441,851,2015
4146,511,851,2015
4147,119,138,2015
4148,378,138,2015
4149,393,138,2015
4150,441,138,2015
4151,511,138,2015
4152,63,848,2015
4153,103,848,2015
4154,119,848,2015
4155,378,848,2015
4156,393,848,2015
4157,441,848,2015
4158,582,848,2015
4159,103,95,2015
4160,378,95,2015
4161,393,95,2015
4162,511,95,2015
4163,582,95,2015
4164,63,852,2015
4165,105,852,2015
4166,152,852,2015
4167,317,852,2015
4168,601,852,2015
4169,76,907,2015
4170,103,907,2015
4171,105,907,2015
4172,317,907,2015
4173,366,907,2015
4174,393,907,2015
4175,441,907,2015
4176,76,908,2015
4177,103,908,2015
4178,105,908,2015
4179,317,908,2015
4180,441,908,2015
4181,76,909,2015
4182,103,909,2015
4183,123,909,2015
4184,393,909,2015
4185,581,909,2015
4186,601,909,2015
4187,103,88,2015
4188,123,88,2015
4189,249,88,2015
4190,581,88,2015
4191,601,88,2015
4192,103,92,2015
4193,241,92,2015
4194,256,92,2015
4195,317,92,2015
4196,441,92,2015
4197,103,80,2015
4198,105,80,2015
4199,152,80,2015
4200,285,80,2015
4201,497,80,2015
4202,63,845,2015
4203,103,845,2015
4204,105,845,2015
4205,326,845,2015
4206,581,845,2015
4207,63,842,2015
4208,103,842,2015
4209,105,842,2015
4210,152,842,2015
4211,300,842,2015
4212,103,83,2015
4213,105,83,2015
4214,177,83,2015
4215,393,83,2015
4216,537,83,2015
4217,177,258,2015
4218,308,258,2015
4219,426,258,2015
4220,466,258,2015
4221,598,258,2015
4222,18,323,2016
4223,52,323,2016
4224,122,323,2016
4225,251,323,2016
4226,305,323,2016
4227,319,323,2016
4228,408,323,2016
4229,495,323,2016
4230,557,323,2016
4231,18,318,2016
4232,52,318,2016
4233,122,318,2016
4234,125,318,2016
4235,251,318,2016
4236,305,318,2016
4237,445,318,2016
4238,495,318,2016
4239,549,318,2016
4240,560,318,2016
4241,610,318,2016
4242,18,321,2016
4243,52,321,2016
4244,122,321,2016
4245,247,321,2016
4246,251,321,2016
4247,305,321,2016
4248,418,321,2016
4249,495,321,2016
4250,18,324,2016
4251,52,324,2016
4252,122,324,2016
4253,251,324,2016
4254,305,324,2016
4255,495,324,2016
4256,52,632,2016
4257,196,632,2016
4258,305,632,2016
4259,319,632,2016
4260,408,632,2016
4261,495,632,2016
4262,560,632,2016
4263,52,634,2016
4264,305,634,2016
4265,319,634,2016
4266,408,634,2016
4267,495,634,2016
4268,18,325,2016
4269,52,325,2016
4270,122,325,2016
4271,305,325,2016
4272,319,325,2016
4273,445,325,2016
4274,495,325,2016
4275,549,325,2016
4276,18,326,2016
4277,52,326,2016
4278,122,326,2016
4279,305,326,2016
4280,319,326,2016
4281,495,326,2016
4282,18,327,2016
4283,52,327,2016
4284,122,327,2016
4285,305,327,2016
4286,445,327,2016
4287,495,327,2016
4288,549,327,2016
4289,18,328,2016
4290,52,328,2016
4291,122,328,2016
4292,305,328,2016
4293,495,328,2016
4294,18,306,2016
4295,24,306,2016
4296,52,306,2016
4297,122,306,2016
4298,247,306,2016
4299,251,306,2016
4300,305,306,2016
4301,18,316,2016
4302,52,316,2016
4303,122,316,2016
4304,125,316,2016
4305,247,316,2016
4306,251,316,2016
4307,305,316,2016
4308,18,317,2016
4309,52,317,2016
4310,122,317,2016
4311,125,317,2016
4312,251,317,2016
4313,305,317,2016
4314,18,320,2016
4315,52,320,2016
4316,122,320,2016
4317,247,320,2016
4318,251,320,2016
4319,305,320,2016
4320,18,322,2016
4321,52,322,2016
4322,122,322,2016
4323,251,322,2016
4324,305,322,2016
4325,18,269,2016
4326,122,269,2016
4327,125,269,2016
4328,305,269,2016
4329,495,269,2016
4330,560,269,2016
4331,610,269,2016
4332,18,314,2016
4333,52,314,2016
4334,106,314,2016
4335,305,314,2016
4336,408,314,2016
4337,445,314,2016
4338,610,314,2016
4339,18,341,2016
4340,52,341,2016
4341,305,341,2016
4342,408,341,2016
4343,418,341,2016
4344,18,342,2016
4345,52,342,2016
4346,305,342,2016
4347,418,342,2016
4348,445,342,2016
4349,610,342,2016
4350,18,344,2016
4351,52,344,2016
4352,305,344,2016
4353,445,344,2016
4354,610,344,2016
4355,18,343,2016
4356,52,343,2016
4357,305,343,2016
4358,445,343,2016
4359,534,343,2016
4360,18,274,2016
4361,122,274,2016
4362,247,274,2016
4363,305,274,2016
4364,424,274,2016
4365,495,274,2016
4366,549,274,2016
4367,610,274,2016
4368,18,290,2016
4369,122,290,2016
4370,305,290,2016
4371,495,290,2016
4372,549,290,2016
4373,610,290,2016
4374,18,275,2016
4375,122,275,2016
4376,247,275,2016
4377,305,275,2016
4378,495,275,2016
4379,18,283,2016
4380,122,283,2016
4381,305,283,2016
4382,339,283,2016
4383,495,283,2016
4384,549,283,2016
4385,18,289,2016
4386,122,289,2016
4387,305,289,2016
4388,495,289,2016
4389,549,289,2016
4390,18,284,2016
4391,122,284,2016
4392,305,284,2016
4393,339,284,2016
4394,495,284,2016
4395,610,284,2016
4396,18,291,2016
4397,122,291,2016
4398,305,291,2016
4399,495,291,2016
4400,610,291,2016
4401,18,332,2016
4402,52,332,2016
4403,122,332,2016
4404,424,332,2016
4405,445,332,2016
4406,495,332,2016
4407,610,332,2016
4408,18,334,2016
4409,52,334,2016
4410,122,334,2016
4411,445,334,2016
4412,495,334,2016
4413,610,334,2016
4414,18,331,2016
4415,52,331,2016
4416,122,331,2016
4417,339,331,2016
4418,445,331,2016
4419,495,331,2016
4420,18,333,2016
4421,52,333,2016
4422,122,333,2016
4423,445,333,2016
4424,495,333,2016
4425,18,347,2016
4426,73,347,2016
4427,122,347,2016
4428,339,347,2016
4429,495,347,2016
4430,610,347,2016
4431,18,294,2016
4432,122,294,2016
4433,339,294,2016
4434,424,294,2016
4435,495,294,2016
4436,610,294,2016
4437,18,300,2016
4438,122,300,2016
4439,424,300,2016
4440,495,300,2016
4441,610,300,2016
4442,18,336,2016
4443,52,336,2016
4444,210,336,2016
4445,305,336,2016
4446,495,336,2016
4447,18,339,2016
4448,52,339,2016
4449,247,339,2016
4450,305,339,2016
4451,495,339,2016
4452,525,339,2016
4453,18,338,2016
4454,52,338,2016
4455,247,338,2016
4456,305,338,2016
4457,495,338,2016
4458,18,345,2016
4459,52,345,2016
4460,305,345,2016
4461,495,345,2016
4462,534,345,2016
4463,18,340,2016
4464,52,340,2016
4465,247,340,2016
4466,305,340,2016
4467,534,340,2016
4468,52,636,2016
4469,73,636,2016
4470,291,636,2016
4471,305,636,2016
4472,495,636,2016
4473,122,139,2016
4474,125,139,2016
4475,251,139,2016
4476,305,139,2016
4477,418,139,2016
4478,424,139,2016
4479,610,139,2016
4480,122,140,2016
4481,125,140,2016
4482,251,140,2016
4483,305,140,2016
4484,610,140,2016
4485,122,141,2016
4486,125,141,2016
4487,305,141,2016
4488,319,141,2016
4489,495,141,2016
4490,610,141,2016
4491,122,149,2016
4492,305,149,2016
4493,319,149,2016
4494,339,149,2016
4495,495,149,2016
4496,122,142,2016
4497,125,142,2016
4498,305,142,2016
4499,339,142,2016
4500,495,142,2016
4501,610,142,2016
4502,122,150,2016
4503,305,150,2016
4504,339,150,2016
4505,495,150,2016
4506,610,150,2016
4507,18,348,2016
4508,73,348,2016
4509,125,348,2016
4510,305,348,2016
4511,339,348,2016
4512,52,637,2016
4513,73,637,2016
4514,305,637,2016
4515,495,637,2016
4516,525,637,2016
4517,534,637,2016
4518,52,635,2016
4519,73,635,2016
4520,125,635,2016
4521,305,635,2016
4522,495,635,2016
4523,534,635,2016
4524,52,638,2016
4525,73,638,2016
4526,305,638,2016
4527,495,638,2016
4528,534,638,2016
4529,52,624,2016
4530,106,624,2016
4531,122,624,2016
4532,125,624,2016
4533,305,624,2016
4534,495,624,2016
4535,610,624,2016
4536,52,626,2016
4537,122,626,2016
4538,125,626,2016
4539,305,626,2016
4540,495,626,2016
4541,610,626,2016
4542,52,630,2016
4543,125,630,2016
4544,291,630,2016
4545,305,630,2016
4546,495,630,2016
4547,122,144,2016
4548,125,144,2016
4549,305,144,2016
4550,495,144,2016
4551,610,144,2016
4552,18,280,2016
4553,122,280,2016
4554,251,280,2016
4555,424,280,2016
4556,445,280,2016
4557,610,280,2016
4558,18,281,2016
4559,122,281,2016
4560,251,281,2016
4561,445,281,2016
4562,610,281,2016
4563,18,293,2016
4564,122,293,2016
4565,339,293,2016
4566,424,293,2016
4567,445,293,2016
4568,610,293,2016
4569,18,299,2016
4570,122,299,2016
4571,424,299,2016
4572,445,299,2016
4573,610,299,2016
4574,18,295,2016
4575,122,295,2016
4576,339,295,2016
4577,424,295,2016
4578,610,295,2016
4579,18,272,2016
4580,122,272,2016
4581,247,272,2016
4582,305,272,2016
4583,418,272,2016
4584,525,272,2016
4585,18,271,2016
4586,122,271,2016
4587,247,271,2016
4588,305,271,2016
4589,418,271,2016
4590,424,271,2016
4591,18,270,2016
4592,122,270,2016
4593,247,270,2016
4594,305,270,2016
4595,418,270,2016
4596,18,273,2016
4597,122,273,2016
4598,247,273,2016
4599,305,273,2016
4600,424,273,2016
4601,18,278,2016
4602,122,278,2016
4603,251,278,2016
4604,305,278,2016
4605,610,278,2016
4606,18,305,2016
4607,24,305,2016
4608,122,305,2016
4609,251,305,2016
4610,305,305,2016
4611,18,286,2016
4612,122,286,2016
4613,305,286,2016
4614,418,286,2016
4615,445,286,2016
4616,560,286,2016
4617,610,286,2016
4618,18,288,2016
4619,122,288,2016
4620,305,288,2016
4621,445,288,2016
4622,560,288,2016
4623,610,288,2016
4624,18,292,2016
4625,122,292,2016
4626,305,292,2016
4627,560,292,2016
4628,610,292,2016
4629,73,900,2016
4630,125,900,2016
4631,305,900,2016
4632,339,900,2016
4633,495,900,2016
4634,73,899,2016
4635,125,899,2016
4636,249,899,2016
4637,305,899,2016
4638,495,899,2016
4639,210,373,2016
4640,247,373,2016
4641,305,373,2016
4642,525,373,2016
4643,534,373,2016
4644,18,319,2016
4645,52,319,2016
4646,122,319,2016
4647,210,319,2016
4648,305,319,2016
4649,610,319,2016
4650,18,330,2016
4651,52,330,2016
4652,122,330,2016
4653,305,330,2016
4654,610,330,2016
4655,18,329,2016
4656,52,329,2016
4657,122,329,2016
4658,305,329,2016
4659,534,329,2016
4660,18,346,2016
4661,52,346,2016
4662,305,346,2016
4663,534,346,2016
4664,610,346,2016
4665,18,337,2016
4666,52,337,2016
4667,210,337,2016
4668,305,337,2016
4669,534,337,2016
4670,73,901,2016
4671,247,901,2016
4672,495,901,2016
4673,525,901,2016
4674,534,901,2016
4675,122,148,2016
4676,247,148,2016
4677,525,148,2016
4678,534,148,2016
4679,610,148,2016
4680,18,304,2016
4681,196,304,2016
4682,305,304,2016
4683,408,304,2016
4684,495,304,2016
4685,18,312,2016
4686,305,312,2016
4687,339,312,2016
4688,495,312,2016
4689,534,312,2016
4690,41,550,2016
4691,73,550,2016
4692,125,550,2016
4693,305,550,2016
4694,339,550,2016
4695,418,550,2016
4696,73,898,2016
4697,125,898,2016
4698,247,898,2016
4699,305,898,2016
4700,339,898,2016
4701,18,267,2016
4702,106,267,2016
4703,305,267,2016
4704,408,267,2016
4705,418,267,2016
4706,445,267,2016
4707,610,267,2016
4708,18,268,2016
4709,106,268,2016
4710,305,268,2016
4711,408,268,2016
4712,445,268,2016
4713,610,268,2016
4714,18,313,2016
4715,305,313,2016
4716,418,313,2016
4717,445,313,2016
4718,610,313,2016
4719,52,629,2016
4720,122,629,2016
4721,305,629,2016
4722,495,629,2016
4723,534,629,2016
4724,52,627,2016
4725,122,627,2016
4726,125,627,2016
4727,305,627,2016
4728,534,627,2016
4729,41,549,2016
4730,52,549,2016
4731,125,549,2016
4732,305,549,2016
4733,495,549,2016
4734,534,549,2016
4735,52,631,2016
4736,125,631,2016
4737,305,631,2016
4738,495,631,2016
4739,534,631,2016
4740,52,625,2016
4741,122,625,2016
4742,125,625,2016
4743,305,625,2016
4744,495,625,2016
4745,122,146,2016
4746,210,146,2016
4747,305,146,2016
4748,445,146,2016
4749,610,146,2016
4750,122,147,2016
4751,210,147,2016
4752,305,147,2016
4753,534,147,2016
4754,610,147,2016
4755,18,309,2016
4756,251,309,2016
4757,319,309,2016
4758,549,309,2016
4759,560,309,2016
4760,610,309,2016
4761,18,310,2016
4762,251,310,2016
4763,549,310,2016
4764,560,310,2016
4765,610,310,2016
4766,18,308,2016
4767,251,308,2016
4768,305,308,2016
4769,319,308,2016
4770,418,308,2016
4771,18,279,2016
4772,122,279,2016
4773,251,279,2016
4774,339,279,2016
4775,610,279,2016
4776,18,298,2016
4777,122,298,2016
4778,418,298,2016
4779,445,298,2016
4780,610,298,2016
4781,18,301,2016
4782,125,301,2016
4783,305,301,2016
4784,319,301,2016
4785,610,301,2016
4786,18,302,2016
4787,125,302,2016
4788,305,302,2016
4789,339,302,2016
4790,610,302,2016
4791,125,151,2016
4792,305,151,2016
4793,319,151,2016
4794,339,151,2016
4795,610,151,2016
4796,122,143,2016
4797,125,143,2016
4798,305,143,2016
4799,418,143,2016
4800,610,143,2016
4801,18,276,2016
4802,122,276,2016
4803,247,276,2016
4804,339,276,2016
4805,495,276,2016
4806,610,276,2016
4807,18,277,2016
4808,122,277,2016
4809,247,277,2016
4810,495,277,2016
4811,610,277,2016
4812,18,296,2016
4813,122,296,2016
4814,339,296,2016
4815,495,296,2016
4816,610,296,2016
4817,18,315,2016
4818,52,315,2016
4819,106,315,2016
4820,408,315,2016
4821,534,315,2016
4822,73,895,2016
4823,122,895,2016
4824,125,895,2016
4825,339,895,2016
4826,495,895,2016
4827,610,895,2016
4828,73,897,2016
4829,122,897,2016
4830,339,897,2016
4831,495,897,2016
4832,610,897,2016
4833,52,628,2016
4834,122,628,2016
4835,210,628,2016
4836,495,628,2016
4837,610,628,2016
4838,18,335,2016
4839,52,335,2016
4840,196,335,2016
4841,210,335,2016
4842,495,335,2016
4843,18,303,2016
4844,125,303,2016
4845,319,303,2016
4846,445,303,2016
4847,610,303,2016
4848,18,297,2016
4849,122,297,2016
4850,418,297,2016
4851,445,297,2016
4852,525,297,2016
4853,18,285,2016
4854,122,285,2016
4855,305,285,2016
4856,339,285,2016
4857,610,285,2016
4858,18,287,2016
4859,122,287,2016
4860,305,287,2016
4861,418,287,2016
4862,495,287,2016
4863,52,633,2016
4864,247,633,2016
4865,251,633,2016
4866,418,633,2016
4867,495,633,2016
4868,18,311,2016
4869,305,311,2016
4870,339,311,2016
4871,445,311,2016
4872,534,311,2016
4873,18,307,2016
4874,247,307,2016
4875,339,307,2016
4876,424,307,2016
4877,549,307,2016
4878,106,107,2016
4879,305,107,2016
4880,408,107,2016
4881,418,107,2016
4882,610,107,2016
4883,122,145,2016
4884,125,145,2016
4885,339,145,2016
4886,495,145,2016
4887,610,145,2016
4888,18,282,2016
4889,122,282,2016
4890,305,282,2016
4891,339,282,2016
4892,495,282,2016
4893,73,896,2016
4894,122,896,2016
4895,305,896,2016
4896,339,896,2016
4897,495,896,2016
4898,15,176,2017
4899,67,176,2017
4900,352,176,2017
4901,365,176,2017
4902,400,176,2017
4903,443,176,2017
4904,461,176,2017
4905,515,176,2017
4906,523,176,2017
4907,67,857,2017
4908,212,857,2017
4909,328,857,2017
4910,352,857,2017
4911,400,857,2017
4912,413,857,2017
4913,515,857,2017
4914,523,857,2017
4915,67,866,2017
4916,352,866,2017
4917,400,866,2017
4918,515,866,2017
4919,523,866,2017
4920,551,866,2017
4921,67,865,2017
4922,352,865,2017
4923,400,865,2017
4924,515,865,2017
4925,523,865,2017
4926,67,858,2017
4927,279,858,2017
4928,328,858,2017
4929,352,858,2017
4930,400,858,2017
4931,413,858,2017
4932,433,858,2017
4933,561,858,2017
4934,67,861,2017
4935,328,861,2017
4936,352,861,2017
4937,400,861,2017
4938,413,861,2017
4939,599,861,2017
4940,67,860,2017
4941,328,860,2017
4942,352,860,2017
4943,400,860,2017
4944,413,860,2017
4945,15,168,2017
4946,30,168,2017
4947,279,168,2017
4948,328,168,2017
4949,400,168,2017
4950,515,168,2017
4951,561,168,2017
4952,279,415,2017
4953,328,415,2017
4954,380,415,2017
4955,400,415,2017
4956,561,415,2017
4957,599,415,2017
4958,30,448,2017
4959,67,448,2017
4960,279,448,2017
4961,352,448,2017
4962,400,448,2017
4963,550,448,2017
4964,67,862,2017
4965,352,862,2017
4966,380,862,2017
4967,400,862,2017
4968,548,862,2017
4969,67,859,2017
4970,279,859,2017
4971,352,859,2017
4972,380,859,2017
4973,400,859,2017
4974,30,443,2017
4975,400,443,2017
4976,515,443,2017
4977,523,443,2017
4978,561,443,2017
4979,380,490,2017
4980,400,490,2017
4981,515,490,2017
4982,523,490,2017
4983,548,490,2017
4984,65,855,2017
4985,141,855,2017
4986,400,855,2017
4987,515,855,2017
4988,523,855,2017
4989,30,442,2017
4990,380,442,2017
4991,400,442,2017
4992,515,442,2017
4993,561,442,2017
4994,30,427,2017
4995,141,427,2017
4996,380,427,2017
4997,515,427,2017
4998,561,427,2017
4999,610,427,2017
5000,15,173,2017
5001,328,173,2017
5002,352,173,2017
5003,413,173,2017
5004,515,173,2017
5005,523,173,2017
5006,328,453,2017
5007,352,453,2017
5008,413,453,2017
5009,515,453,2017
5010,523,453,2017
5011,15,171,2017
5012,30,171,2017
5013,279,171,2017
5014,380,171,2017
5015,400,171,2017
5016,475,171,2017
5017,561,171,2017
5018,599,171,2017
5019,279,417,2017
5020,380,417,2017
5021,400,417,2017
5022,561,417,2017
5023,599,417,2017
5024,30,426,2017
5025,141,426,2017
5026,380,426,2017
5027,400,426,2017
5028,561,426,2017
5029,30,428,2017
5030,141,428,2017
5031,380,428,2017
5032,561,428,2017
5033,601,428,2017
5034,30,438,2017
5035,352,438,2017
5036,400,438,2017
5037,515,438,2017
5038,550,438,2017
5039,154,178,2017
5040,352,178,2017
5041,380,178,2017
5042,400,178,2017
5043,515,178,2017
5044,30,445,2017
5045,49,445,2017
5046,352,445,2017
5047,380,445,2017
5048,400,445,2017
5049,550,445,2017
5050,30,447,2017
5051,65,447,2017
5052,380,447,2017
5053,400,447,2017
5054,515,447,2017
5055,30,444,2017
5056,49,444,2017
5057,279,444,2017
5058,352,444,2017
5059,550,444,2017
5060,30,446,2017
5061,49,446,2017
5062,65,446,2017
5063,154,446,2017
5064,352,446,2017
5065,550,446,2017
5066,15,167,2017
5067,30,167,2017
5068,279,167,2017
5069,328,167,2017
5070,380,167,2017
5071,400,167,2017
5072,475,167,2017
5073,561,167,2017
5074,15,169,2017
5075,30,169,2017
5076,279,169,2017
5077,328,169,2017
5078,400,169,2017
5079,561,169,2017
5080,279,414,2017
5081,328,414,2017
5082,380,414,2017
5083,400,414,2017
5084,561,414,2017
5085,15,170,2017
5086,30,170,2017
5087,279,170,2017
5088,380,170,2017
5089,400,170,2017
5090,475,170,2017
5091,561,170,2017
5092,15,172,2017
5093,30,172,2017
5094,279,172,2017
5095,400,172,2017
5096,561,172,2017
5097,30,432,2017
5098,279,432,2017
5099,380,432,2017
5100,400,432,2017
5101,475,432,2017
5102,67,868,2017
5103,352,868,2017
5104,413,868,2017
5105,515,868,2017
5106,561,868,2017
5107,67,864,2017
5108,352,864,2017
5109,380,864,2017
5110,515,864,2017
5111,551,864,2017
5112,67,867,2017
5113,352,867,2017
5114,413,867,2017
5115,515,867,2017
5116,551,867,2017
5117,67,863,2017
5118,352,863,2017
5119,380,863,2017
5120,413,863,2017
5121,561,863,2017
5122,352,464,2017
5123,380,464,2017
5124,515,464,2017
5125,551,464,2017
5126,561,464,2017
5127,30,431,2017
5128,279,431,2017
5129,352,431,2017
5130,443,431,2017
5131,523,431,2017
5132,561,431,2017
5133,30,430,2017
5134,279,430,2017
5135,352,430,2017
5136,380,430,2017
5137,475,430,2017
5138,47,621,2017
5139,352,621,2017
5140,380,621,2017
5141,400,621,2017
5142,551,621,2017
5143,328,452,2017
5144,352,452,2017
5145,380,452,2017
5146,400,452,2017
5147,561,452,2017
5148,15,175,2017
5149,47,175,2017
5150,352,175,2017
5151,515,175,2017
5152,523,175,2017
5153,65,856,2017
5154,352,856,2017
5155,413,856,2017
5156,515,856,2017
5157,523,856,2017
5158,15,174,2017
5159,352,174,2017
5160,413,174,2017
5161,515,174,2017
5162,523,174,2017
5163,30,439,2017
5164,352,439,2017
5165,413,439,2017
5166,523,439,2017
5167,561,439,2017
5168,30,436,2017
5169,352,436,2017
5170,380,436,2017
5171,443,436,2017
5172,475,436,2017
5173,523,436,2017
5174,561,436,2017
5175,30,440,2017
5176,352,440,2017
5177,443,440,2017
5178,523,440,2017
5179,561,440,2017
5180,30,437,2017
5181,352,437,2017
5182,380,437,2017
5183,475,437,2017
5184,523,437,2017
5185,561,437,2017
5186,30,425,2017
5187,141,425,2017
5188,154,425,2017
5189,380,425,2017
5190,550,425,2017
5191,352,465,2017
5192,400,465,2017
5193,433,465,2017
5194,515,465,2017
5195,561,465,2017
5196,67,869,2017
5197,380,869,2017
5198,400,869,2017
5199,523,869,2017
5200,551,869,2017
5201,67,870,2017
5202,400,870,2017
5203,523,870,2017
5204,551,870,2017
5205,599,870,2017
5206,279,416,2017
5207,352,416,2017
5208,380,416,2017
5209,400,416,2017
5210,599,416,2017
5211,30,435,2017
5212,328,435,2017
5213,380,435,2017
5214,400,435,2017
5215,475,435,2017
5216,561,435,2017
5217,30,441,2017
5218,380,441,2017
5219,400,441,2017
5220,475,441,2017
5221,561,441,2017
5222,15,166,2017
5223,279,166,2017
5224,380,166,2017
5225,561,166,2017
5226,599,166,2017
5227,30,433,2017
5228,279,433,2017
5229,380,433,2017
5230,475,433,2017
5231,561,433,2017
5232,141,160,2017
5233,352,160,2017
5234,380,160,2017
5235,561,160,2017
5236,610,160,2017
5237,30,434,2017
5238,279,434,2017
5239,433,434,2017
5240,515,434,2017
5241,523,434,2017
5242,30,429,2017
5243,154,429,2017
5244,380,429,2017
5245,475,429,2017
5246,550,429,2017
5247,141,159,2017
5248,279,159,2017
5249,352,159,2017
5250,414,159,2017
5251,550,159,2017
5252,159,179,2017
5253,252,179,2017
5254,328,179,2017
5255,380,179,2017
5256,471,179,2017
5257,209,369,2018
5258,258,369,2018
5259,296,369,2018
5260,362,369,2018
5261,382,369,2018
5262,417,369,2018
5263,586,369,2018
5264,111,123,2018
5265,209,123,2018
5266,296,123,2018
5267,362,123,2018
5268,382,123,2018
5269,519,123,2018
5270,62,826,2018
5271,209,826,2018
5272,233,826,2018
5273,296,826,2018
5274,362,826,2018
5275,382,826,2018
5276,25,394,2018
5277,62,394,2018
5278,209,394,2018
5279,296,394,2018
5280,382,394,2018
5281,417,394,2018
5282,111,121,2018
5283,209,121,2018
5284,258,121,2018
5285,296,121,2018
5286,338,121,2018
5287,362,121,2018
5288,382,121,2018
5289,417,121,2018
5290,62,827,2018
5291,209,827,2018
5292,258,827,2018
5293,296,827,2018
5294,362,827,2018
5295,382,827,2018
5296,417,827,2018
5297,209,368,2018
5298,258,368,2018
5299,296,368,2018
5300,362,368,2018
5301,382,368,2018
5302,417,368,2018
5303,62,823,2018
5304,111,823,2018
5305,209,823,2018
5306,296,823,2018
5307,362,823,2018
5308,382,823,2018
5309,111,122,2018
5310,209,122,2018
5311,296,122,2018
5312,362,122,2018
5313,382,122,2018
5314,62,828,2018
5315,209,828,2018
5316,296,828,2018
5317,362,828,2018
5318,382,828,2018
5319,62,825,2018
5320,111,825,2018
5321,209,825,2018
5322,296,825,2018
5323,382,825,2018
5324,417,825,2018
5325,111,124,2018
5326,209,124,2018
5327,296,124,2018
5328,382,124,2018
5329,417,124,2018
5330,62,829,2018
5331,209,829,2018
5332,296,829,2018
5333,382,829,2018
5334,417,829,2018
5335,62,824,2018
5336,111,824,2018
5337,209,824,2018
5338,296,824,2018
5339,382,824,2018
5340,25,397,2018
5341,62,397,2018
5342,77,397,2018
5343,209,397,2018
5344,331,397,2018
5345,362,397,2018
5346,382,397,2018
5347,417,397,2018
5348,586,397,2018
5349,209,371,2018
5350,331,371,2018
5351,362,371,2018
5352,382,371,2018
5353,417,371,2018
5354,586,371,2018
5355,25,398,2018
5356,62,398,2018
5357,77,398,2018
5358,209,398,2018
5359,362,398,2018
5360,382,398,2018
5361,417,398,2018
5362,586,398,2018
5363,209,372,2018
5364,362,372,2018
5365,382,372,2018
5366,417,372,2018
5367,586,372,2018
5368,25,395,2018
5369,62,395,2018
5370,209,395,2018
5371,382,395,2018
5372,417,395,2018
5373,62,832,2018
5374,209,832,2018
5375,362,832,2018
5376,382,832,2018
5377,417,832,2018
5378,25,404,2018
5379,62,404,2018
5380,77,404,2018
5381,362,404,2018
5382,382,404,2018
5383,586,404,2018
5384,296,423,2018
5385,331,423,2018
5386,338,423,2018
5387,362,423,2018
5388,382,423,2018
5389,417,423,2018
5390,62,833,2018
5391,296,833,2018
5392,338,833,2018
5393,362,833,2018
5394,382,833,2018
5395,417,833,2018
5396,296,424,2018
5397,338,424,2018
5398,362,424,2018
5399,382,424,2018
5400,417,424,2018
5401,62,834,2018
5402,296,834,2018
5403,362,834,2018
5404,382,834,2018
5405,417,834,2018
5406,25,400,2018
5407,62,400,2018
5408,77,400,2018
5409,233,400,2018
5410,382,400,2018
5411,586,400,2018
5412,25,401,2018
5413,62,401,2018
5414,77,401,2018
5415,331,401,2018
5416,382,401,2018
5417,586,401,2018
5418,62,841,2018
5419,98,841,2018
5420,209,841,2018
5421,362,841,2018
5422,382,841,2018
5423,62,831,2018
5424,209,831,2018
5425,331,831,2018
5426,362,831,2018
5427,382,831,2018
5428,62,839,2018
5429,77,839,2018
5430,362,839,2018
5431,382,839,2018
5432,586,839,2018
5433,599,839,2018
5434,62,838,2018
5435,77,838,2018
5436,362,838,2018
5437,382,838,2018
5438,514,838,2018
5439,586,838,2018
5440,25,399,2018
5441,62,399,2018
5442,77,399,2018
5443,209,399,2018
5444,382,399,2018
5445,586,399,2018
5446,25,405,2018
5447,62,405,2018
5448,77,405,2018
5449,382,405,2018
5450,514,405,2018
5451,586,405,2018
5452,62,840,2018
5453,77,840,2018
5454,382,840,2018
5455,514,840,2018
5456,586,840,2018
5457,209,370,2018
5458,296,370,2018
5459,417,370,2018
5460,519,370,2018
5461,586,370,2018
5462,62,830,2018
5463,209,830,2018
5464,296,830,2018
5465,417,830,2018
5466,586,830,2018
5467,25,402,2018
5468,62,402,2018
5469,77,402,2018
5470,331,402,2018
5471,417,402,2018
5472,586,402,2018
5473,25,406,2018
5474,62,406,2018
5475,77,406,2018
5476,417,406,2018
5477,586,406,2018
5478,25,403,2018
5479,62,403,2018
5480,77,403,2018
5481,331,403,2018
5482,586,403,2018
5483,25,393,2018
5484,111,393,2018
5485,112,393,2018
5486,209,393,2018
5487,382,393,2018
5488,417,393,2018
5489,459,393,2018
5490,25,407,2018
5491,98,407,2018
5492,184,407,2018
5493,249,407,2018
5494,305,407,2018
5495,586,407,2018
5496,62,835,2018
5497,331,835,2018
5498,338,835,2018
5499,362,835,2018
5500,382,835,2018
5501,417,835,2018
5502,331,457,2018
5503,338,457,2018
5504,362,457,2018
5505,382,457,2018
5506,417,457,2018
5507,62,837,2018
5508,338,837,2018
5509,362,837,2018
5510,382,837,2018
5511,417,837,2018
5512,62,836,2018
5513,331,836,2018
5514,362,836,2018
5515,382,836,2018
5516,417,836,2018
5517,25,396,2018
5518,62,396,2018
5519,258,396,2018
5520,382,396,2018
5521,586,396,2018
